dog_id,hs_condition,days_from_present,months_from_present
10509,405,902,29.68
10509,1113,1480,48.68
74227,426,933,30.68
74227,1622,1207,39.68
32487,201,1055,34.68
32487,205,1055,34.68
32487,305,1998,65.68
32487,313,5285,173.68
32487,428,1998,65.68
32487,1801,1025,33.68
63150,423,1725,56.68
33369,1605,1421,46.68
33369,1634,1511,49.68
33369,1801,1268,41.68
72814,304,994,32.68
72814,998,933,30.68
72448,305,3247,106.68
72448,504,933,30.68
98151,1614,690,22.68
98151,1619,3612,118.68
98151,1622,3612,118.68
98151,1640,3612,118.68
98151,1703,2333,76.68
76173,1801,3337,109.68
41276,304,568,18.68
41276,1304,568,18.68
82000,1804,2972,97.68
7580,1304,1968,64.68
7580,1812,1330,43.68
37013,1312,1725,56.68
37013,1705,1876,61.68
59622,713,1756,57.68
81907,102,721,23.68
81907,1117,3064,100.68
81907,1701,1695,55.68
85097,1198,3033,99.68
85097,108,1055,34.68
85097,304,1695,55.68
85097,305,1695,55.68
85097,1105,1115,36.68
85097,1110,3094,101.68
85097,1112,902,29.68
4851,205,1115,36.68
4851,307,1633,53.68
4851,411,872,28.68
4851,432,994,32.68
4851,898,872,28.68
4851,1622,1238,40.68
40687,1598,2182,71.68
40687,202,1360,44.68
40687,304,1817,59.68
40687,1617,2486,81.68
40687,1816,1146,37.68
97071,101,872,28.68
97071,201,1511,49.68
97071,304,1511,49.68
97071,408,902,29.68
97071,423,841,27.68
97071,705,4160,136.68
97071,708,994,32.68
97071,1205,902,29.68
97071,1216,902,29.68
97071,1615,994,32.68
58481,1630,1725,56.68
60866,304,1756,57.68
60866,1623,3186,104.68
60866,1801,1421,46.68
60866,1898,872,28.68
86996,102,933,30.68
86996,205,994,32.68
86996,305,872,28.68
86996,709,4525,148.68
86996,714,4525,148.68
81878,408,902,29.68
81878,1605,2060,67.68
81878,1817,1360,44.68
73822,304,964,31.68
4991,426,933,30.68
4991,1198,1817,59.68
4991,1812,964,31.68
4991,1817,964,31.68
98084,304,780,25.68
98084,305,780,25.68
98084,406,749,24.68
98084,712,2668,87.68
98084,1312,2668,87.68
13220,412,2760,90.68
13220,708,2699,88.68
13220,713,3186,104.68
13220,1703,964,31.68
13220,1812,3398,111.68
81638,407,902,29.68
81638,1118,1725,56.68
81638,1414,1603,52.68
30845,205,1146,37.68
30845,304,964,31.68
30845,305,964,31.68
30845,1106,1146,37.68
30845,1801,2121,69.68
30845,1817,2121,69.68
50472,306,3156,103.68
50472,407,2060,67.68
50472,504,1330,43.68
50472,1105,2182,71.68
50472,1801,3247,106.68
7426,906,1177,38.68
7426,1704,1177,38.68
7426,1817,1330,43.68
44458,1616,1695,55.68
6380,304,1633,53.68
35215,1816,1115,36.68
55951,712,2668,87.68
55951,1703,1360,44.68
10736,305,2941,96.68
10736,1809,1998,65.68
47203,301,2272,74.68
47203,302,2272,74.68
3854,304,629,20.68
3854,307,629,20.68
3854,409,4798,157.68
3854,410,2607,85.68
3854,908,1845,60.68
3854,915,1511,49.68
3854,916,1511,49.68
3854,1902,4798,157.68
2650,102,1876,61.68
2650,205,1876,61.68
2650,504,1876,61.68
2650,519,1876,61.68
2650,1113,1876,61.68
2650,1634,6139,201.68
2650,1637,6016,197.68
2650,1803,3977,130.68
2650,1804,5012,164.68
2650,1813,1268,41.68
2650,1815,3156,103.68
47405,406,1055,34.68
85746,1110,2576,84.68
85746,1601,2638,86.68
1485,406,3125,102.68
1485,714,3490,114.68
1485,1617,1115,36.68
1485,1637,3582,117.68
58788,698,5743,188.68
58788,304,1025,33.68
58788,305,1025,33.68
58788,307,933,30.68
58788,504,1756,57.68
58788,1898,2729,89.68
93573,203,1146,37.68
93573,304,1603,52.68
93573,305,1603,52.68
93573,306,1603,52.68
93573,410,1146,37.68
93573,411,1146,37.68
93573,424,1086,35.68
93573,426,1452,47.68
93573,1312,994,32.68
101896,104,1480,48.68
101896,109,1025,33.68
101896,112,1480,48.68
101896,198,1480,48.68
101896,205,721,23.68
101896,304,690,22.68
101896,305,690,22.68
101896,307,690,22.68
101896,1113,1055,34.68
101896,1304,933,30.68
84142,202,2060,67.68
84142,1627,1330,43.68
3529,304,4617,151.68
3529,305,4890,160.68
3529,306,4951,162.68
3529,398,4982,163.68
3529,1105,2363,77.68
3529,1112,2363,77.68
3529,1113,1998,65.68
3529,1605,4920,161.68
3529,1622,4951,162.68
3529,1634,4951,162.68
3529,1640,4951,162.68
3529,1801,4890,160.68
3529,1812,4767,156.68
44789,1198,3977,130.68
44789,712,2210,72.68
44789,1117,3977,130.68
68354,1114,1511,49.68
68354,1616,1542,50.68
68354,1622,1542,50.68
83240,202,1845,60.68
79793,498,1572,51.68
79793,713,1146,37.68
79793,1798,2241,73.68
14311,202,4525,148.68
14311,406,4525,148.68
14311,504,1177,38.68
14311,698,1115,36.68
14311,915,1177,38.68
14311,1412,1756,57.68
14311,1617,4586,150.68
14311,1703,1725,56.68
68318,1701,964,31.68
88409,410,1695,55.68
88409,1812,1968,64.68
88409,1816,1968,64.68
72028,498,5073,166.68
72028,608,2060,67.68
72028,610,1511,49.68
72028,916,3916,128.68
72028,1113,2882,94.68
72028,1211,2060,67.68
72028,1617,4374,143.68
72028,1813,4708,154.68
72028,1816,3551,116.68
100120,1006,1845,60.68
100120,1617,2913,95.68
100120,1622,2913,95.68
100120,1801,629,20.68
5286,424,4678,153.68
5286,1105,1511,49.68
5286,1813,3156,103.68
72889,1198,2638,86.68
72889,304,902,29.68
72889,423,2547,83.68
72889,914,2486,81.68
72889,1110,2547,83.68
4275,304,1086,35.68
4275,1704,1268,41.68
4275,1805,1664,54.68
101864,1701,1603,52.68
101864,1815,1998,65.68
84091,202,1086,35.68
84091,304,1480,48.68
84091,412,1391,45.68
84091,708,1146,37.68
32210,412,1664,54.68
32210,610,1542,50.68
32210,1617,2029,66.68
32210,1801,1086,35.68
32210,1812,1115,36.68
96127,102,3125,102.68
96127,202,4555,149.68
96127,304,4068,133.68
96127,305,4068,133.68
96127,407,2729,89.68
96127,411,5012,164.68
96127,803,721,23.68
96127,1801,3521,115.68
43176,108,1177,38.68
59144,203,1238,40.68
59144,1605,872,28.68
59144,1801,964,31.68
66307,426,994,32.68
78602,202,1603,52.68
78602,410,3490,114.68
78602,916,1115,36.68
78602,1898,3459,113.68
73375,202,1360,44.68
73375,423,2516,82.68
78065,798,2760,90.68
78065,304,1025,33.68
78065,307,1025,33.68
78065,705,902,29.68
78065,916,902,29.68
78065,1015,902,29.68
78065,1616,2729,89.68
87273,1812,872,28.68
34475,304,964,31.68
34475,305,964,31.68
34475,307,964,31.68
85745,398,3551,116.68
85745,405,3337,109.68
85745,426,3337,109.68
85745,428,2729,89.68
42476,1705,1055,34.68
63794,102,1511,49.68
63794,803,1086,35.68
63794,1118,1876,61.68
65420,1817,1542,50.68
92020,198,4678,153.68
92020,798,2210,72.68
92020,1708,2090,68.68
92020,1817,2607,85.68
92020,1898,1968,64.68
94987,1617,933,30.68
55871,504,2852,93.68
55871,1105,1238,40.68
55871,1605,5863,192.68
55871,1634,5043,165.68
55871,1704,4798,157.68
55871,1817,2821,92.68
29345,205,1115,36.68
29345,304,3247,106.68
29345,305,1268,41.68
29345,411,3733,122.68
29345,428,2516,82.68
29345,1217,1177,38.68
29345,1619,6169,202.68
90006,304,9030,296.68
90006,1637,4008,131.68
51348,1637,1299,42.68
51049,428,1756,57.68
51049,1113,1725,56.68
8875,708,1146,37.68
8875,1617,1207,39.68
8875,1898,1177,38.68
97803,202,749,24.68
97803,423,749,24.68
97803,1110,1907,62.68
97803,1605,1633,53.68
97803,1798,1633,53.68
48626,432,1330,43.68
48626,1605,1421,46.68
63300,304,1695,55.68
63300,430,2333,76.68
63300,498,1421,46.68
63300,705,933,30.68
63300,1617,1695,55.68
63300,1698,2394,78.68
63300,1701,2272,74.68
10607,305,2090,68.68
10607,306,2090,68.68
10607,307,964,31.68
29044,203,1360,44.68
7154,198,3733,122.68
7154,305,1845,60.68
7154,313,6047,198.68
7154,1014,1845,60.68
89925,1619,964,31.68
50115,305,1025,33.68
50115,404,4859,159.68
50115,1198,3916,128.68
50115,1617,4647,152.68
60759,1701,1086,35.68
6441,405,1055,34.68
6441,1215,4739,155.68
79834,108,1452,47.68
79834,604,1086,35.68
79834,809,2182,71.68
5240,102,1695,55.68
5240,102,1725,56.68
5240,115,1725,56.68
5240,304,1055,34.68
5240,305,1055,34.68
5240,705,3186,104.68
5240,1110,4647,152.68
5240,1112,4647,152.68
5240,1113,964,31.68
45805,405,1360,44.68
45805,423,1360,44.68
45805,426,1360,44.68
28324,504,3186,104.68
28324,1118,933,30.68
17268,305,3125,102.68
17268,306,3125,102.68
17268,428,841,27.68
17268,1708,4252,139.68
58977,798,1391,45.68
58977,1634,2455,80.68
15557,1117,3551,116.68
102685,1634,902,29.68
72205,102,1207,39.68
72205,202,2302,75.68
72205,304,1207,39.68
72205,705,1572,51.68
60642,1110,1633,53.68
69116,108,994,32.68
69116,1605,1299,42.68
69116,1816,1452,47.68
69116,1817,1177,38.68
4114,304,964,31.68
4114,305,1330,43.68
4114,306,2821,92.68
4114,313,3429,112.68
64678,313,2729,89.68
64678,426,2729,89.68
64678,809,1421,46.68
64678,1637,2638,86.68
33038,709,1421,46.68
33038,1609,1421,46.68
72234,408,1360,44.68
69397,304,1572,51.68
69397,432,660,21.68
69397,498,1330,43.68
69397,1119,994,32.68
69397,1312,1055,34.68
69397,1617,4647,152.68
69397,1817,1572,51.68
3476,306,1452,47.68
3476,408,2729,89.68
20897,415,933,30.68
20897,1817,933,30.68
42137,304,4252,139.68
42137,305,4221,138.68
42137,306,4221,138.68
42137,408,1207,39.68
42137,428,2576,84.68
42137,914,3551,116.68
42137,1605,2913,95.68
80393,505,5104,167.68
80393,202,1268,41.68
80393,423,1786,58.68
80393,915,2241,73.68
31125,305,568,18.68
31125,306,568,18.68
31125,414,2090,68.68
31125,1618,2090,68.68
31125,1701,2272,74.68
60016,504,1115,36.68
60016,1801,2821,92.68
54244,101,2821,92.68
54244,102,1391,45.68
55230,304,1238,40.68
55230,708,1725,56.68
42675,101,933,30.68
42675,102,1664,54.68
42675,205,1664,54.68
42675,304,1664,54.68
42675,305,1633,53.68
42675,307,1664,54.68
42675,405,902,29.68
42675,504,1664,54.68
42675,908,1664,54.68
42675,1113,1664,54.68
83352,510,3459,113.68
83352,1605,4678,153.68
83352,1708,3916,128.68
83352,1801,1115,36.68
83352,1804,3459,113.68
83352,1810,3459,113.68
62801,305,1360,44.68
62801,1118,3763,123.68
61524,1634,1146,37.68
64635,1812,1055,34.68
95151,304,1025,33.68
95151,305,1025,33.68
95151,406,660,21.68
95151,432,1299,42.68
95151,1703,780,25.68
28064,116,1025,33.68
28064,304,1055,34.68
28064,410,3094,101.68
28064,428,780,25.68
28064,706,4739,155.68
28064,1113,1421,46.68
28064,1637,5104,167.68
28064,1701,3186,104.68
28064,1801,3033,99.68
66178,426,933,30.68
66178,498,933,30.68
88379,410,841,27.68
88379,426,4798,157.68
88379,916,902,29.68
88379,1113,841,27.68
88379,1407,841,27.68
88379,1637,841,27.68
4503,598,1146,37.68
40879,304,841,27.68
40879,307,841,27.68
40879,313,841,27.68
87947,201,3125,102.68
87947,201,3125,102.68
87690,1105,749,24.68
92999,102,1664,54.68
92999,428,1633,53.68
92999,1113,994,32.68
79804,1701,1207,39.68
79804,1801,964,31.68
50377,114,933,30.68
50377,304,1055,34.68
50377,305,9091,298.68
50377,504,9091,298.68
50377,914,9456,310.68
50377,916,9456,310.68
50377,1112,8877,291.68
50377,1117,8877,291.68
76065,102,902,29.68
76065,201,6838,224.68
76065,304,1725,56.68
76065,305,1725,56.68
76065,1105,5194,170.68
76065,1106,3186,104.68
76065,1205,994,32.68
76065,1801,5651,185.68
74929,1805,1845,60.68
102714,432,660,21.68
102714,1017,690,22.68
102714,1605,780,25.68
102714,1616,599,19.68
102714,1617,660,21.68
16154,202,3886,127.68
16154,398,2729,89.68
16154,405,2729,89.68
57419,411,1786,58.68
57419,612,1115,36.68
57419,710,1480,48.68
57419,1198,902,29.68
57419,1605,1177,38.68
15104,404,1572,51.68
15104,1817,1421,46.68
233,305,2882,94.68
233,504,4647,152.68
233,1605,6108,200.68
233,1817,2182,71.68
26157,1703,2425,79.68
92296,304,1207,39.68
92296,305,1207,39.68
92296,306,1207,39.68
92296,313,3643,119.68
94578,202,780,25.68
94578,1622,749,24.68
102086,313,1998,65.68
102086,408,599,19.68
102086,1630,1998,65.68
3105,116,1664,54.68
3105,304,2090,68.68
3105,1215,964,31.68
3105,1630,4343,142.68
3105,1701,1452,47.68
3105,1801,1845,60.68
3105,1816,3947,129.68
3105,1817,1817,59.68
8162,1801,1695,55.68
1852,120,2729,89.68
1852,1605,3003,98.68
1852,1609,3125,102.68
29644,713,1207,39.68
83175,1605,1937,63.68
83175,1801,933,30.68
6880,102,4160,136.68
40933,108,2821,92.68
85173,103,1786,58.68
85173,104,1786,58.68
85173,120,2547,83.68
85173,1612,1025,33.68
82464,202,841,27.68
82464,1216,476,15.68
82464,1701,2090,68.68
82464,1801,1330,43.68
87441,1616,1299,42.68
7023,1312,2852,93.68
81717,411,902,29.68
81717,423,1695,55.68
81717,426,872,28.68
81717,708,841,27.68
81717,1615,841,27.68
81717,1701,1207,39.68
83340,198,964,31.68
83340,1798,2821,92.68
16001,305,1603,52.68
16001,405,3794,124.68
16001,504,1238,40.68
16001,908,1238,40.68
16001,1703,1238,40.68
16001,1807,1876,61.68
11166,412,1725,56.68
11166,424,1391,45.68
11166,1298,2607,85.68
71254,404,1695,55.68
71254,1634,2972,97.68
71254,1898,1845,60.68
66,305,2607,85.68
66,405,3490,114.68
66,708,2272,74.68
66,712,2272,74.68
66,1117,2638,86.68
66,1609,4402,144.68
30753,102,3156,103.68
30753,304,2791,91.68
30753,305,2791,91.68
30753,404,1542,50.68
30753,1305,1511,49.68
30753,1801,2638,86.68
50326,1215,2363,77.68
76061,203,994,32.68
76061,306,3125,102.68
76061,404,4252,139.68
76061,407,4221,138.68
76061,998,1480,48.68
76061,1108,2302,75.68
76061,1113,2302,75.68
76061,1407,1025,33.68
79383,1105,2060,67.68
79383,1813,2121,69.68
2287,303,2516,82.68
2287,698,2638,86.68
2287,305,1025,33.68
2287,306,2516,82.68
2287,313,2638,86.68
2287,432,933,30.68
2287,698,2638,86.68
2287,1801,994,32.68
2287,1803,902,29.68
92577,1637,994,32.68
85835,1801,1360,44.68
35796,411,2607,85.68
35796,1113,2060,67.68
14449,202,5163,169.68
14449,206,2729,89.68
14449,405,4313,141.68
14449,406,4708,154.68
14449,703,994,32.68
14449,705,5163,169.68
14449,708,2791,91.68
14449,1113,2729,89.68
14449,1213,994,32.68
14449,1312,2972,97.68
14449,1618,3612,118.68
14449,1634,5955,195.68
14449,1637,5955,195.68
62250,809,1025,33.68
62250,1198,1786,58.68
22504,202,1055,34.68
22504,408,902,29.68
22504,1698,1207,39.68
22504,1701,1086,35.68
13873,205,1025,33.68
13873,426,3582,117.68
13873,1801,3521,115.68
97737,712,841,27.68
69292,202,2060,67.68
69292,305,1115,36.68
69292,1112,1115,36.68
69292,1298,4313,141.68
69292,1312,3916,128.68
69292,1605,4252,139.68
69292,1637,3916,128.68
69292,1817,1845,60.68
60399,405,1452,47.68
60399,713,1177,38.68
60399,1008,1207,39.68
60399,1634,1695,55.68
81851,108,2486,81.68
81851,1816,2029,66.68
87835,504,5285,173.68
87835,202,3247,106.68
87835,1805,2607,85.68
38188,405,1542,50.68
38188,1801,2791,91.68
32899,1617,1695,55.68
32899,1701,1177,38.68
95758,306,690,22.68
95758,1105,4343,142.68
95758,1113,1511,49.68
24386,1105,994,32.68
65585,1801,1756,57.68
37601,198,2821,92.68
37601,406,2821,92.68
37601,428,2821,92.68
1531,304,3337,109.68
1531,305,2547,83.68
1531,307,2241,73.68
1531,432,2791,91.68
1531,1112,902,29.68
70850,412,1786,58.68
70850,426,1786,58.68
70850,1801,1146,37.68
18319,426,1086,35.68
32081,201,2607,85.68
32081,1801,3886,127.68
100332,203,2913,95.68
100332,304,660,21.68
100332,306,660,21.68
100332,504,660,21.68
100332,705,1146,37.68
100332,1113,994,32.68
100332,1804,3612,118.68
100332,1813,2913,95.68
70566,108,1817,59.68
70566,1605,1268,41.68
83685,305,1238,40.68
83685,306,1238,40.68
83685,1105,994,32.68
83685,1614,4890,160.68
83685,1627,4890,160.68
66289,1630,2060,67.68
94125,1605,2182,71.68
29926,304,1421,46.68
29926,305,1421,46.68
29926,306,1421,46.68
29926,1198,1421,46.68
29926,1627,1421,46.68
84317,1617,964,31.68
83508,102,780,25.68
83508,304,1360,44.68
83508,305,1360,44.68
97331,405,721,23.68
97331,407,721,23.68
53322,407,1511,49.68
53322,713,1876,61.68
53322,1304,7600,249.68
10880,304,2210,72.68
10880,426,1177,38.68
11183,305,1421,46.68
11183,415,1055,34.68
11183,1113,1238,40.68
11183,1605,4647,152.68
44979,205,841,27.68
44979,428,841,27.68
44979,708,964,31.68
44979,1113,2241,73.68
44979,1802,2090,68.68
44979,1817,1695,55.68
44979,1898,1998,65.68
79281,304,1025,33.68
79281,1637,2182,71.68
34068,1113,1055,34.68
34068,1312,1299,42.68
11753,304,1572,51.68
11753,430,2333,76.68
11753,498,1845,60.68
11753,798,1572,51.68
11753,1704,1207,39.68
11753,1817,1480,48.68
94428,298,1177,38.68
94428,306,1603,52.68
94428,398,1603,52.68
94428,1637,811,26.68
94428,1698,933,30.68
94428,1801,872,28.68
79976,198,4008,131.68
79976,1698,1299,42.68
54801,104,994,32.68
54801,698,2972,97.68
54801,1110,2791,91.68
54801,1298,994,32.68
54801,1312,2972,97.68
54801,1898,1207,39.68
88699,428,1480,48.68
88699,1105,1480,48.68
36702,430,2913,95.68
27099,708,1511,49.68
54740,305,872,28.68
54740,406,2090,68.68
52593,423,1025,33.68
52593,1617,1055,34.68
18270,408,1391,45.68
89716,1601,2852,93.68
89716,1617,4282,140.68
1540,306,3855,126.68
1540,1113,2516,82.68
1540,1614,3612,118.68
80155,504,1391,45.68
80155,1105,1421,46.68
80155,1801,1115,36.68
80155,1816,2425,79.68
92893,304,811,26.68
92893,1622,811,26.68
41347,102,1055,34.68
41347,104,1025,33.68
41347,305,6259,205.68
41347,1904,1391,45.68
17431,410,5408,177.68
17431,504,1360,44.68
17431,612,1360,44.68
17431,915,1086,35.68
94806,426,1695,55.68
94806,1008,780,25.68
94806,1605,1572,51.68
94806,1898,749,24.68
5137,1105,1695,55.68
5137,1816,1055,34.68
40629,1605,1238,40.68
40629,1801,1086,35.68
87598,307,1360,44.68
14769,1630,6412,210.68
15440,198,2455,80.68
15440,306,1177,38.68
15440,307,1177,38.68
15440,423,1542,50.68
15440,428,2363,77.68
15440,1810,2455,80.68
43971,101,1238,40.68
43971,118,1238,40.68
43971,1805,2182,71.68
43971,1898,2182,71.68
100321,423,1055,34.68
100321,1801,1268,41.68
62046,406,1452,47.68
62046,423,1572,51.68
62046,1816,1695,55.68
93243,305,1876,61.68
93243,306,1572,51.68
93243,1298,1664,54.68
93243,1813,1452,47.68
93243,1815,1330,43.68
93243,1816,1725,56.68
93243,1817,1115,36.68
15649,698,872,28.68
15649,1605,902,29.68
82711,304,841,27.68
82711,305,841,27.68
82711,307,841,27.68
82711,1117,902,29.68
7781,102,1603,52.68
7781,313,5835,191.68
7781,423,4678,153.68
7781,1637,2486,81.68
40593,426,1998,65.68
52897,1617,1756,57.68
68759,304,1055,34.68
68759,498,1055,34.68
68759,1112,2455,80.68
68759,1118,2455,80.68
20089,304,1268,41.68
20089,407,2060,67.68
20089,414,1725,56.68
20089,426,2060,67.68
20089,712,4647,152.68
20089,809,1511,49.68
20089,1701,4494,147.68
20089,1798,1695,55.68
20089,1805,1603,52.68
20089,1813,1876,61.68
94259,1616,749,24.68
4828,206,1086,35.68
4828,412,1511,49.68
4828,708,1025,33.68
4828,712,1055,34.68
4828,1113,2241,73.68
6377,304,1511,49.68
6377,305,3278,107.68
6377,504,1360,44.68
6377,708,1055,34.68
6377,809,1572,51.68
6377,1637,1268,41.68
38283,406,4798,157.68
38283,426,1360,44.68
38283,1105,1360,44.68
94354,304,721,23.68
94354,404,1695,55.68
94354,412,1695,55.68
94354,423,1695,55.68
94354,426,1695,55.68
94354,1622,1055,34.68
94354,1634,1055,34.68
94354,1637,1055,34.68
94354,1640,1055,34.68
58548,708,1177,38.68
58548,916,1177,38.68
53629,1804,3429,112.68
84665,1701,902,29.68
84665,1708,964,31.68
57461,305,1633,53.68
58418,202,1603,52.68
15094,1634,1817,59.68
16021,304,994,32.68
58016,398,2699,88.68
58016,1798,1998,65.68
58016,1801,3094,101.68
18080,305,1360,44.68
18080,306,1360,44.68
18080,426,2182,71.68
66419,405,1391,45.68
94080,304,994,32.68
94080,1198,1786,58.68
94080,1617,1299,42.68
94080,1622,1299,42.68
94080,1798,749,24.68
67965,504,4739,155.68
67965,304,1086,35.68
67965,504,4374,143.68
67965,910,3217,105.68
67965,1634,2090,68.68
30061,1617,2151,70.68
30061,1812,1633,53.68
13208,198,872,28.68
13208,304,964,31.68
13208,305,964,31.68
13208,306,964,31.68
48502,998,1756,57.68
48502,1106,2791,91.68
48502,1108,2791,91.68
48502,1110,2791,91.68
48502,1112,2791,91.68
48502,1113,2791,91.68
30018,398,3064,100.68
80531,712,1299,42.68
80531,1113,1695,55.68
80531,1619,3612,118.68
80531,1701,994,32.68
80531,1704,1542,50.68
80531,1801,2090,68.68
65945,112,2241,73.68
65945,409,1177,38.68
65945,430,2425,79.68
65945,504,1177,38.68
65945,1619,2241,73.68
65945,1622,1299,42.68
65945,1637,1299,42.68
65945,1902,1177,38.68
87033,305,2425,79.68
87033,412,5012,164.68
3204,305,2455,80.68
3204,405,994,32.68
3204,708,1968,64.68
3204,807,1968,64.68
3204,1304,1937,63.68
3204,1605,2913,95.68
3204,1617,3186,104.68
26451,798,1542,50.68
26451,1117,2090,68.68
36961,108,1511,49.68
86771,1801,1360,44.68
102007,108,1115,36.68
102007,305,1725,56.68
102007,798,1511,49.68
102007,1617,2729,89.68
102007,1701,3064,100.68
102007,1812,1025,33.68
48204,102,1086,35.68
48204,512,1086,35.68
15604,1801,1086,35.68
95647,605,2668,87.68
95647,1605,2699,88.68
938,304,1268,41.68
938,424,4252,139.68
28893,201,1480,48.68
28893,202,4555,149.68
28893,426,4555,149.68
28893,916,1633,53.68
28893,1703,1968,64.68
28893,1801,2425,79.68
91456,708,4129,135.68
91456,709,4129,135.68
91456,712,4129,135.68
91456,798,4129,135.68
91456,1105,3033,99.68
91456,1817,599,19.68
31862,404,2607,85.68
10700,1801,2090,68.68
81963,428,1330,43.68
81963,713,2576,84.68
81963,1017,3064,100.68
81963,1106,537,17.68
96001,1801,1299,42.68
71380,202,3977,130.68
71380,208,3977,130.68
71380,407,3977,130.68
4290,704,4252,139.68
4290,305,1238,40.68
4290,307,1238,40.68
4290,713,2121,69.68
4290,1701,1055,34.68
77764,713,1633,53.68
77764,1617,1480,48.68
77764,1801,2121,69.68
9941,304,1055,34.68
9941,429,2241,73.68
14232,1298,3429,112.68
14232,1598,3094,101.68
14232,201,1817,59.68
14232,612,994,32.68
14232,1215,4890,160.68
14232,1703,2638,86.68
39309,202,1299,42.68
39309,313,3094,101.68
39309,1617,2121,69.68
39309,1801,872,28.68
77525,306,4008,131.68
77525,1617,3947,129.68
77525,1701,3551,116.68
77525,1809,933,30.68
77525,1817,2090,68.68
52471,102,872,28.68
52471,411,1238,40.68
52471,1619,5774,189.68
91233,102,1633,53.68
91233,304,2821,92.68
91233,305,1086,35.68
91233,809,2882,94.68
91233,1113,1876,61.68
91233,1634,4920,161.68
91233,1637,4221,138.68
91233,1701,811,26.68
91233,1703,994,32.68
90580,105,3671,120.68
90580,198,3671,120.68
90580,304,1480,48.68
90580,432,872,28.68
90580,1113,811,26.68
90580,1601,2760,90.68
90580,1624,3671,120.68
90580,1637,2121,69.68
78226,798,1115,36.68
78226,1105,902,29.68
78226,1627,1055,34.68
67388,305,1633,53.68
67388,406,2241,73.68
67388,415,994,32.68
67388,915,2972,97.68
73869,1801,1025,33.68
37385,305,1664,54.68
37385,306,1664,54.68
37385,313,4190,137.68
37385,398,841,27.68
37385,405,1603,52.68
37385,426,1511,49.68
37385,428,2455,80.68
37385,708,4129,135.68
37385,914,964,31.68
37385,1617,4129,135.68
37385,1801,2363,77.68
52445,1113,964,31.68
96392,198,721,23.68
96392,1701,721,23.68
96392,1817,811,26.68
54124,304,933,30.68
54124,307,933,30.68
54124,408,4586,150.68
54124,1703,2241,73.68
64834,426,3490,114.68
47898,412,3824,125.68
47898,426,1998,65.68
47898,504,3824,125.68
47898,1801,3186,104.68
47898,1805,2516,82.68
88961,305,2394,78.68
88961,306,2394,78.68
88961,432,1391,45.68
88961,705,933,30.68
88961,713,3125,102.68
88961,1312,1876,61.68
22629,405,2029,66.68
22629,407,2029,66.68
22629,411,2029,66.68
22629,709,3947,129.68
22629,1616,3916,128.68
94093,305,1146,37.68
94093,498,3186,104.68
94093,906,1391,45.68
94093,1113,780,25.68
94093,1626,1391,45.68
94093,1898,3278,107.68
93667,304,1480,48.68
93667,305,2852,93.68
93667,406,3459,113.68
93667,426,3702,121.68
93667,428,811,26.68
93667,712,3702,121.68
93667,1616,3824,125.68
30906,304,2241,73.68
30906,306,2455,80.68
30906,428,1421,46.68
30906,1105,2516,82.68
30906,1801,2852,93.68
63899,1704,1115,36.68
97112,1001,3003,98.68
97112,102,933,30.68
97112,1605,841,27.68
97112,1634,1786,58.68
11247,102,1391,45.68
11247,411,1845,60.68
11247,512,2455,80.68
1654,305,1055,34.68
1654,1627,1055,34.68
1654,1812,1907,62.68
25269,304,1756,57.68
42724,1110,2394,78.68
42724,1801,1725,56.68
102584,102,2121,69.68
102584,1627,5043,165.68
15252,107,1633,53.68
15252,111,1633,53.68
15252,112,902,29.68
15252,407,933,30.68
15252,1801,1542,50.68
19306,306,1937,63.68
19306,415,3003,98.68
19306,498,3033,99.68
55691,1617,2547,83.68
99876,407,811,26.68
99876,426,721,23.68
45006,432,994,32.68
45006,1113,1268,41.68
45006,1215,2060,67.68
45006,1627,964,31.68
28473,1622,994,32.68
3058,423,1055,34.68
102257,202,780,25.68
102257,915,1115,36.68
35333,305,1238,40.68
35333,306,1238,40.68
88130,102,1115,36.68
88130,908,1146,37.68
88130,1118,1146,37.68
55022,410,902,29.68
55022,1113,2760,90.68
87785,1622,933,30.68
83034,298,1876,61.68
83034,306,3247,106.68
83034,1617,3763,123.68
83034,1801,3551,116.68
60656,306,2151,70.68
60656,608,1452,47.68
60656,1211,1421,46.68
60656,1312,1268,41.68
60656,1627,4008,131.68
60656,1801,1360,44.68
28297,1801,1086,35.68
42588,201,1330,43.68
42588,1106,964,31.68
42588,1198,964,31.68
42588,1312,2060,67.68
42588,1634,5743,188.68
42588,1701,4617,151.68
71971,1598,3459,113.68
71971,202,3459,113.68
71971,209,933,30.68
71971,405,1268,41.68
71971,409,2729,89.68
71971,412,3459,113.68
71971,426,3459,113.68
71971,709,994,32.68
71971,712,3459,113.68
71971,798,2821,92.68
71971,1106,3459,113.68
71971,1108,3094,101.68
71971,1110,3459,113.68
71971,1112,964,31.68
71971,1113,3459,113.68
71971,1306,1299,42.68
71971,1410,1299,42.68
71971,1617,2821,92.68
71971,1902,2729,89.68
65399,305,1146,37.68
65399,1098,3702,121.68
48945,1617,1146,37.68
313,304,4617,151.68
313,307,4617,151.68
313,398,2455,80.68
313,705,3551,116.68
313,908,2821,92.68
313,1113,3278,107.68
313,1801,1452,47.68
53001,414,2760,90.68
53001,719,841,27.68
53001,916,599,19.68
53001,1635,1480,48.68
53001,1815,3521,115.68
36686,406,933,30.68
77429,1898,1695,55.68
29673,102,1511,49.68
29673,304,2791,91.68
29673,1801,1725,56.68
29673,1813,1268,41.68
55283,198,4374,143.68
25960,1598,902,29.68
25960,1998,902,29.68
64697,405,902,29.68
64697,426,1238,40.68
51650,1605,1115,36.68
40392,304,1756,57.68
40392,305,1756,57.68
40392,410,1817,59.68
87448,304,2182,71.68
87448,307,2182,71.68
87448,713,2302,75.68
87448,805,2333,76.68
87448,806,2333,76.68
87448,908,1086,35.68
87448,1904,3094,101.68
82892,411,1146,37.68
82892,1605,1725,56.68
82892,1617,1603,52.68
82892,1701,1025,33.68
82892,1703,1756,57.68
82892,1801,1786,58.68
82892,1817,872,28.68
83383,1634,933,30.68
83383,1798,933,30.68
84324,1622,872,28.68
66799,1617,1086,35.68
66799,1817,1786,58.68
68927,410,1756,57.68
68927,423,1238,40.68
68927,1110,1603,52.68
68927,1817,1330,43.68
102248,304,1725,56.68
102248,311,1725,56.68
102248,428,476,15.68
102248,708,537,17.68
102248,1617,3398,111.68
102248,1701,2852,93.68
102248,1704,3278,107.68
66851,407,811,26.68
66851,1701,811,26.68
30141,205,841,27.68
30141,305,3763,123.68
30141,398,3763,123.68
30141,1113,1207,39.68
30141,1801,1968,64.68
30141,1805,4343,142.68
84312,1701,902,29.68
23717,1601,1391,45.68
75850,108,902,29.68
75850,203,1695,55.68
75850,304,1268,41.68
22800,398,1817,59.68
22800,411,2182,71.68
22800,504,1025,33.68
22800,1622,2182,71.68
76661,109,2090,68.68
76661,304,3033,99.68
76661,305,3033,99.68
76661,313,4617,151.68
76661,423,3033,99.68
76661,428,872,28.68
51136,306,2516,82.68
51136,908,1177,38.68
51136,915,1664,54.68
51136,1105,1330,43.68
6579,1801,4798,157.68
82549,916,1238,40.68
82549,1017,1146,37.68
82549,1609,1268,41.68
82549,1610,1633,53.68
82549,1617,1633,53.68
82549,1634,1633,53.68
83460,202,5347,175.68
83460,305,3368,110.68
83460,428,1937,63.68
83460,906,1330,43.68
92678,410,2121,69.68
92678,423,780,25.68
92678,432,780,25.68
92678,698,964,31.68
92678,712,2852,93.68
92678,1615,1268,41.68
92678,1898,1664,54.68
28565,305,2607,85.68
28565,312,2607,85.68
28565,607,2607,85.68
28565,1703,1998,65.68
83468,432,964,31.68
83468,1698,2302,75.68
83468,1701,1511,49.68
70153,408,1725,56.68
51873,304,933,30.68
51873,306,933,30.68
80637,1701,902,29.68
80637,1704,2455,80.68
22934,1801,4678,153.68
22934,1804,1146,37.68
11244,412,2090,68.68
72244,1812,994,32.68
36541,111,2333,76.68
89165,1805,4252,139.68
89165,1898,2729,89.68
202,412,964,31.68
202,426,964,31.68
202,1113,1756,57.68
50979,713,1725,56.68
50979,916,1817,59.68
50979,1636,1207,39.68
50136,407,3702,121.68
50136,1110,5043,165.68
91526,914,1268,41.68
91526,1617,2060,67.68
91526,1898,1268,41.68
98737,430,4859,159.68
98737,1110,660,21.68
98737,1617,4190,137.68
7258,304,1299,42.68
7258,305,1299,42.68
7258,313,2302,75.68
7258,415,2029,66.68
7258,1701,2272,74.68
78684,1812,3398,111.68
69452,202,2060,67.68
69452,304,811,26.68
69452,412,1876,61.68
69452,426,1876,61.68
69452,712,1876,61.68
69452,719,1876,61.68
69452,916,1968,64.68
69452,1801,1664,54.68
48274,102,2425,79.68
48274,1307,2821,92.68
51183,415,994,32.68
51183,432,3156,103.68
51183,915,3247,106.68
51183,1105,1845,60.68
51183,1110,3003,98.68
51183,1634,3763,123.68
51183,1637,3337,109.68
8479,305,1086,35.68
8479,1815,4221,138.68
77766,305,3278,107.68
77766,306,2913,95.68
77766,1104,2363,77.68
77766,1813,1391,45.68
7906,313,4313,141.68
7906,421,3671,120.68
7906,426,2941,96.68
7906,428,3306,108.68
7906,498,3306,108.68
7906,602,1025,33.68
7906,604,1025,33.68
7906,612,1025,33.68
7906,714,1177,38.68
7906,1105,2121,69.68
7906,1111,1025,33.68
7906,1113,1360,44.68
7906,1801,3033,99.68
7906,1898,2121,69.68
81560,404,1421,46.68
81560,708,994,32.68
81560,916,1025,33.68
81560,1015,1025,33.68
81560,1017,964,31.68
81560,1605,1480,48.68
81560,1617,1025,33.68
81560,1622,1299,42.68
81560,1704,1268,41.68
81560,1798,933,30.68
86754,1198,933,30.68
86754,916,994,32.68
86754,1198,933,30.68
86754,1617,1055,34.68
86754,1622,1115,36.68
91191,304,872,28.68
91191,1634,1238,40.68
86917,1598,3551,116.68
86917,198,1876,61.68
86917,202,1177,38.68
86917,298,1511,49.68
86917,1698,1876,61.68
83200,1198,4313,141.68
83200,102,964,31.68
83200,109,1452,47.68
83200,426,1603,52.68
83200,1305,964,31.68
56263,1637,1025,33.68
35233,304,1391,45.68
35233,423,1268,41.68
35233,1619,1391,45.68
35233,1627,1391,45.68
40469,1619,1664,54.68
40469,1898,872,28.68
33611,304,1055,34.68
33611,305,1055,34.68
33611,398,1421,46.68
33611,415,2060,67.68
33611,1813,1452,47.68
88865,102,1633,53.68
88865,202,2425,79.68
88865,205,1511,49.68
88865,307,1756,57.68
88865,432,1725,56.68
88865,602,1511,49.68
88865,1113,1207,39.68
88865,1627,2455,80.68
28326,415,1299,42.68
28326,1609,1360,44.68
28326,1630,1360,44.68
45586,304,1238,40.68
45586,307,1238,40.68
45586,1105,1025,33.68
45586,1627,2821,92.68
45586,1816,4129,135.68
63524,908,1391,45.68
63524,916,1268,41.68
63524,1105,1391,45.68
63524,1108,1391,45.68
63524,1119,1268,41.68
63524,1617,2210,72.68
63524,1801,1603,52.68
1674,1598,1146,37.68
1674,116,1725,56.68
1674,304,1268,41.68
1674,305,1268,41.68
1674,313,4252,139.68
1674,411,1452,47.68
1674,712,2699,88.68
1674,1198,1968,64.68
1674,1615,4190,137.68
78422,202,1725,56.68
78422,304,1633,53.68
78422,305,1633,53.68
78422,1614,3156,103.68
88063,410,1391,45.68
75957,305,1452,47.68
75957,1617,933,30.68
1230,304,2852,93.68
1230,705,1725,56.68
1230,1113,1968,64.68
1230,1312,2363,77.68
94086,304,1542,50.68
94086,1617,2272,74.68
70406,304,1086,35.68
24906,305,1845,60.68
18599,411,964,31.68
18599,705,1937,63.68
18599,710,1937,63.68
18599,1113,964,31.68
18599,1617,2394,78.68
18599,1619,3490,114.68
18599,1622,2729,89.68
18599,1637,3459,113.68
18599,1801,3156,103.68
18599,1812,1360,44.68
37702,304,1817,59.68
37702,305,1817,59.68
37702,306,1817,59.68
37702,603,2516,82.68
37702,698,2516,82.68
37702,1619,2576,84.68
37702,1634,2455,80.68
37702,1817,2333,76.68
37702,1898,1299,42.68
46838,202,2638,86.68
46838,426,2060,67.68
46838,604,1695,55.68
46838,1622,1360,44.68
47561,713,2363,77.68
47561,915,4433,145.68
47561,998,964,31.68
47561,1198,4068,133.68
92476,305,872,28.68
92476,306,872,28.68
92476,798,2060,67.68
92476,1105,2333,76.68
92476,1113,1968,64.68
92476,1627,3763,123.68
78270,304,2333,76.68
78270,305,2333,76.68
78270,428,1177,38.68
78270,498,2607,85.68
78270,1113,1786,58.68
78270,1412,933,30.68
78270,1801,1480,48.68
78270,1817,1603,52.68
59745,411,1330,43.68
59745,708,1937,63.68
59745,1698,3733,122.68
59745,1817,3733,122.68
23094,198,2425,79.68
23094,306,2882,94.68
23094,412,2394,78.68
23094,1204,1025,33.68
59310,711,1360,44.68
96168,426,933,30.68
96168,712,811,26.68
51041,109,2972,97.68
51041,305,1452,47.68
51041,607,4494,147.68
51041,1113,1786,58.68
51041,1605,1968,64.68
96451,428,1664,54.68
96451,898,2333,76.68
96451,1637,2333,76.68
96451,1709,4374,143.68
50365,1801,1055,34.68
73526,426,1086,35.68
18979,305,2182,71.68
18979,306,2182,71.68
18979,511,1845,60.68
18979,705,2090,68.68
18979,1616,4890,160.68
18979,1801,1633,53.68
18979,1898,1391,45.68
27401,403,3398,111.68
27401,704,3398,111.68
27401,1616,3337,109.68
27401,1622,3337,109.68
8965,1103,2576,84.68
8965,305,1998,65.68
8965,1109,2941,96.68
8965,1111,1177,38.68
8965,1617,1998,65.68
52867,202,933,30.68
52867,916,1421,46.68
52867,1015,1421,46.68
52867,1017,1421,46.68
52867,1605,1086,35.68
85376,304,902,29.68
85376,1816,1907,62.68
438,202,994,32.68
438,208,902,29.68
438,405,1207,39.68
438,406,1207,39.68
438,423,1207,39.68
438,426,1207,39.68
438,698,902,29.68
438,914,1603,52.68
438,1701,3337,109.68
438,1801,2455,80.68
438,1817,1391,45.68
61252,107,3459,113.68
61252,112,3247,106.68
61252,407,994,32.68
61252,1105,1299,42.68
61252,1705,1817,59.68
10608,304,1055,34.68
10608,916,4798,157.68
10608,1622,5012,164.68
10608,1637,5012,164.68
10608,1812,5012,164.68
10608,1905,3033,99.68
829,1198,1725,56.68
829,305,1725,56.68
829,306,1725,56.68
829,1117,1725,56.68
84139,313,1025,33.68
84139,1619,1146,37.68
84139,1637,1146,37.68
2346,428,1025,33.68
2346,1812,1299,42.68
13049,306,3521,115.68
13049,898,1025,33.68
13049,1105,3643,119.68
13049,1609,3916,128.68
13049,1637,1268,41.68
13049,1801,5224,171.68
56513,201,3033,99.68
49326,1817,1086,35.68
41330,305,4374,143.68
90779,1298,933,30.68
61323,1801,2821,92.68
59343,109,1817,59.68
59343,708,1817,59.68
59343,712,1786,58.68
59343,1616,1786,58.68
85350,1198,3551,116.68
85350,1215,4252,139.68
49864,304,902,29.68
49864,1817,1664,54.68
61010,304,2576,84.68
61010,305,1786,58.68
61010,1898,2060,67.68
78299,304,1480,48.68
78299,305,1480,48.68
78299,1701,1695,55.68
78299,1703,2241,73.68
95390,498,780,25.68
88011,104,2455,80.68
88011,202,5894,193.68
88011,405,6259,205.68
88011,406,6259,205.68
88011,407,6259,205.68
88011,426,6259,205.68
88011,428,4798,157.68
88011,915,994,32.68
88011,1113,1511,49.68
88011,1205,1876,61.68
88011,1306,964,31.68
88011,1803,964,31.68
13062,305,4068,133.68
13062,1304,5894,193.68
13062,1798,5012,164.68
13062,1898,994,32.68
29534,304,1664,54.68
29534,414,2029,66.68
94923,198,1633,53.68
94923,305,690,22.68
94923,306,690,22.68
94923,1898,1756,57.68
72357,102,1146,37.68
72357,408,1238,40.68
72357,423,4160,136.68
72357,504,933,30.68
72357,612,4767,156.68
53900,1626,2272,74.68
37731,713,1177,38.68
37731,1609,2363,77.68
59348,1801,2791,91.68
27291,115,964,31.68
27291,1215,2760,90.68
30363,504,1360,44.68
30363,1622,1360,44.68
18632,504,4678,153.68
18632,102,2486,81.68
18632,205,1756,57.68
18632,304,964,31.68
18632,306,1756,57.68
18632,412,4678,153.68
18632,428,2852,93.68
18632,498,2852,93.68
18632,504,5408,177.68
18632,809,1115,36.68
18632,1110,1756,57.68
18632,1113,2121,69.68
18632,1703,6139,201.68
90300,1817,1299,42.68
78740,798,1146,37.68
78740,1701,1603,52.68
90488,102,1330,43.68
90488,504,1330,43.68
90488,115,1330,43.68
90488,304,1330,43.68
90488,412,1330,43.68
90488,423,1330,43.68
90488,426,1330,43.68
90488,504,1330,43.68
66168,1614,1756,57.68
89422,404,3186,104.68
89422,411,3278,107.68
89422,424,3186,104.68
89422,915,3490,114.68
89422,916,3490,114.68
37435,307,1725,56.68
37435,1005,2791,91.68
37435,1113,994,32.68
37435,1617,5255,172.68
37435,1801,2210,72.68
97451,304,1146,37.68
97451,712,2363,77.68
97451,1622,2425,79.68
97451,1634,2425,79.68
57641,1601,1268,41.68
9597,205,1421,46.68
9597,305,4767,156.68
9597,306,1998,65.68
9597,405,2363,77.68
9597,906,2060,67.68
9597,1118,3217,105.68
9597,1205,1330,43.68
9597,1306,2791,91.68
92843,704,811,26.68
88540,108,2576,84.68
88540,306,1786,58.68
88540,1617,1086,35.68
88540,1627,2638,86.68
100530,428,660,21.68
67462,304,1055,34.68
67462,504,1633,53.68
67462,1605,4374,143.68
67462,1817,1633,53.68
16848,301,5377,176.68
16848,302,5377,176.68
16848,107,5224,171.68
16848,205,1146,37.68
16848,208,5012,164.68
16848,304,1146,37.68
16848,313,5377,176.68
16848,426,5104,167.68
16848,706,5377,176.68
16848,712,5224,171.68
16848,719,5104,167.68
16848,1801,1086,35.68
11445,405,1330,43.68
11445,1805,2729,89.68
11445,1810,2729,89.68
87212,102,872,28.68
87212,202,2090,68.68
87212,305,872,28.68
87212,398,872,28.68
13473,108,2090,68.68
13473,432,2060,67.68
13473,1801,1542,50.68
13473,1803,2029,66.68
82476,809,994,32.68
82476,898,994,32.68
82476,908,1025,33.68
87176,102,1480,48.68
87176,304,994,32.68
87176,305,994,32.68
87176,306,994,32.68
87176,504,2972,97.68
87176,1898,4068,133.68
24615,203,1786,58.68
83971,1198,1391,45.68
83971,798,1146,37.68
83971,1110,1391,45.68
83971,1709,1025,33.68
84514,1809,1238,40.68
84514,1898,1391,45.68
23613,801,3217,105.68
23613,313,3794,124.68
24999,112,2882,94.68
24999,426,1086,35.68
24999,1801,1937,63.68
88311,916,902,29.68
88311,1304,902,29.68
88311,1815,1055,34.68
42260,305,964,31.68
42260,714,1025,33.68
42260,1701,1756,57.68
72592,108,1725,56.68
72592,1622,2760,90.68
102506,304,1511,49.68
100426,304,629,20.68
100426,1112,629,20.68
100426,1215,3125,102.68
100426,1815,3125,102.68
30763,407,1238,40.68
30763,1619,1452,47.68
75217,405,1511,49.68
75217,423,1511,49.68
75217,914,4221,138.68
75217,915,3551,116.68
75217,1637,3368,110.68
74110,304,1268,41.68
74110,305,1268,41.68
74110,1803,1786,58.68
7463,305,1421,46.68
7463,1801,1391,45.68
7463,1817,1238,40.68
28972,406,4829,158.68
28972,410,4829,158.68
28972,411,4829,158.68
28972,412,5255,172.68
28972,712,5255,172.68
28972,1106,933,30.68
28972,1113,3033,99.68
28972,1801,6412,210.68
51415,102,4525,148.68
51415,103,3033,99.68
51415,104,3033,99.68
51415,109,3033,99.68
51415,118,3033,99.68
51415,406,1756,57.68
51415,1312,3824,125.68
13353,102,1330,43.68
13353,108,964,31.68
13353,305,2699,88.68
13353,407,4068,133.68
13353,411,964,31.68
85954,408,1299,42.68
85954,708,1207,39.68
92666,1198,811,26.68
51758,306,1330,43.68
98819,1898,721,23.68
95532,498,933,30.68
83410,304,1876,61.68
91594,304,933,30.68
91594,412,933,30.68
91594,423,933,30.68
91594,1701,1146,37.68
22330,202,1177,38.68
22330,203,1177,38.68
22330,601,1786,58.68
103199,1898,872,28.68
95683,1108,7112,233.68
9280,203,3368,110.68
9280,304,2821,92.68
9280,305,2821,92.68
9280,412,2455,80.68
9280,415,1664,54.68
9280,504,1268,41.68
9280,712,2029,66.68
9280,1614,2121,69.68
9280,1798,994,32.68
2381,426,2151,70.68
2381,432,4068,133.68
2381,1112,1756,57.68
2381,1209,1756,57.68
2381,1622,1391,45.68
2381,1810,1756,57.68
15019,109,933,30.68
15019,412,2821,92.68
15019,712,2821,92.68
15019,1113,1664,54.68
15019,1311,2029,66.68
87328,428,3521,115.68
87328,1117,1876,61.68
34009,504,1207,39.68
31014,412,2090,68.68
31014,1703,2090,68.68
95231,504,749,24.68
95231,504,749,24.68
95231,1801,872,28.68
60082,102,2182,71.68
60082,304,2455,80.68
60082,307,2455,80.68
60082,504,1391,45.68
60082,1704,3368,110.68
60082,1801,2516,82.68
53277,202,3733,122.68
53277,306,1025,33.68
53277,426,1025,33.68
74311,304,1115,36.68
74311,306,2333,76.68
74311,423,1876,61.68
74311,1701,1055,34.68
74311,1704,1937,63.68
5351,428,933,30.68
5351,706,933,30.68
5351,708,933,30.68
5351,712,933,30.68
5351,1617,4586,150.68
5351,1703,4678,153.68
5351,1812,4494,147.68
5351,1902,3186,104.68
48556,432,1207,39.68
48556,1622,1207,39.68
15948,1627,2852,93.68
11690,107,1421,46.68
11690,1105,1360,44.68
11690,1118,1360,44.68
11690,1619,4829,158.68
54550,109,2668,87.68
54550,705,1177,38.68
54550,1898,2668,87.68
16086,304,3156,103.68
16086,305,1146,37.68
16086,306,4647,152.68
16086,404,4798,157.68
16086,705,1146,37.68
16086,706,2486,81.68
16086,713,1633,53.68
16086,1117,1146,37.68
16086,1801,4859,159.68
79749,102,2455,80.68
79749,304,1268,41.68
79749,305,1268,41.68
79749,307,3459,113.68
79749,510,933,30.68
79749,598,933,30.68
79749,708,3551,116.68
79749,916,4282,140.68
79749,1111,2090,68.68
79749,1113,2607,85.68
79749,1801,1907,62.68
79749,1804,3490,114.68
79749,1903,5377,176.68
26537,108,841,27.68
26537,412,2363,77.68
26537,708,1633,53.68
26537,1816,1876,61.68
29247,203,3186,104.68
29247,1113,1480,48.68
29247,1616,4037,132.68
29247,1637,2547,83.68
29247,1801,2516,82.68
29247,1813,3306,108.68
89294,1801,1786,58.68
31913,423,1480,48.68
31913,1622,964,31.68
31913,1634,964,31.68
72992,202,964,31.68
34270,428,933,30.68
34270,713,3947,129.68
34270,915,2547,83.68
34270,1113,1115,36.68
34270,1630,5073,166.68
34270,1801,3094,101.68
34270,1812,4282,140.68
85513,304,1786,58.68
85513,428,902,29.68
85513,605,2791,91.68
85513,1605,3156,103.68
85513,1629,1542,50.68
22866,304,1756,57.68
22866,305,1756,57.68
22866,1801,1055,34.68
13779,202,1360,44.68
13779,510,902,29.68
13779,1605,3733,122.68
13779,1630,3794,124.68
13779,1817,933,30.68
41923,304,1115,36.68
41923,408,1786,58.68
41923,1703,1086,35.68
99659,202,629,20.68
99659,305,994,32.68
99659,412,629,20.68
99659,1605,4920,161.68
3830,505,3824,125.68
3830,304,1360,44.68
3830,498,3824,125.68
3830,906,2363,77.68
3830,1616,4008,131.68
3830,1626,2363,77.68
40472,208,1025,33.68
40472,426,1025,33.68
35114,108,1146,37.68
35114,306,1086,35.68
35114,708,2852,93.68
35114,1604,1968,64.68
35114,1623,2852,93.68
35114,1634,3217,105.68
913,305,2607,85.68
913,406,4433,145.68
913,426,4798,157.68
51360,809,1146,37.68
51360,916,2241,73.68
51360,1803,2241,73.68
100576,306,660,21.68
100576,708,660,21.68
100576,1605,599,19.68
100576,1616,690,22.68
19039,713,902,29.68
87693,306,841,27.68
87693,408,1330,43.68
87693,1198,841,27.68
18294,304,3337,109.68
18294,306,2607,85.68
18294,1113,1876,61.68
18294,1205,1146,37.68
18294,1801,3125,102.68
93909,1617,2547,83.68
32696,426,933,30.68
32696,1801,1177,38.68
68234,407,3763,123.68
68234,1701,1907,62.68
68234,1801,1786,58.68
68234,1813,1876,61.68
68234,1817,994,32.68
7071,1312,1480,48.68
99266,102,1115,36.68
99266,202,599,19.68
99266,306,1845,60.68
99266,432,629,20.68
99266,1105,1299,42.68
99266,1113,629,20.68
99266,1601,1452,47.68
99266,1801,1391,45.68
79234,198,1480,48.68
79234,1605,964,31.68
53316,102,2241,73.68
53316,305,1876,61.68
53316,307,1876,61.68
53316,504,2607,85.68
53316,512,1146,37.68
100235,398,5651,185.68
100235,305,5774,189.68
100235,313,5682,186.68
100235,1701,994,32.68
100235,1703,964,31.68
20241,1617,933,30.68
20241,1801,1452,47.68
70967,1813,1055,34.68
67494,1803,3582,117.68
88840,408,1268,41.68
82974,304,2241,73.68
82974,306,2241,73.68
82974,398,2241,73.68
82974,1801,4678,153.68
67773,108,1055,34.68
67773,304,1025,33.68
67773,305,1391,45.68
67773,306,1421,46.68
67773,1215,3582,117.68
67773,1298,2882,94.68
67773,1305,2882,94.68
67773,1605,6108,200.68
67773,1701,4068,133.68
97144,304,721,23.68
97144,305,721,23.68
97144,914,721,23.68
97144,915,721,23.68
97144,1803,902,29.68
71757,504,2821,92.68
71757,1105,1238,40.68
71757,1605,2791,91.68
71757,1627,1299,42.68
1934,426,2121,69.68
1934,1801,2363,77.68
79728,1105,3429,112.68
79728,1817,1055,34.68
79728,1898,3429,112.68
37924,306,3733,122.68
29729,406,994,32.68
29729,411,2729,89.68
29729,1312,1633,53.68
29729,1709,3094,101.68
29729,1801,3156,103.68
94103,104,1664,54.68
94103,116,3094,101.68
94103,120,690,22.68
94103,205,1937,63.68
94103,304,1756,57.68
94103,306,1756,57.68
94103,608,872,28.68
94103,709,811,26.68
94103,809,811,26.68
94103,915,2363,77.68
94103,916,1695,55.68
94103,1105,2607,85.68
94103,1113,2182,71.68
94103,1119,2210,72.68
94103,1205,1968,64.68
94103,1211,872,28.68
94103,1298,1603,52.68
94103,1601,872,28.68
94103,1628,2638,86.68
64001,408,5894,193.68
64001,428,2972,97.68
50149,1801,872,28.68
32608,1605,2029,66.68
32608,1698,1421,46.68
72341,705,1633,53.68
72341,711,841,27.68
103643,202,476,15.68
103643,1810,902,29.68
60355,304,1299,42.68
60355,305,1299,42.68
60355,504,933,30.68
60355,914,3855,126.68
57877,108,2607,85.68
57877,306,2972,97.68
57877,1013,2972,97.68
57877,1701,811,26.68
57877,1801,811,26.68
60766,116,2241,73.68
60766,202,2241,73.68
60766,304,2241,73.68
60766,408,2241,73.68
11441,114,5073,166.68
11441,115,5073,166.68
11441,206,2668,87.68
11441,406,4647,152.68
11441,429,5498,180.68
11441,1113,2576,84.68
11441,1998,3551,116.68
93192,1616,1633,53.68
93192,1619,1633,53.68
93545,304,1876,61.68
93545,1602,2972,97.68
93545,1801,1786,58.68
332,1609,1025,33.68
82216,198,933,30.68
42944,1804,2699,88.68
42944,1805,2699,88.68
42944,1810,2699,88.68
78552,304,1086,35.68
78552,305,1086,35.68
78552,1640,1086,35.68
35164,305,1025,33.68
35164,306,933,30.68
76436,102,1633,53.68
76436,305,1633,53.68
76436,306,1633,53.68
76436,414,1086,35.68
76436,1105,4190,137.68
76436,1817,3337,109.68
52686,202,3186,104.68
52686,206,1268,41.68
52686,304,1238,40.68
52686,1112,4282,140.68
52686,1898,4252,139.68
91111,1701,1055,34.68
13615,198,1452,47.68
13615,1111,1572,51.68
60227,423,2455,80.68
41721,198,1115,36.68
41721,425,1695,55.68
41721,428,1268,41.68
41721,709,3125,102.68
41721,1698,1695,55.68
90007,107,2729,89.68
90007,305,1998,65.68
90007,306,1998,65.68
90007,428,1299,42.68
90007,1312,1664,54.68
90007,1605,2699,88.68
90007,1703,4037,132.68
90007,1704,4282,140.68
88499,915,2821,92.68
88499,1627,994,32.68
90725,411,841,27.68
90725,1801,3459,113.68
71288,809,1055,34.68
2172,407,629,20.68
2172,504,2882,94.68
2172,714,537,17.68
2172,1312,2121,69.68
83980,605,964,31.68
95593,305,902,29.68
95593,306,902,29.68
10573,428,2882,94.68
10573,1113,1756,57.68
90082,708,933,30.68
90082,1113,1572,51.68
90082,1312,933,30.68
613,202,1086,35.68
613,1627,1115,36.68
613,1630,1421,46.68
46445,304,2668,87.68
46445,498,964,31.68
78136,426,1025,33.68
32959,1701,1391,45.68
32959,1801,1695,55.68
39609,304,964,31.68
39609,305,964,31.68
39609,412,2516,82.68
39609,712,2516,82.68
39609,1622,1511,49.68
21653,1614,1968,64.68
44855,305,1086,35.68
44855,511,994,32.68
44855,1117,2121,69.68
44855,1215,1391,45.68
98365,406,2486,81.68
98365,1617,3612,118.68
98365,1898,3521,115.68
86392,1701,6047,198.68
40360,423,7355,241.68
40360,1113,1115,36.68
40360,1701,7021,230.68
40360,1812,1452,47.68
38217,1198,5163,169.68
38217,101,811,26.68
38217,201,964,31.68
38217,1110,5163,169.68
38217,1215,1177,38.68
78286,198,3916,128.68
78286,306,2913,95.68
78286,406,964,31.68
78286,407,964,31.68
78286,423,964,31.68
78286,432,1177,38.68
78286,916,4252,139.68
78286,1601,4160,136.68
78286,1709,2029,66.68
78286,1801,4252,139.68
78286,1898,2060,67.68
67276,426,994,32.68
56422,307,1055,34.68
56422,426,3247,106.68
91235,1704,2090,68.68
91235,1805,1603,52.68
91235,1812,1421,46.68
23149,304,1025,33.68
23149,714,2121,69.68
93825,406,841,27.68
93825,1601,1299,42.68
93825,1609,2760,90.68
93825,1627,2029,66.68
93825,1634,2882,94.68
59111,306,2394,78.68
59111,504,2394,78.68
59111,713,5316,174.68
59111,714,1177,38.68
2010,201,841,27.68
12687,304,933,30.68
12687,1801,1330,43.68
61024,915,1330,43.68
61024,1111,1725,56.68
61024,1113,1725,56.68
75397,1634,2241,73.68
90058,304,1907,62.68
90058,1298,1391,45.68
90058,1601,1907,62.68
90058,1634,1511,49.68
90058,1701,2210,72.68
98426,1617,933,30.68
42896,108,1664,54.68
42896,412,4068,133.68
42896,713,3247,106.68
42896,1810,3186,104.68
41099,1622,1452,47.68
1033,202,1115,36.68
1033,1701,2638,86.68
32823,713,1786,58.68
32823,1609,872,28.68
32823,1617,1664,54.68
27014,1605,1238,40.68
27014,1609,1238,40.68
27014,1637,1207,39.68
32428,406,994,32.68
32428,1634,1756,57.68
32428,1701,1421,46.68
32428,1798,994,32.68
32428,1805,1725,56.68
91178,201,1086,35.68
91178,305,4008,131.68
91178,512,2182,71.68
91178,705,1452,47.68
91178,916,1817,59.68
91178,1215,1937,63.68
91178,1298,1937,63.68
81207,305,964,31.68
81207,306,964,31.68
81207,1117,1268,41.68
81207,1609,1907,62.68
81207,1617,1845,60.68
81207,1634,1907,62.68
13967,306,2333,76.68
13967,426,3947,129.68
13967,1110,933,30.68
8811,304,2821,92.68
8811,306,1360,44.68
8811,423,5043,165.68
8811,1703,1360,44.68
58982,1598,5104,167.68
58982,107,5104,167.68
58982,304,872,28.68
58982,1110,5104,167.68
58982,1614,902,29.68
78224,202,2210,72.68
78224,304,1177,38.68
78224,411,2882,94.68
78224,498,841,27.68
78224,1637,902,29.68
78224,1701,3278,107.68
78224,1801,964,31.68
60109,712,3094,101.68
60109,1605,3125,102.68
60109,1801,1725,56.68
62658,116,933,30.68
62658,304,1664,54.68
62658,306,2882,94.68
62658,398,1664,54.68
62658,1617,1299,42.68
62658,1801,5316,174.68
62658,1803,1360,44.68
55971,698,3551,116.68
55971,1004,3521,115.68
55971,108,933,30.68
55971,304,3916,128.68
55971,306,1391,45.68
55971,307,3916,128.68
55971,698,994,32.68
55971,1010,3916,128.68
55971,1605,3278,107.68
55971,1817,994,32.68
69531,405,1603,52.68
69531,412,1603,52.68
69531,1114,1664,54.68
102013,205,568,18.68
102013,208,537,17.68
102013,305,749,24.68
102013,406,507,16.68
102013,608,749,24.68
102013,705,1695,55.68
102013,1211,749,24.68
102013,1617,4617,151.68
102013,1708,2852,93.68
103266,202,4890,160.68
103266,407,1238,40.68
103266,411,5104,167.68
103266,432,4890,160.68
103266,1112,2760,90.68
103266,1117,2760,90.68
103266,1631,1968,64.68
103266,1701,2210,72.68
103266,1705,599,19.68
74420,410,1086,35.68
74420,426,1055,34.68
74420,1106,1845,60.68
74420,1113,1845,60.68
38284,1634,2060,67.68
67635,298,4647,152.68
67635,406,4586,150.68
67635,410,4586,150.68
67635,412,4586,150.68
67635,414,4313,141.68
67635,426,4221,138.68
67635,708,1146,37.68
67635,711,1146,37.68
67635,1113,4708,154.68
67635,1216,1391,45.68
67635,1701,1817,59.68
67635,1709,5894,193.68
67635,1798,6200,203.68
67635,1804,6259,205.68
67635,1898,5377,176.68
47399,306,1268,41.68
47399,712,1786,58.68
45670,311,3337,109.68
45670,1106,2394,78.68
43414,305,1025,33.68
43414,908,2121,69.68
43414,1111,1876,61.68
43414,1205,1876,61.68
43414,1215,964,31.68
76682,504,3916,128.68
76682,1627,5043,165.68
58784,504,4282,140.68
58784,1701,2791,91.68
58784,1705,2425,79.68
20048,102,3125,102.68
20048,705,4586,150.68
20048,1113,1480,48.68
20048,1810,6716,220.68
86192,426,2029,66.68
21997,423,1330,43.68
70822,304,1086,35.68
70822,398,1603,52.68
70822,426,1299,42.68
70822,429,1572,51.68
70822,1215,1207,39.68
70822,1898,1603,52.68
56462,198,1360,44.68
56462,202,1725,56.68
56462,407,1055,34.68
56462,432,1330,43.68
56462,1701,1299,42.68
56462,1801,1360,44.68
57136,1801,2852,93.68
37880,202,841,27.68
37466,202,902,29.68
37466,426,1055,34.68
37466,708,902,29.68
37466,709,902,29.68
37466,1798,902,29.68
15544,202,902,29.68
23176,504,994,32.68
23176,598,994,32.68
23176,1215,1238,40.68
23176,1802,1633,53.68
23176,1810,1968,64.68
13352,198,2607,85.68
13352,304,3278,107.68
13352,428,1664,54.68
31956,1813,2302,75.68
70067,1805,2182,71.68
6054,1619,1937,63.68
6054,1627,1817,59.68
6054,1701,1238,40.68
6054,1817,1055,34.68
12376,712,902,29.68
93453,1113,2607,85.68
93453,1617,1360,44.68
93453,1801,1452,47.68
93453,1805,4982,163.68
88669,498,1146,37.68
88669,1605,1238,40.68
88669,1898,1207,39.68
96178,110,4920,161.68
96178,198,4920,161.68
96178,304,2151,70.68
62496,423,1025,33.68
62496,426,994,32.68
62496,1616,1330,43.68
89608,304,902,29.68
33554,1630,3156,103.68
33554,1801,872,28.68
85388,406,2182,71.68
85388,425,2394,78.68
85388,1798,2333,76.68
95603,426,1238,40.68
95603,705,721,23.68
53971,1198,4767,156.68
53971,304,1664,54.68
53971,306,3156,103.68
53971,412,2852,93.68
53971,415,3217,105.68
28245,304,1725,56.68
28245,305,1725,56.68
28245,306,1725,56.68
28245,398,1725,56.68
28245,498,1725,56.68
28245,1105,1937,63.68
28245,1898,1725,56.68
37015,414,1238,40.68
37015,432,964,31.68
37015,705,933,30.68
37015,1015,3794,124.68
37015,1801,1603,52.68
82490,712,1115,36.68
85319,1598,3398,111.68
85319,1108,3398,111.68
99822,304,841,27.68
99822,310,1207,39.68
99822,432,841,27.68
99822,1614,841,27.68
42423,708,1603,52.68
75205,404,1998,65.68
75205,1804,2547,83.68
75205,1810,2547,83.68
35793,203,1756,57.68
37990,307,1177,38.68
37990,424,2060,67.68
37990,1098,1511,49.68
37990,1108,1968,64.68
37990,1637,2241,73.68
86071,305,994,32.68
86071,313,3886,127.68
86071,414,872,28.68
86071,423,872,28.68
97280,1103,2333,76.68
97280,202,690,22.68
97280,426,690,22.68
97280,1105,811,26.68
91577,708,2333,76.68
91577,1617,2486,81.68
487,304,902,29.68
487,307,902,29.68
487,1801,2972,97.68
487,1898,2972,97.68
38193,504,1633,53.68
38193,1111,1025,33.68
90516,404,1725,56.68
90516,406,1725,56.68
90516,423,1725,56.68
90516,1098,4099,134.68
42366,304,933,30.68
42366,305,933,30.68
42366,1111,933,30.68
10438,1215,1695,55.68
39742,304,1603,52.68
39742,305,1603,52.68
39742,410,3156,103.68
39742,411,3156,103.68
39742,713,3947,129.68
39742,798,3551,116.68
39742,1108,3551,116.68
20976,713,2060,67.68
20976,1215,2972,97.68
20976,1605,1725,56.68
77456,102,2547,83.68
77456,201,2607,85.68
77456,1005,2913,95.68
77456,1801,1146,37.68
83282,102,8451,277.68
83282,1113,8757,287.68
54310,423,964,31.68
54310,1812,1115,36.68
15216,203,1786,58.68
15216,304,872,28.68
15216,307,872,28.68
15216,415,1115,36.68
15216,498,1115,36.68
15216,603,3643,119.68
15216,610,3643,119.68
5475,102,2547,83.68
5475,407,3551,116.68
5475,410,4890,160.68
5475,1113,2913,95.68
5475,1617,2455,80.68
5475,1812,5469,179.68
5475,1817,2913,95.68
84621,205,599,19.68
84621,304,1845,60.68
84621,305,1845,60.68
84621,809,902,29.68
84621,911,811,26.68
84621,1802,2272,74.68
84621,1803,660,21.68
76989,914,1177,38.68
76989,1108,2455,80.68
34992,198,1511,49.68
34992,202,1876,61.68
34992,408,2090,68.68
34992,910,1268,41.68
34992,1106,994,32.68
34992,1113,1725,56.68
34992,1804,4282,140.68
53462,405,3582,117.68
53462,426,3582,117.68
53462,430,4190,137.68
53462,1112,1756,57.68
53462,1113,1756,57.68
53462,1605,4160,136.68
53462,1805,4190,137.68
53271,1619,3094,101.68
94829,426,3551,116.68
69077,304,1452,47.68
69077,305,1452,47.68
69077,398,1452,47.68
69077,1198,1786,58.68
69077,1613,3306,108.68
78202,304,1360,44.68
78202,305,1360,44.68
98920,432,660,21.68
98920,915,2821,92.68
98920,1801,2913,95.68
17728,305,2972,97.68
56955,1802,1055,34.68
14934,904,1086,35.68
14934,908,1086,35.68
52825,1105,1268,41.68
52825,1198,2029,66.68
90261,424,1299,42.68
90261,1609,1299,42.68
90261,1622,1299,42.68
62555,410,1603,52.68
62555,411,1421,46.68
62555,423,1603,52.68
62555,1407,1025,33.68
62555,1815,1025,33.68
1285,304,629,20.68
1285,305,629,20.68
1285,711,599,19.68
55589,1817,3156,103.68
47558,205,1452,47.68
47558,504,2760,90.68
89151,598,2699,88.68
89151,510,2668,87.68
89151,1802,1360,44.68
62111,305,964,31.68
62111,306,1817,59.68
94894,1105,2029,66.68
94894,1110,3278,107.68
17048,1805,2791,91.68
88088,1198,933,30.68
88088,411,872,28.68
88088,423,994,32.68
88088,1117,933,30.68
88088,1609,1268,41.68
88088,1617,1238,40.68
97453,412,2486,81.68
97453,426,2121,69.68
97453,915,1725,56.68
74996,202,2455,80.68
74996,203,3429,112.68
74996,305,1603,52.68
74996,405,994,32.68
74996,407,1391,45.68
74996,1098,3156,103.68
74996,1704,3125,102.68
74996,1810,2363,77.68
74996,1898,3125,102.68
96096,914,1207,39.68
96096,916,1330,43.68
96096,1015,721,23.68
96096,1605,1025,33.68
86367,1622,994,32.68
86977,202,2972,97.68
86977,406,1360,44.68
86977,1215,3337,109.68
77932,108,1146,37.68
77932,1110,1025,33.68
75046,202,1115,36.68
60283,198,1025,33.68
60283,698,1421,46.68
60283,709,1115,36.68
58459,202,3064,100.68
58459,405,3033,99.68
58459,410,2182,71.68
58459,414,2182,71.68
58459,426,2182,71.68
238,719,1968,64.68
238,1813,3824,125.68
61585,428,1452,47.68
61585,1817,1480,48.68
35607,1701,3003,98.68
96737,110,780,25.68
96737,198,780,25.68
84666,708,872,28.68
84666,709,872,28.68
40243,407,933,30.68
40243,426,933,30.68
40243,809,3398,111.68
40243,1106,994,32.68
40243,1627,933,30.68
40243,1698,933,30.68
40243,1817,2210,72.68
89813,1812,3490,114.68
79607,404,933,30.68
79607,406,933,30.68
79607,412,933,30.68
79607,426,933,30.68
79607,1013,1055,34.68
101519,305,1360,44.68
96056,1637,721,23.68
65035,304,2394,78.68
65035,305,1299,42.68
65035,428,1299,42.68
65035,914,2060,67.68
65035,1108,5255,172.68
65035,1798,3733,122.68
65035,1812,2516,82.68
68784,412,1695,55.68
68784,426,1695,55.68
68784,610,1664,54.68
68784,705,902,29.68
68784,712,1695,55.68
68784,1616,1817,59.68
68784,1812,1055,34.68
75198,504,3671,120.68
75198,305,3278,107.68
75198,428,2182,71.68
75198,504,2210,72.68
75198,1312,1817,59.68
75198,1801,4708,154.68
46475,304,994,32.68
46475,305,994,32.68
18480,304,902,29.68
18480,498,2241,73.68
87072,305,1086,35.68
87072,1801,1725,56.68
72680,304,933,30.68
72680,798,872,28.68
72680,1640,3702,121.68
25690,1809,1391,45.68
80946,305,1937,63.68
80946,306,1937,63.68
80946,713,2760,90.68
80946,911,902,29.68
80946,1215,902,29.68
80946,1898,4708,154.68
89974,1110,2668,87.68
89974,1112,2668,87.68
89974,1113,1391,45.68
89974,1637,2302,75.68
89974,1801,1452,47.68
89974,1805,2668,87.68
89974,1808,2668,87.68
89974,1809,2668,87.68
89974,1810,2668,87.68
89974,1812,2668,87.68
89974,1817,2668,87.68
12485,1616,2516,82.68
12485,1634,2121,69.68
12485,1898,841,27.68
61955,1617,1086,35.68
43603,304,1725,56.68
43603,305,1268,41.68
43603,430,4190,137.68
43603,432,1391,45.68
43603,1105,2972,97.68
43603,1601,1360,44.68
29636,305,1055,34.68
28142,112,4190,137.68
28142,305,2486,81.68
28142,1112,3977,130.68
28142,1805,3763,123.68
28142,1810,3763,123.68
36998,708,1633,53.68
36998,1701,1360,44.68
34072,108,4890,160.68
34072,112,5224,171.68
34072,205,1146,37.68
34072,305,3824,125.68
34072,306,3643,119.68
34072,713,1391,45.68
34072,804,5194,170.68
34072,1110,3125,102.68
34072,1113,3702,121.68
34072,1605,2576,84.68
34072,1614,1907,62.68
34072,1627,3702,121.68
34072,1801,2333,76.68
34072,1817,5132,168.68
34072,1898,4433,145.68
45494,1616,2060,67.68
96194,306,1238,40.68
96194,915,1146,37.68
96194,1110,3551,116.68
96194,1113,2607,85.68
96194,1622,5163,169.68
96194,1634,5163,169.68
96194,1817,1907,62.68
81583,305,1207,39.68
81583,1017,3186,104.68
81583,1898,3643,119.68
3017,514,902,29.68
3017,713,902,29.68
3017,908,872,28.68
3017,916,841,27.68
3017,1410,1937,63.68
3017,1617,3125,102.68
3017,1698,902,29.68
3017,1812,1542,50.68
30334,307,964,31.68
30334,1816,2394,78.68
21105,305,1421,46.68
21105,1622,3490,114.68
9456,423,1268,41.68
9456,1704,1330,43.68
69957,198,1695,55.68
85950,205,1421,46.68
85950,411,5438,178.68
85950,426,811,26.68
85950,428,1055,34.68
85950,432,5438,178.68
85950,1105,2151,70.68
85950,1705,5438,178.68
85950,1798,2882,94.68
85950,1801,4708,154.68
85950,1898,2151,70.68
61099,411,2607,85.68
61099,432,2607,85.68
61099,1603,2607,85.68
61099,1698,2607,85.68
61099,1801,2729,89.68
61099,1817,1086,35.68
96151,713,749,24.68
96151,1110,872,28.68
96151,1215,811,26.68
80205,1113,3582,117.68
80205,1117,3064,100.68
80205,1305,994,32.68
90107,428,1695,55.68
90107,705,1055,34.68
90107,1110,2791,91.68
99570,398,1115,36.68
99570,1619,1115,36.68
84264,1416,2029,66.68
84264,1704,1695,55.68
84264,1798,1603,52.68
37556,304,1025,33.68
37556,1605,1633,53.68
37556,1817,1086,35.68
27080,1105,1268,41.68
27080,1801,964,31.68
81426,202,3156,103.68
81426,304,1025,33.68
81426,411,3156,103.68
81426,432,3125,102.68
81426,713,2241,73.68
81426,915,3521,115.68
81426,1701,872,28.68
81426,1801,2333,76.68
60350,426,1238,40.68
97209,304,1207,39.68
97209,305,721,23.68
97209,707,4068,133.68
97209,713,4068,133.68
97209,1215,1968,64.68
97209,1605,3278,107.68
97209,1616,1177,38.68
22500,205,933,30.68
22500,1801,4402,144.68
29870,510,1086,35.68
13514,1619,1511,49.68
95773,206,2516,82.68
95773,313,4221,138.68
46665,1617,1330,43.68
18984,415,1268,41.68
18984,1802,3186,104.68
18984,1812,1452,47.68
85701,305,902,29.68
55361,116,1725,56.68
55361,304,1086,35.68
55361,307,1086,35.68
55361,708,964,31.68
63827,916,3855,126.68
63827,1614,3855,126.68
68018,498,4647,152.68
68018,504,1725,56.68
48711,1216,964,31.68
48711,1217,964,31.68
34345,203,1055,34.68
34345,1801,1055,34.68
43729,116,1238,40.68
43729,424,1268,41.68
43729,498,4555,149.68
43729,1111,933,30.68
43729,1210,933,30.68
43729,1801,2029,66.68
43729,1898,933,30.68
21425,428,1391,45.68
71342,423,2241,73.68
65599,1198,4586,150.68
65599,426,3824,125.68
65599,428,1695,55.68
65599,1108,4525,148.68
65599,1812,1907,62.68
57453,1801,1207,39.68
5311,305,2090,68.68
5311,406,3125,102.68
5311,1298,2060,67.68
13529,1215,1633,53.68
13014,708,1086,35.68
13014,713,1086,35.68
73272,202,1025,33.68
73272,304,599,19.68
73272,305,1330,43.68
73272,414,599,19.68
73272,809,1207,39.68
73272,1801,4798,157.68
73272,1815,1055,34.68
33661,414,1268,41.68
33661,426,902,29.68
33661,1105,1421,46.68
57375,426,4282,140.68
57375,1215,4402,144.68
57375,1703,1603,52.68
79511,916,1937,63.68
103180,102,1055,34.68
103180,202,2882,94.68
103180,205,1055,34.68
103180,304,2151,70.68
103180,305,1421,46.68
29993,305,1238,40.68
29993,307,1238,40.68
29993,1110,3947,129.68
29993,1704,3855,126.68
29993,1812,994,32.68
37797,910,1572,51.68
37797,916,690,22.68
37797,1113,1572,51.68
73471,1605,2882,94.68
73471,1609,2090,68.68
97810,1812,1238,40.68
86445,504,4555,149.68
86445,102,2363,77.68
86445,305,4402,144.68
86445,313,5285,173.68
86445,504,4190,137.68
86445,1111,4374,143.68
86445,1210,4374,143.68
86445,1216,933,30.68
86445,1898,4374,143.68
51225,1111,933,30.68
63880,1111,2486,81.68
63880,1112,1055,34.68
63880,1113,4068,133.68
63880,1701,3733,122.68
44305,426,1756,57.68
12408,1113,1756,57.68
12408,1698,3490,114.68
20974,1607,1115,36.68
20974,1617,1115,36.68
18450,305,933,30.68
82760,305,1115,36.68
82760,306,1115,36.68
41002,104,1177,38.68
41002,201,1177,38.68
41002,202,1177,38.68
41002,916,1177,38.68
3059,205,1360,44.68
3059,304,2425,79.68
3059,307,2425,79.68
3059,432,4464,146.68
3059,706,4190,137.68
3059,708,4190,137.68
3059,1105,2425,79.68
3059,1601,4464,146.68
3059,1627,4464,146.68
3059,1898,2425,79.68
63065,423,1330,43.68
63065,916,1330,43.68
63065,1112,2972,97.68
63065,1817,2791,91.68
61393,1637,933,30.68
61393,1801,902,29.68
23967,304,2121,69.68
23967,705,1725,56.68
23967,1622,2121,69.68
23967,1801,1391,45.68
23967,1803,1725,56.68
54227,504,6139,201.68
54227,908,1756,57.68
54227,1113,2486,81.68
54227,1627,1756,57.68
2275,305,1725,56.68
2275,306,1725,56.68
2275,1617,2852,93.68
2275,1622,1025,33.68
2275,1704,2210,72.68
88908,432,902,29.68
88908,598,1421,46.68
88908,698,1421,46.68
88908,1110,2852,93.68
88908,1113,1025,33.68
88908,1708,4739,155.68
88908,1812,4037,132.68
40288,202,3824,125.68
40288,304,2852,93.68
40288,305,1968,64.68
40288,306,4433,145.68
40288,504,4708,154.68
40288,1616,3643,119.68
40288,1701,4464,146.68
86341,1805,1146,37.68
18461,426,994,32.68
18461,708,994,32.68
82952,203,1695,55.68
82952,305,1238,40.68
80857,305,2060,67.68
80857,405,1756,57.68
80857,412,1572,51.68
80857,426,1572,51.68
67277,412,2090,68.68
67277,898,933,30.68
67277,1612,4647,152.68
67277,1810,1756,57.68
15887,408,1572,51.68
15887,1701,2576,84.68
1448,120,1817,59.68
1448,304,1177,38.68
1448,305,1177,38.68
1448,306,1177,38.68
1448,408,964,31.68
1448,914,933,30.68
1448,916,933,30.68
1448,1204,1238,40.68
1448,1216,964,31.68
1448,1627,1817,59.68
66751,198,2882,94.68
66751,405,1177,38.68
66751,410,1177,38.68
66751,432,1177,38.68
94874,1310,1452,47.68
94874,1801,749,24.68
12412,411,2791,91.68
12412,428,1086,35.68
12412,707,1756,57.68
12412,1215,2972,97.68
45438,104,1452,47.68
45438,109,3033,99.68
45438,305,3306,108.68
45438,601,5804,190.68
45438,607,5804,190.68
45438,714,3521,115.68
45438,1113,2486,81.68
45438,1801,3916,128.68
45438,1898,5743,188.68
60921,305,1845,60.68
60921,1117,1603,52.68
12887,304,2363,77.68
12887,313,4374,143.68
12887,432,4313,141.68
51232,428,1511,49.68
51232,504,1817,59.68
51232,708,1086,35.68
87811,102,1845,60.68
87811,205,2455,80.68
87811,304,5163,169.68
87811,307,4555,149.68
87811,428,3337,109.68
87811,908,1725,56.68
87811,1106,1845,60.68
87811,1111,1845,60.68
87811,1204,1845,60.68
87811,1205,1845,60.68
87811,1210,1845,60.68
87811,1212,994,32.68
87811,1217,994,32.68
87811,1312,4282,140.68
87811,1605,6473,212.68
87811,1701,2638,86.68
87811,1901,4282,140.68
88512,304,1146,37.68
88512,305,1146,37.68
88512,411,2394,78.68
88512,809,2729,89.68
88512,1701,2941,96.68
78318,1705,994,32.68
44669,102,2607,85.68
44669,205,1876,61.68
44669,305,1907,62.68
44669,809,1452,47.68
88615,201,5012,164.68
88615,298,5012,164.68
88615,304,1603,52.68
88615,305,1603,52.68
88615,313,5012,164.68
49615,428,1238,40.68
49615,1205,964,31.68
7265,208,1360,44.68
7265,304,1360,44.68
7265,305,1330,43.68
7265,411,1330,43.68
56228,426,994,32.68
56228,1622,3247,106.68
56228,1640,3247,106.68
56228,1710,1330,43.68
56228,1801,2394,78.68
74316,202,2607,85.68
74316,305,2241,73.68
74316,306,2455,80.68
74316,404,2607,85.68
74316,423,2607,85.68
74316,426,2182,71.68
74316,1801,994,32.68
98501,915,1511,49.68
98501,998,1511,49.68
98501,1305,1876,61.68
98501,1627,690,22.68
93885,203,721,23.68
93885,304,721,23.68
93885,423,1025,33.68
23477,304,1817,59.68
23477,412,1817,59.68
23477,426,1452,47.68
23477,1801,1299,42.68
71526,307,1633,53.68
71526,412,2272,74.68
71526,426,2516,82.68
71526,707,1115,36.68
71526,909,964,31.68
71526,1112,2272,74.68
71526,1627,2272,74.68
71526,1816,2486,81.68
11483,102,1146,37.68
11483,198,1146,37.68
11483,304,1391,45.68
11483,305,1391,45.68
11483,1110,3977,130.68
11483,1709,5163,169.68
90162,1798,841,27.68
43754,1617,2182,71.68
79609,304,1299,42.68
79609,406,1299,42.68
79609,432,1299,42.68
79609,1616,1330,43.68
79609,1801,1937,63.68
79609,1812,1664,54.68
59875,1117,2821,92.68
59875,1704,2882,94.68
71817,116,1421,46.68
71817,304,1786,58.68
71817,305,1786,58.68
71817,307,1786,58.68
71817,411,4282,140.68
71817,915,1786,58.68
71817,1801,5438,178.68
71817,1810,4402,144.68
71817,1898,4951,162.68
91118,498,1025,33.68
91118,713,1968,64.68
91118,1634,2060,67.68
102494,305,1695,55.68
102494,306,2791,91.68
102494,1110,1907,62.68
55785,1801,1572,51.68
78764,707,1268,41.68
78764,1812,1876,61.68
78764,1898,1268,41.68
85969,408,2729,89.68
85969,1105,4617,151.68
85969,1798,5285,173.68
77622,1798,1633,53.68
36572,1198,1391,45.68
36572,311,1299,42.68
36572,1617,1115,36.68
759,432,902,29.68
48043,107,2638,86.68
48043,404,1664,54.68
48043,432,2241,73.68
48043,610,2699,88.68
48043,1105,1845,60.68
48043,1605,2699,88.68
48043,1898,2060,67.68
47421,426,1542,50.68
6223,1204,1299,42.68
61519,1616,2302,75.68
61519,1617,2302,75.68
61519,1698,2302,75.68
40380,1215,1725,56.68
2696,1617,2455,80.68
2696,1813,2363,77.68
1113,411,2668,87.68
1113,1998,1998,65.68
27373,1801,1086,35.68
27373,1805,933,30.68
50313,1813,8696,285.68
4470,1598,2241,73.68
4470,304,2241,73.68
4470,305,2241,73.68
4470,307,2241,73.68
4470,423,2241,73.68
4470,428,872,28.68
4470,1111,2241,73.68
45708,1634,1360,44.68
45708,1805,1268,41.68
94494,304,1542,50.68
94494,313,1998,65.68
94494,404,1572,51.68
94494,1312,1452,47.68
94494,1407,1572,51.68
94494,1637,1937,63.68
94494,1698,1542,50.68
100679,108,1633,53.68
100679,1617,1633,53.68
100679,1817,568,18.68
6425,432,872,28.68
6425,1810,3003,98.68
3920,203,1876,61.68
3920,411,1876,61.68
3920,713,1177,38.68
3920,1634,1876,61.68
3920,1637,1876,61.68
3920,1640,1876,61.68
3920,1698,1876,61.68
3920,1801,1756,57.68
67816,404,2760,90.68
67816,504,2760,90.68
67816,518,933,30.68
67816,1113,933,30.68
16144,708,994,32.68
16144,804,1055,34.68
16144,916,933,30.68
81298,1622,1086,35.68
80994,304,2210,72.68
80994,1634,2821,92.68
63686,304,1756,57.68
63686,305,1756,57.68
63686,306,1756,57.68
95708,1805,1207,39.68
78262,411,964,31.68
78262,498,933,30.68
78262,1817,1756,57.68
98353,202,690,22.68
98353,1113,902,29.68
51035,305,2882,94.68
51035,406,2576,84.68
51035,1117,3886,127.68
27136,304,2638,86.68
27136,305,2638,86.68
27136,307,1025,33.68
27136,313,2638,86.68
27136,405,3551,116.68
27136,407,1025,33.68
27136,424,1268,41.68
27136,1704,2791,91.68
14042,306,1086,35.68
14042,405,1055,34.68
65922,398,1238,40.68
65922,498,964,31.68
65922,712,1603,52.68
102628,202,568,18.68
102628,412,2272,74.68
102628,426,2272,74.68
102628,712,2272,74.68
102628,1609,2363,77.68
102628,1617,2363,77.68
102628,1801,1998,65.68
75924,304,1177,38.68
75924,1609,1360,44.68
75924,1801,1907,62.68
75924,1813,1086,35.68
101149,1105,721,23.68
101149,1637,1480,48.68
89620,398,4313,141.68
89620,310,4313,141.68
89620,426,3794,124.68
89620,428,1480,48.68
89620,1112,1511,49.68
89620,1801,3247,106.68
89620,1810,3094,101.68
89620,1898,1177,38.68
99837,1215,780,25.68
50708,1614,1299,42.68
57720,1605,3490,114.68
39521,426,1695,55.68
39521,504,2852,93.68
39521,1312,1756,57.68
39521,1815,994,32.68
6804,405,2516,82.68
6804,406,2151,70.68
6804,407,2151,70.68
6804,1617,2607,85.68
99138,415,4464,146.68
49669,306,933,30.68
74769,504,1299,42.68
74769,713,1786,58.68
74769,1616,964,31.68
74769,1798,1542,50.68
11558,428,2882,94.68
11558,705,933,30.68
25858,103,1817,59.68
25858,201,1025,33.68
25858,809,1299,42.68
25858,1113,1025,33.68
68608,202,5255,172.68
68608,304,1664,54.68
68608,428,1633,53.68
68608,1110,5408,177.68
68608,1119,902,29.68
68608,1305,1695,55.68
68608,1312,994,32.68
68608,1640,5377,176.68
27482,426,2151,70.68
86335,1810,1086,35.68
70045,404,1146,37.68
70045,498,1115,36.68
70045,708,1664,54.68
70045,809,1664,54.68
83891,1108,902,29.68
83891,1798,1115,36.68
71334,428,1725,56.68
49303,102,1786,58.68
49303,112,6078,199.68
49303,202,2638,86.68
49303,304,2333,76.68
49303,305,2333,76.68
49303,307,2333,76.68
49303,412,2455,80.68
49303,426,2455,80.68
49303,428,2121,69.68
49303,1113,1207,39.68
23023,1798,1330,43.68
23023,1801,2516,82.68
23023,1817,749,24.68
19031,298,1177,38.68
19031,1703,1360,44.68
19031,1815,2363,77.68
35705,109,1817,59.68
35705,201,1968,64.68
35705,305,1572,51.68
35705,307,2455,80.68
35705,407,3217,105.68
35705,411,2821,92.68
35705,432,4282,140.68
35705,915,5012,164.68
35705,1110,6259,205.68
35705,1798,3186,104.68
21060,203,1299,42.68
21060,311,1177,38.68
21060,424,1025,33.68
21060,1617,1299,42.68
6178,1622,1238,40.68
8541,412,1695,55.68
8541,426,1695,55.68
8541,1801,1756,57.68
54446,426,1391,45.68
21596,1198,1480,48.68
21596,1801,1756,57.68
21596,1812,902,29.68
71433,432,1603,52.68
71433,1617,1542,50.68
71433,1627,1238,40.68
98175,1704,2182,71.68
8382,305,1177,38.68
8382,306,1177,38.68
8382,1705,964,31.68
79773,304,902,29.68
43682,1215,1452,47.68
43682,1627,2455,80.68
80957,408,933,30.68
80957,426,933,30.68
47215,803,1633,53.68
47215,1701,4494,147.68
47215,1801,1055,34.68
47215,1805,1055,34.68
47215,1817,1207,39.68
47215,1898,4708,154.68
41462,198,1268,41.68
47830,304,1146,37.68
47830,305,1146,37.68
47830,405,3612,118.68
47830,428,3612,118.68
47830,714,2425,79.68
47830,1117,1268,41.68
47830,1801,1845,60.68
47830,1802,3794,124.68
47830,1817,3702,121.68
85670,208,2182,71.68
85670,798,2547,83.68
85670,1898,2607,85.68
73738,306,1786,58.68
73738,425,2913,95.68
73738,426,2913,95.68
73738,705,1177,38.68
73738,1817,2821,92.68
38293,713,902,29.68
38293,916,872,28.68
38293,1617,1268,41.68
33357,1617,1146,37.68
29865,203,1207,39.68
29865,415,1725,56.68
7026,1598,3643,119.68
7026,304,3551,116.68
7026,305,2882,94.68
7026,1298,3612,118.68
84591,1215,1452,47.68
92939,110,2363,77.68
30840,307,1299,42.68
30840,408,3186,104.68
30840,428,2729,89.68
30840,1812,1360,44.68
30840,1817,3247,106.68
3772,713,1998,65.68
3772,1605,2363,77.68
3772,1617,3490,114.68
3772,1703,994,32.68
3772,1813,3429,112.68
63767,102,1268,41.68
63767,103,1268,41.68
63767,118,1268,41.68
63767,198,1268,41.68
63767,408,1756,57.68
63767,423,1756,57.68
63767,514,1268,41.68
63767,1113,1146,37.68
63767,1605,4068,133.68
63767,1617,1146,37.68
101068,202,1876,61.68
101068,304,1391,45.68
101068,404,2972,97.68
101068,407,2972,97.68
101068,1817,902,29.68
8161,1312,1664,54.68
8161,1605,2333,76.68
8161,1701,3916,128.68
8161,1703,1542,50.68
8161,1704,4586,150.68
8161,1801,1480,48.68
95283,198,1268,41.68
40850,304,2151,70.68
40850,398,2913,95.68
40850,504,1786,58.68
40850,698,4951,162.68
87683,198,1115,36.68
87683,304,902,29.68
87683,305,902,29.68
87683,313,2576,84.68
87683,405,994,32.68
87683,713,1207,39.68
87683,1802,964,31.68
87683,1811,994,32.68
87683,1816,1968,64.68
87683,1898,1207,39.68
52022,1598,5012,164.68
52022,104,5012,164.68
52022,202,5012,164.68
77593,205,1086,35.68
77593,304,2121,69.68
77593,307,2121,69.68
77593,411,5316,174.68
77593,428,2486,81.68
77593,504,2486,81.68
77593,1198,2029,66.68
77593,1701,3033,99.68
77593,1704,3429,112.68
77593,1802,4525,148.68
77593,1817,1695,55.68
77593,1898,2029,66.68
1727,426,902,29.68
1727,1601,1421,46.68
1727,1627,1086,35.68
1727,1701,2852,93.68
1727,1703,1786,58.68
1727,1801,1421,46.68
14728,304,1055,34.68
14728,1617,1786,58.68
52411,1113,902,29.68
52928,101,1876,61.68
52928,102,1876,61.68
52928,103,1876,61.68
52928,104,1876,61.68
52928,916,2607,85.68
49022,426,1391,45.68
66951,1101,1695,55.68
66951,305,994,32.68
66951,412,1725,56.68
66951,423,1725,56.68
66951,712,1725,56.68
66951,1198,1725,56.68
29101,202,5377,176.68
29101,428,4647,152.68
29101,707,1756,57.68
29101,809,3186,104.68
29101,1105,2090,68.68
29101,1113,1360,44.68
86102,423,1146,37.68
86102,713,1086,35.68
86102,1622,1146,37.68
20832,1801,1756,57.68
46128,1898,1086,35.68
44866,1634,811,26.68
44866,1802,1115,36.68
100899,1109,721,23.68
84740,306,1177,38.68
84740,423,902,29.68
84740,426,902,29.68
84740,1117,2151,70.68
90900,304,1055,34.68
90900,510,1055,34.68
68111,108,841,27.68
68111,610,1177,38.68
68111,1628,1360,44.68
68111,1801,1055,34.68
88554,412,2302,75.68
88554,712,2302,75.68
60420,423,1725,56.68
60420,1215,2455,80.68
32969,1801,1633,53.68
32969,1817,1511,49.68
72557,102,1025,33.68
72557,201,1725,56.68
72557,305,2576,84.68
72557,504,994,32.68
72557,1106,2455,80.68
72557,1113,2455,80.68
72557,1307,1025,33.68
6006,1617,3429,112.68
6006,1634,3490,114.68
6006,1801,964,31.68
47229,305,1817,59.68
47229,1117,1817,59.68
84719,1803,902,29.68
84719,1898,902,29.68
58480,498,1633,53.68
11354,202,1845,60.68
11354,304,1786,58.68
11354,305,3186,104.68
11354,313,5073,166.68
11354,712,4190,137.68
11354,914,2182,71.68
11354,916,1025,33.68
11354,1622,1268,41.68
11354,1637,3064,100.68
52473,1898,1268,41.68
4365,202,1115,36.68
4365,414,1391,45.68
4365,424,964,31.68
4365,798,1299,42.68
4365,916,1177,38.68
4365,1105,2060,67.68
4365,1617,1845,60.68
4365,1710,4160,136.68
29022,306,1055,34.68
29022,408,1025,33.68
29022,498,3278,107.68
29022,1112,3186,104.68
29022,1609,2882,94.68
29022,1622,2972,97.68
29022,1703,2455,80.68
29022,1704,1817,59.68
29022,1708,3916,128.68
29022,1898,994,32.68
10540,304,1817,59.68
62293,406,994,32.68
62293,1817,902,29.68
31706,407,1177,38.68
31706,426,1177,38.68
31706,1801,1542,50.68
31706,1898,3490,114.68
81156,104,994,32.68
81156,713,1025,33.68
81156,809,1207,39.68
12886,412,2090,68.68
55423,1113,2090,68.68
55423,1704,902,29.68
83994,1708,1238,40.68
70856,107,5104,167.68
70856,304,1998,65.68
70856,305,1998,65.68
70856,504,1603,52.68
70856,1117,2668,87.68
70856,1617,1086,35.68
29920,108,1845,60.68
29920,109,1817,59.68
29920,398,1146,37.68
29920,404,3521,115.68
29920,511,2090,68.68
29920,916,811,26.68
29920,1113,1146,37.68
29920,1622,3490,114.68
29920,1809,2060,67.68
29920,1898,811,26.68
75329,1704,1207,39.68
72017,202,3429,112.68
72017,1113,1876,61.68
72017,1810,3003,98.68
56010,412,1360,44.68
56010,1898,1268,41.68
45215,305,1511,49.68
45215,504,1177,38.68
45215,1812,1299,42.68
32910,304,2151,70.68
32910,708,964,31.68
32910,1298,1664,54.68
32910,1701,2913,95.68
32910,1817,2151,70.68
43774,428,1115,36.68
43774,713,3916,128.68
43774,1215,3186,104.68
94393,304,841,27.68
91039,202,1452,47.68
91039,304,1268,41.68
91039,305,1268,41.68
91039,405,1452,47.68
91039,407,1452,47.68
3813,404,5529,181.68
3813,405,2972,97.68
3813,426,2425,79.68
3813,605,1360,44.68
3813,712,2972,97.68
3813,1113,964,31.68
7860,102,2060,67.68
62861,915,3916,128.68
62861,1637,872,28.68
62861,1705,2576,84.68
10939,1617,5043,165.68
10939,1704,3977,130.68
10939,1811,1695,55.68
42960,1812,902,29.68
42960,1817,994,32.68
70072,1701,1452,47.68
39101,118,1511,49.68
39101,423,3217,105.68
39101,1627,2791,91.68
22354,101,3459,113.68
22354,102,4982,163.68
22354,104,2060,67.68
22354,201,2852,93.68
22354,304,2090,68.68
22354,404,5743,188.68
22354,423,5012,164.68
22354,429,5012,164.68
22354,512,1572,51.68
81416,904,2729,89.68
81416,202,3186,104.68
81416,916,3612,118.68
81416,1812,1603,52.68
18053,1817,1876,61.68
50459,1634,811,26.68
73606,102,1146,37.68
73606,205,994,32.68
73606,713,3886,127.68
73606,809,933,30.68
49748,423,1025,33.68
49748,432,933,30.68
102097,306,2607,85.68
102097,1812,2151,70.68
92099,801,721,23.68
92099,311,660,21.68
92099,407,568,18.68
92099,914,660,21.68
92099,1407,507,16.68
92099,1628,537,17.68
87972,1634,3521,115.68
62494,1612,2151,70.68
62494,1801,2029,66.68
43940,304,1480,48.68
43940,712,1876,61.68
59560,305,1115,36.68
59560,504,1115,36.68
59560,798,1055,34.68
59560,1601,4678,153.68
59560,1627,2516,82.68
59560,1898,3306,108.68
44285,305,1968,64.68
44285,504,3337,109.68
44285,510,994,32.68
44285,915,2882,94.68
39409,498,1055,34.68
39409,1703,1756,57.68
39409,1708,1238,40.68
90724,426,1421,46.68
90724,1112,1817,59.68
90724,1898,1817,59.68
47463,898,1421,46.68
47463,1198,1268,41.68
47463,426,1421,46.68
47463,808,1421,46.68
47463,1198,1268,41.68
47463,1617,1511,49.68
89068,304,3306,108.68
95326,406,1360,44.68
95326,412,1360,44.68
95326,421,1360,44.68
95326,423,1360,44.68
95326,424,1360,44.68
95326,426,1360,44.68
95326,708,1664,54.68
95326,712,1360,44.68
95326,1801,1299,42.68
39385,304,933,30.68
39385,305,3398,111.68
39385,306,1603,52.68
88601,304,2455,80.68
88601,305,1542,50.68
85606,198,3824,125.68
85606,202,1238,40.68
85606,404,1330,43.68
85606,1215,1542,50.68
85606,1812,3977,130.68
45714,1801,1907,62.68
30709,704,2852,93.68
30709,426,2151,70.68
72035,304,872,28.68
72035,1112,690,22.68
72035,1605,1207,39.68
72035,1812,690,22.68
65325,304,1452,47.68
65325,428,537,17.68
41468,306,1725,56.68
88470,108,1968,64.68
28966,915,1480,48.68
28966,1801,1055,34.68
77380,305,1330,43.68
70596,298,2882,94.68
70596,504,1511,49.68
70596,512,1421,46.68
70596,519,1421,46.68
70596,605,2882,94.68
70596,612,2882,94.68
70596,705,2182,71.68
70596,1198,2821,92.68
70596,1703,4525,148.68
70596,1801,1664,54.68
70596,1803,4555,149.68
29448,306,994,32.68
29448,705,994,32.68
29448,1812,3217,105.68
59754,202,2029,66.68
59754,305,1207,39.68
59754,412,2210,72.68
59754,712,2210,72.68
59754,1105,1452,47.68
18304,1801,1025,33.68
18304,1898,1086,35.68
14452,410,1391,45.68
14452,601,1391,45.68
40175,1617,933,30.68
93398,305,3582,117.68
93398,306,3582,117.68
18268,304,1391,45.68
18268,1118,1756,57.68
2695,1198,5255,172.68
2695,498,5529,181.68
2695,711,2607,85.68
2695,1106,2241,73.68
2695,1113,2607,85.68
2695,1801,1756,57.68
90316,708,2486,81.68
90316,1113,2486,81.68
90316,1703,1238,40.68
24286,915,4099,134.68
24286,1605,4647,152.68
33056,306,1238,40.68
34508,412,2060,67.68
34508,432,1086,35.68
34508,1812,1968,64.68
34508,1813,2941,96.68
34508,1816,1725,56.68
34508,1817,3003,98.68
15914,1215,3824,125.68
15914,1701,1542,50.68
15914,1802,1391,45.68
15914,1813,3186,104.68
22372,304,4099,134.68
22372,1112,1238,40.68
22372,1798,4160,136.68
22372,1813,3886,127.68
22372,1817,3278,107.68
71243,410,994,32.68
71243,411,994,32.68
71243,1637,1268,41.68
71243,1810,933,30.68
71243,1812,933,30.68
71243,1813,933,30.68
102634,304,811,26.68
102634,306,811,26.68
22597,1817,2547,83.68
58932,305,902,29.68
58932,306,902,29.68
58932,425,3306,108.68
58932,1605,1876,61.68
58932,1698,3337,109.68
58932,1809,2516,82.68
58932,1812,2486,81.68
75016,411,2455,80.68
75016,1605,1817,59.68
75016,1616,2852,93.68
75016,1627,2791,91.68
32017,411,964,31.68
32017,414,872,28.68
32017,806,1330,43.68
29594,198,1330,43.68
19425,1110,2090,68.68
90171,198,4374,143.68
90171,304,1238,40.68
90171,306,4343,142.68
90171,406,2913,95.68
90171,407,3278,107.68
90171,432,1330,43.68
90171,708,3643,119.68
90171,898,1086,35.68
90171,916,4374,143.68
90171,1113,1452,47.68
90171,1622,4739,155.68
90171,1637,4739,155.68
90171,1640,4739,155.68
90171,1801,4678,153.68
35427,415,1968,64.68
35427,998,2121,69.68
35427,1605,2090,68.68
88155,304,1086,35.68
88155,305,1845,60.68
88155,1704,1146,37.68
3296,205,1115,36.68
3296,304,2241,73.68
3296,432,1025,33.68
3296,915,811,26.68
3296,1106,2607,85.68
3296,1627,5285,173.68
28645,202,1391,45.68
28645,428,902,29.68
8493,198,5255,172.68
8493,104,2547,83.68
8493,107,5255,172.68
8493,498,2302,75.68
8493,1105,3186,104.68
8493,1801,3947,129.68
8493,1898,3186,104.68
100436,298,933,30.68
100436,304,1664,54.68
100436,305,599,19.68
100436,306,599,19.68
100436,404,2060,67.68
100436,405,1664,54.68
100436,424,1238,40.68
100436,1617,1299,42.68
89507,708,964,31.68
48566,415,1633,53.68
48566,1106,1633,53.68
48566,1298,1633,53.68
48566,1709,1146,37.68
37100,102,1695,55.68
37100,120,933,30.68
37100,202,933,30.68
37100,415,1177,38.68
37100,424,1330,43.68
37100,915,1695,55.68
37100,998,1845,60.68
37100,1111,4313,141.68
37100,1210,4313,141.68
37100,1298,1725,56.68
47734,1817,964,31.68
98563,412,994,32.68
98563,1801,1086,35.68
24552,1113,1511,49.68
24552,1627,1876,61.68
82282,313,1695,55.68
82282,415,1695,55.68
82282,1617,1695,55.68
51718,205,1876,61.68
51718,306,2394,78.68
51718,426,2972,97.68
51718,504,3278,107.68
51718,510,1876,61.68
51718,809,902,29.68
51718,1113,2913,95.68
51718,1216,902,29.68
51718,1610,5925,194.68
51718,1801,3763,123.68
43500,412,933,30.68
43500,423,933,30.68
81004,104,1845,60.68
81004,108,872,28.68
81004,202,872,28.68
81004,405,933,30.68
81004,410,1695,55.68
81004,504,1603,52.68
81004,1801,4647,152.68
89362,915,3337,109.68
89362,1809,3916,128.68
1636,1898,3156,103.68
21994,304,872,28.68
21994,313,2090,68.68
21994,432,964,31.68
21994,709,1421,46.68
21994,916,1452,47.68
21994,1605,2090,68.68
21994,1637,2060,67.68
21994,1701,2090,68.68
21994,1704,1876,61.68
21994,1801,1998,65.68
69919,306,4708,154.68
69919,1198,2121,69.68
69919,1298,964,31.68
88661,809,3337,109.68
32641,504,1480,48.68
32641,519,1480,48.68
32641,1709,5347,175.68
32641,1803,5012,164.68
40891,412,3429,112.68
40891,426,3429,112.68
40891,1105,1572,51.68
83137,1013,1177,38.68
83137,1802,3429,112.68
83137,1812,3064,100.68
47550,198,964,31.68
47550,305,3551,116.68
47550,306,3551,116.68
47550,398,1756,57.68
47550,1898,2151,70.68
7843,504,3306,108.68
7843,714,2821,92.68
7843,1108,2455,80.68
7843,1801,3217,105.68
20701,411,2090,68.68
20701,432,2516,82.68
20701,709,1511,49.68
20701,1634,5469,179.68
33882,498,2455,80.68
33882,1109,2029,66.68
33882,1637,2455,80.68
52424,304,1817,59.68
52424,305,1817,59.68
52424,313,3278,107.68
52424,914,3278,107.68
103608,1812,1299,42.68
28981,498,5804,190.68
28981,1605,5347,175.68
88662,1113,964,31.68
60599,203,3916,128.68
60599,914,2576,84.68
60599,1113,3186,104.68
60599,1636,4859,159.68
30445,426,902,29.68
30445,1627,2913,95.68
30445,1811,3247,106.68
94784,1614,1086,35.68
59124,202,933,30.68
59124,423,1725,56.68
59124,424,1725,56.68
59124,705,1268,41.68
824,1098,1086,35.68
824,1617,1268,41.68
24721,104,1025,33.68
24721,405,5104,167.68
24721,916,2394,78.68
24721,1113,1115,36.68
25249,304,1968,64.68
25249,705,3337,109.68
25249,1803,4221,138.68
25249,1898,3337,109.68
26285,1622,3337,109.68
26285,1634,3337,109.68
26285,1640,3337,109.68
26285,1812,2302,75.68
2358,498,2638,86.68
2358,504,1542,50.68
2358,713,1330,43.68
2358,908,1542,50.68
2358,911,1542,50.68
2358,915,2029,66.68
2358,1801,2913,95.68
2358,1817,2882,94.68
2358,1898,2029,66.68
79702,1598,1695,55.68
79702,1110,1695,55.68
62794,206,1025,33.68
62794,411,4374,143.68
62794,423,3947,129.68
62794,1110,3916,128.68
62794,1817,3125,102.68
8889,304,1998,65.68
8889,305,1998,65.68
54256,504,4555,149.68
54256,102,1086,35.68
54256,313,902,29.68
54256,504,4555,149.68
41196,1801,3763,123.68
22332,1701,1845,60.68
22332,1801,2302,75.68
22332,1812,1330,43.68
83112,1616,2182,71.68
83112,1812,1207,39.68
95619,809,2791,91.68
95619,898,10187,334.68
95619,1817,721,23.68
95619,1898,3824,125.68
27846,412,1177,38.68
27846,1637,1391,45.68
52231,304,1299,42.68
52231,305,1299,42.68
52231,1801,3186,104.68
47656,305,1421,46.68
47656,306,1421,46.68
47656,425,1299,42.68
47656,504,1968,64.68
99032,1801,1115,36.68
52333,426,3429,112.68
98354,504,841,27.68
98354,713,1177,38.68
98354,1617,1177,38.68
98354,1630,1268,41.68
47687,101,1542,50.68
47687,102,1756,57.68
47687,109,1542,50.68
47687,304,6504,213.68
47687,305,2060,67.68
47687,398,1907,62.68
47687,1117,7265,238.68
47687,1704,4678,153.68
47687,1808,2699,88.68
87501,1609,2151,70.68
87501,1817,2972,97.68
64571,108,1391,45.68
64571,206,3582,117.68
64571,407,902,29.68
64571,412,2607,85.68
64571,423,3702,121.68
64571,426,2607,85.68
64571,719,2607,85.68
64571,1106,1876,61.68
64571,1215,1511,49.68
64571,1701,5012,164.68
64571,1898,2760,90.68
99022,1112,1207,39.68
99022,1619,4708,154.68
99022,1627,2455,80.68
16462,305,1238,40.68
16462,1637,1207,39.68
4748,104,2455,80.68
4748,304,2516,82.68
4748,306,2516,82.68
4748,705,1055,34.68
4748,709,1055,34.68
4748,898,1452,47.68
4748,1113,2516,82.68
4748,1605,2516,82.68
36483,406,2394,78.68
36483,415,1603,52.68
36483,1812,3156,103.68
36483,1813,2791,91.68
97123,406,660,21.68
97123,504,841,27.68
97123,1011,872,28.68
97123,1617,1360,44.68
84972,504,872,28.68
84972,512,872,28.68
84972,1810,3217,105.68
53251,198,964,31.68
53251,305,964,31.68
53251,306,964,31.68
53251,1627,2394,78.68
53251,1812,1360,44.68
53251,1813,4129,135.68
14542,305,1025,33.68
14542,306,1025,33.68
14542,910,1055,34.68
14542,1113,1146,37.68
27658,107,2516,82.68
27658,304,1360,44.68
27658,914,1360,44.68
27658,1801,2121,69.68
82588,117,1391,45.68
82588,703,2576,84.68
82588,1213,2576,84.68
82588,1609,994,32.68
80907,305,933,30.68
4560,1609,1664,54.68
4560,1637,1664,54.68
4560,1810,1391,45.68
33944,304,2090,68.68
33944,306,2333,76.68
33944,1812,2729,89.68
33944,1898,1756,57.68
15878,415,1268,41.68
54707,305,2333,76.68
54707,306,2333,76.68
54707,713,1664,54.68
87723,102,1421,46.68
87723,205,1876,61.68
87723,305,1756,57.68
87723,612,1664,54.68
87723,1118,1756,57.68
81924,1117,964,31.68
39433,311,1207,39.68
39433,1798,1115,36.68
101190,102,1876,61.68
101190,198,1786,58.68
101190,201,1845,60.68
101190,1215,1664,54.68
22390,1813,994,32.68
37867,202,964,31.68
37867,1617,1845,60.68
37867,1634,3064,100.68
37867,1701,3064,100.68
37867,1703,3064,100.68
87321,411,872,28.68
87321,1113,872,28.68
87321,1312,872,28.68
87321,1627,872,28.68
85301,304,1025,33.68
85301,305,1025,33.68
85301,307,994,32.68
85301,406,1025,33.68
85301,410,902,29.68
85301,411,933,30.68
85301,426,994,32.68
85301,705,902,29.68
85301,708,994,32.68
85301,809,994,32.68
30754,498,2425,79.68
30754,798,1786,58.68
30754,1634,2394,78.68
90257,1619,3033,99.68
79286,306,1876,61.68
79286,398,2699,88.68
79286,405,2121,69.68
79286,712,2121,69.68
79286,1801,2821,92.68
79286,1817,1725,56.68
26060,201,1146,37.68
26060,809,1238,40.68
26060,1307,964,31.68
71267,304,2516,82.68
71267,498,964,31.68
11299,102,1391,45.68
11299,1113,1756,57.68
60958,1701,1146,37.68
60958,1703,933,30.68
60958,1704,933,30.68
49940,1619,2547,83.68
92745,304,749,24.68
92745,305,749,24.68
95004,304,2547,83.68
95004,305,1633,53.68
95004,307,2547,83.68
95004,504,780,25.68
95004,713,4920,161.68
95004,915,5012,164.68
95004,1817,4798,157.68
46245,1816,2791,91.68
95714,1634,749,24.68
69404,304,1786,58.68
69404,1605,1299,42.68
69404,1701,1542,50.68
69404,1801,2060,67.68
76350,707,4647,152.68
76350,1014,2913,95.68
76350,1105,1268,41.68
76350,1617,994,32.68
76350,1817,1633,53.68
52920,306,1146,37.68
52920,1609,2090,68.68
52920,1634,2090,68.68
57114,304,2668,87.68
57114,305,3003,98.68
57114,428,1146,37.68
57114,504,2638,86.68
57114,511,2638,86.68
57114,612,2638,86.68
57114,713,3033,99.68
57114,1106,1238,40.68
57114,1117,2760,90.68
57114,1634,1937,63.68
30001,102,1299,42.68
30001,304,1146,37.68
30001,305,1146,37.68
30001,504,2760,90.68
30001,798,2972,97.68
30001,1298,964,31.68
99781,403,568,18.68
99781,108,537,17.68
99781,298,629,20.68
99781,311,629,20.68
99781,1609,537,17.68
7271,305,1542,50.68
7271,306,1542,50.68
7271,405,3855,126.68
7271,423,3855,126.68
7271,426,3855,126.68
7271,916,3064,100.68
7271,1810,4313,141.68
95954,708,811,26.68
95954,1812,1207,39.68
95954,1813,1207,39.68
95954,1817,1025,33.68
76075,304,1238,40.68
76075,705,902,29.68
76075,914,902,29.68
87238,916,2182,71.68
7521,306,1055,34.68
54499,116,1876,61.68
54499,202,1086,35.68
54499,304,4798,157.68
54499,305,2607,85.68
54499,1113,1511,49.68
54499,1801,5713,187.68
12294,705,1086,35.68
99815,423,1146,37.68
85812,426,2060,67.68
85812,1601,3490,114.68
85812,1701,1664,54.68
13752,116,1603,52.68
13752,206,690,22.68
13752,305,3490,114.68
13752,809,537,17.68
13752,1106,902,29.68
13752,1112,1268,41.68
13752,1217,902,29.68
13752,1414,2760,90.68
13752,1498,1421,46.68
13752,1609,5621,184.68
13752,1612,5621,184.68
13752,1616,5621,184.68
13752,1701,4859,159.68
13752,1801,4678,153.68
13752,1812,4951,162.68
72399,304,1937,63.68
72399,612,5804,190.68
72399,809,1421,46.68
72399,1605,4282,140.68
72399,1701,3368,110.68
72399,1812,3733,122.68
72399,1817,1937,63.68
15225,298,1845,60.68
15225,305,1817,59.68
15225,498,2029,66.68
15225,1801,1480,48.68
98586,1012,660,21.68
98586,1617,721,23.68
98586,1634,721,23.68
2812,411,1421,46.68
2812,1617,1207,39.68
8115,304,2607,85.68
8115,916,933,30.68
8115,1110,994,32.68
1803,202,2576,84.68
1803,712,3459,113.68
1803,914,1086,35.68
1803,1198,964,31.68
87337,798,3217,105.68
87337,1622,2182,71.68
24991,1634,2547,83.68
53315,305,1603,52.68
53315,306,1603,52.68
53315,504,2941,96.68
53315,708,3306,108.68
53315,714,1115,36.68
53315,798,1603,52.68
24295,102,1146,37.68
24295,1634,2241,73.68
51614,1817,1391,45.68
23478,202,1025,33.68
23478,406,872,28.68
23478,414,994,32.68
77127,109,1146,37.68
77127,423,6078,199.68
77127,504,6078,199.68
77127,1112,4313,141.68
77127,1312,6078,199.68
77127,1630,4343,142.68
37546,304,1025,33.68
37546,307,1025,33.68
37546,1704,2821,92.68
15509,1215,3033,99.68
80753,504,3306,108.68
80753,504,3306,108.68
88626,202,4708,154.68
88626,205,902,29.68
88626,304,2516,82.68
88626,305,2516,82.68
88626,423,3977,130.68
88626,426,3977,130.68
24395,306,1603,52.68
24395,1601,872,28.68
45500,1605,1511,49.68
45500,1801,1725,56.68
14847,202,902,29.68
14847,406,1299,42.68
14847,426,902,29.68
14847,916,964,31.68
14847,1112,933,30.68
63679,102,1511,49.68
63679,304,1786,58.68
63679,504,1146,37.68
63679,1112,902,29.68
63679,1627,3064,100.68
63679,1701,4494,147.68
63679,1905,902,29.68
50571,423,2913,95.68
50571,426,2913,95.68
4300,304,1360,44.68
4300,432,2455,80.68
4300,706,1998,65.68
56979,306,1207,39.68
56979,1801,2302,75.68
41137,205,1511,49.68
41137,304,1055,34.68
41137,305,1299,42.68
41137,306,1299,42.68
41137,404,3947,129.68
41137,412,3947,129.68
41137,426,2029,66.68
41137,712,3977,130.68
41137,916,1146,37.68
41137,1614,3977,130.68
41137,1710,1452,47.68
41137,1801,1756,57.68
41137,1816,872,28.68
46958,423,1633,53.68
46958,1634,3643,119.68
46958,1816,1695,55.68
25460,504,1876,61.68
25460,1701,3278,107.68
25460,1810,3643,119.68
87251,1698,964,31.68
50025,1706,1725,56.68
53821,108,2913,95.68
53821,203,2060,67.68
53821,408,1845,60.68
53821,423,1695,55.68
53821,428,2302,75.68
53821,432,933,30.68
53821,504,1055,34.68
53821,510,1055,34.68
53821,519,1055,34.68
53821,705,2852,93.68
53821,809,1756,57.68
53821,1305,1511,49.68
53821,1627,1786,58.68
53821,1801,3033,99.68
53825,206,1786,58.68
53825,610,1421,46.68
53825,1005,4555,149.68
53825,1601,5316,174.68
53825,1605,5863,192.68
53825,1627,5804,190.68
53825,1629,5316,174.68
88755,101,1968,64.68
88755,103,1968,64.68
88755,201,1207,39.68
88755,304,1146,37.68
88755,305,2607,85.68
88755,406,3429,112.68
88755,407,3429,112.68
88755,598,1572,51.68
88755,1106,2241,73.68
88755,1110,2241,73.68
88755,1617,3398,111.68
88755,1801,2425,79.68
3950,1105,1452,47.68
3950,1898,1452,47.68
2385,1617,2791,91.68
36158,504,1421,46.68
36158,413,1025,33.68
36158,504,1421,46.68
36158,1015,1664,54.68
36158,1609,1876,61.68
36158,1617,1817,59.68
3367,109,1633,53.68
3367,1801,2029,66.68
3367,1802,1025,33.68
3367,1898,1633,53.68
70962,1801,1511,49.68
22192,305,1725,56.68
31424,102,1542,50.68
31424,120,1572,51.68
31424,205,1876,61.68
31424,908,1876,61.68
31424,915,2791,91.68
31424,1216,1817,59.68
31424,1701,1480,48.68
87245,203,3156,103.68
87245,306,2029,66.68
87245,1614,2182,71.68
87245,1803,4008,131.68
87245,1898,3947,129.68
64650,408,1542,50.68
64650,1817,1725,56.68
56157,415,1452,47.68
56157,1617,1452,47.68
56157,1812,1330,43.68
27512,408,1086,35.68
27512,426,1086,35.68
27512,610,1360,44.68
27512,1605,1511,49.68
27512,1634,1511,49.68
27512,1898,1207,39.68
64705,305,1025,33.68
64705,714,1086,35.68
64705,809,1115,36.68
86082,305,2576,84.68
86082,412,2333,76.68
86082,713,1207,39.68
86082,1216,1421,46.68
86082,1701,5713,187.68
86082,1898,2455,80.68
73595,108,2210,72.68
73595,306,1876,61.68
73595,1113,1268,41.68
73595,1698,1055,34.68
73595,1798,2210,72.68
73595,1812,1876,61.68
76673,116,1845,60.68
76673,304,1511,49.68
76673,1113,1511,49.68
90852,705,1115,36.68
86391,708,1055,34.68
86391,1617,1086,35.68
86391,1637,1055,34.68
86391,1801,994,32.68
86391,1812,1268,41.68
86391,1816,1268,41.68
88603,205,1086,35.68
88603,304,1086,35.68
88603,1113,1086,35.68
88603,1802,5498,180.68
87962,102,1421,46.68
87962,306,3186,104.68
87962,428,1786,58.68
87962,1627,3916,128.68
87962,1812,4252,139.68
72046,1113,902,29.68
72046,1617,3247,106.68
72046,1634,3429,112.68
72046,1801,1695,55.68
49496,426,1876,61.68
86594,306,1421,46.68
86594,410,2699,88.68
86594,411,3247,106.68
86594,432,3247,106.68
86594,798,2699,88.68
86594,1616,3247,106.68
86594,1619,3247,106.68
86594,1634,3247,106.68
86594,1637,3247,106.68
86594,1701,1177,38.68
86594,1817,2333,76.68
3755,202,1207,39.68
3755,304,933,30.68
3755,424,1146,37.68
3755,713,2913,95.68
3755,914,1055,34.68
3755,916,1055,34.68
3755,1113,1786,58.68
99944,305,1480,48.68
99944,1633,964,31.68
102168,304,1421,46.68
102168,405,1968,64.68
102168,407,1756,57.68
102168,708,1695,55.68
102168,1312,1937,63.68
102168,1898,1025,33.68
26074,304,933,30.68
26074,411,933,30.68
26074,1113,1115,36.68
26074,1810,4129,135.68
45346,304,1025,33.68
45346,398,1025,33.68
45346,432,2791,91.68
45346,498,902,29.68
45346,1105,2394,78.68
45346,1801,902,29.68
45346,1817,933,30.68
45346,1898,2394,78.68
89164,1598,2241,73.68
89164,411,3490,114.68
89164,426,872,28.68
89164,498,3490,114.68
89164,1110,2241,73.68
89164,1801,3337,109.68
94411,203,1452,47.68
94411,411,2821,92.68
94411,432,2821,92.68
94411,1801,2121,69.68
94411,1817,1725,56.68
52161,1113,1086,35.68
52161,1609,4494,147.68
52161,1622,1633,53.68
52161,1637,4494,147.68
52161,1801,1937,63.68
52161,1813,2699,88.68
24783,1001,3551,116.68
24783,198,3429,112.68
24783,1312,2576,84.68
24783,1617,1664,54.68
24783,1801,933,30.68
41487,306,1146,37.68
41487,1605,1238,40.68
41487,1802,964,31.68
47403,305,3217,105.68
47403,307,1146,37.68
47403,405,1146,37.68
47403,414,1146,37.68
47403,423,1146,37.68
47403,426,1146,37.68
47403,428,1146,37.68
47403,1110,1146,37.68
47403,1113,1146,37.68
47403,1205,1511,49.68
63317,108,1391,45.68
63317,915,994,32.68
63317,1605,3582,117.68
63317,1813,1786,58.68
56475,405,994,32.68
56475,423,994,32.68
78376,306,2913,95.68
78376,407,2729,89.68
78376,412,1817,59.68
78376,423,2729,89.68
78376,424,2729,89.68
78376,1708,2333,76.68
40553,428,1603,52.68
40553,1111,2090,68.68
40553,1305,1603,52.68
40553,1701,3582,117.68
61833,304,2638,86.68
61833,306,1421,46.68
61833,1113,994,32.68
61833,1605,4313,141.68
61833,1898,1421,46.68
7362,109,1207,39.68
7362,205,1086,35.68
7362,411,4068,133.68
7362,428,2607,85.68
7362,1216,1817,59.68
7362,1630,4859,159.68
66847,1698,1452,47.68
89107,1105,1025,33.68
89107,1704,872,28.68
89107,1802,933,30.68
57679,412,2607,85.68
57679,1801,1360,44.68
1255,305,3337,109.68
1255,307,2607,85.68
1255,519,1664,54.68
1255,1198,2241,73.68
1255,1801,3794,124.68
95988,306,902,29.68
64934,305,3794,124.68
64934,306,3794,124.68
64934,407,994,32.68
64934,423,994,32.68
64934,512,964,31.68
64934,514,964,31.68
64934,605,1086,35.68
64934,608,964,31.68
64934,1106,1268,41.68
64934,1112,4374,143.68
64934,1119,964,31.68
64934,1211,964,31.68
64934,1601,1511,49.68
64934,1615,5498,180.68
64934,1617,5498,180.68
64934,1817,2576,84.68
87157,903,2121,69.68
87157,916,1756,57.68
87157,1110,933,30.68
87157,1605,1330,43.68
87157,1801,964,31.68
28697,120,3763,123.68
28697,915,902,29.68
28697,1312,1572,51.68
28697,1704,3247,106.68
28697,1801,4343,142.68
33241,311,2302,75.68
33241,1898,1421,46.68
17151,412,1968,64.68
17151,425,2333,76.68
17151,426,1968,64.68
17151,430,2394,78.68
17151,511,1603,52.68
17151,712,1968,64.68
17151,915,1998,65.68
72831,1301,3217,105.68
72831,102,902,29.68
72831,201,1268,41.68
72831,305,1633,53.68
72831,404,3094,101.68
72831,1198,2729,89.68
72831,1312,3094,101.68
90104,304,1725,56.68
90104,1616,4068,133.68
90104,1619,4068,133.68
95933,1105,1603,52.68
5101,305,1786,58.68
5101,504,2210,72.68
5101,1117,4678,153.68
47915,102,1511,49.68
47915,1118,872,28.68
60123,1622,1421,46.68
60123,1801,1695,55.68
30835,304,994,32.68
30835,1616,994,32.68
436,1215,1146,37.68
69263,411,2760,90.68
69263,428,2090,68.68
69263,713,2547,83.68
69263,1112,1998,65.68
69263,1705,3094,101.68
69263,1801,3582,117.68
69263,1898,2547,83.68
18539,202,964,31.68
18539,426,2121,69.68
18539,1619,2576,84.68
18539,1798,1115,36.68
18539,1817,1360,44.68
43044,101,1025,33.68
43044,102,1025,33.68
43044,198,1025,33.68
43044,1307,1086,35.68
55329,306,933,30.68
69930,504,2729,89.68
69930,798,1633,53.68
21218,305,1360,44.68
21218,306,1360,44.68
9474,411,1360,44.68
60739,304,1330,43.68
60739,313,4920,161.68
60739,898,1299,42.68
57700,398,3855,126.68
57700,1198,3855,126.68
57700,304,2363,77.68
57700,307,2363,77.68
57700,428,1055,34.68
57700,1110,3855,126.68
57700,1637,3156,103.68
54683,304,1025,33.68
54683,307,1025,33.68
54683,915,4282,140.68
54683,1113,1025,33.68
54683,1205,4433,145.68
20170,108,1421,46.68
20170,1198,1115,36.68
20170,1616,1572,51.68
20170,1801,933,30.68
29936,432,1786,58.68
29936,1801,964,31.68
67605,1634,1299,42.68
64696,103,964,31.68
64696,205,964,31.68
64696,1110,1695,55.68
64696,1813,5408,177.68
37221,304,1360,44.68
37221,406,2302,75.68
37221,1898,841,27.68
51380,306,2941,96.68
51380,406,2516,82.68
51380,1617,4008,131.68
10283,304,1511,49.68
10283,307,1146,37.68
10283,514,1876,61.68
10283,705,1876,61.68
10283,908,1876,61.68
51615,1605,1360,44.68
51615,1617,1238,40.68
85487,102,2121,69.68
85487,198,902,29.68
85487,205,2607,85.68
85487,304,1086,35.68
85487,305,1086,35.68
85487,398,933,30.68
85487,1113,902,29.68
85487,1215,4402,144.68
85487,1216,2121,69.68
85487,1217,2121,69.68
85487,1803,3186,104.68
85487,1809,3490,114.68
88600,498,872,28.68
88600,1798,1330,43.68
88600,1898,1452,47.68
65807,1801,1511,49.68
65807,1812,3824,125.68
65807,1813,4252,139.68
65807,1898,3247,106.68
73446,705,994,32.68
73446,1640,1238,40.68
73446,1798,902,29.68
44865,198,1146,37.68
58023,102,1876,61.68
58023,305,1025,33.68
58023,1627,1756,57.68
21996,109,1299,42.68
21996,406,1695,55.68
21996,1609,1695,55.68
21996,1616,1725,56.68
21996,1698,964,31.68
8935,201,933,30.68
8935,202,933,30.68
8935,304,1238,40.68
8935,305,1238,40.68
8935,306,1238,40.68
8935,307,1238,40.68
8935,1106,933,30.68
8935,1617,2029,66.68
8935,1801,2852,93.68
98751,708,1360,44.68
98751,1617,1452,47.68
31807,304,5073,166.68
31807,305,5194,170.68
31807,306,5194,170.68
31807,1801,5224,171.68
31807,1804,5224,171.68
31807,1809,5194,170.68
5901,1298,1268,41.68
5901,410,1268,41.68
5901,411,1268,41.68
5901,809,1177,38.68
5901,1215,1268,41.68
5901,1619,1360,44.68
81296,304,1146,37.68
81296,423,1055,34.68
81296,498,1480,48.68
81296,1118,1146,37.68
81296,1215,2913,95.68
84014,116,1876,61.68
84014,304,1876,61.68
84014,798,1330,43.68
84014,809,1330,43.68
84014,1112,4798,157.68
84014,1113,1876,61.68
84014,1204,1511,49.68
84014,1801,1633,53.68
89911,304,902,29.68
89911,305,902,29.68
89911,1117,1268,41.68
53562,310,2821,92.68
53562,311,2821,92.68
53562,1622,2972,97.68
33827,304,1238,40.68
33827,305,1238,40.68
33827,306,1756,57.68
33827,307,1238,40.68
33827,404,3094,101.68
33827,708,964,31.68
33827,709,964,31.68
33827,1111,2699,88.68
33827,1801,1786,58.68
24224,120,2151,70.68
24224,1798,1238,40.68
58524,201,4129,135.68
58524,109,3459,113.68
58524,425,4190,137.68
58524,1198,3094,101.68
58524,1704,3947,129.68
58429,915,964,31.68
58429,1617,1756,57.68
88411,1998,1603,52.68
60757,405,964,31.68
60757,1812,1055,34.68
60757,1817,1115,36.68
33037,1312,3094,101.68
97334,304,1756,57.68
97334,306,2486,81.68
97334,713,2638,86.68
97334,1812,1330,43.68
5807,202,2791,91.68
5807,206,2791,91.68
5807,415,2547,83.68
5807,708,3186,104.68
5807,915,4767,156.68
5807,916,4767,156.68
19142,426,2941,96.68
19142,719,2941,96.68
19142,1113,2607,85.68
19142,1634,1207,39.68
19142,1637,4160,136.68
72583,707,3612,118.68
72583,809,1480,48.68
72583,1105,2913,95.68
72583,1817,1299,42.68
84635,1605,2913,95.68
88712,798,841,27.68
88712,1813,2272,74.68
88712,1898,1146,37.68
88712,1904,3582,117.68
85192,412,4068,133.68
85192,1298,4068,133.68
39946,406,933,30.68
39946,1634,964,31.68
3894,202,1421,46.68
3894,407,1421,46.68
3894,412,1421,46.68
3894,423,1421,46.68
3894,916,1452,47.68
3894,1098,1480,48.68
3894,1898,1480,48.68
87886,305,1633,53.68
87886,306,1633,53.68
87886,408,4647,152.68
87886,423,4647,152.68
37306,406,2729,89.68
37306,411,1360,44.68
37306,605,872,28.68
37306,1708,4129,135.68
25183,708,1268,41.68
44745,202,1207,39.68
92497,102,2607,85.68
92497,202,3612,118.68
92497,298,1268,41.68
92497,305,3247,106.68
92497,398,3612,118.68
92497,404,811,26.68
92497,405,3612,118.68
92497,407,3612,118.68
92497,412,3551,116.68
92497,424,3612,118.68
92497,1110,2882,94.68
92497,1111,841,27.68
92497,1113,2729,89.68
92497,1312,811,26.68
92497,1619,3612,118.68
92497,1637,964,31.68
92497,1898,4068,133.68
55218,1801,1695,55.68
99881,406,599,19.68
99881,916,721,23.68
82177,408,1238,40.68
82177,714,994,32.68
82177,1110,1421,46.68
82177,1898,1086,35.68
19691,1637,1421,46.68
3614,405,2791,91.68
3614,698,1025,33.68
3614,906,3064,100.68
3614,1312,2972,97.68
3614,1817,1146,37.68
3614,1898,1025,33.68
63646,102,3551,116.68
63646,114,1177,38.68
63646,406,2151,70.68
63646,411,3306,108.68
63646,1113,1146,37.68
57052,1598,1695,55.68
57052,304,1937,63.68
57052,305,1937,63.68
57052,1110,1695,55.68
57052,1113,1695,55.68
31534,304,841,27.68
85231,898,964,31.68
85231,1305,964,31.68
21514,201,1511,49.68
21514,428,2455,80.68
21514,712,1086,35.68
21514,798,1025,33.68
21514,1113,2241,73.68
75335,1801,1360,44.68
51504,205,1146,37.68
51504,1118,1511,49.68
75467,116,1756,57.68
75467,304,2090,68.68
75467,305,1238,40.68
75467,307,2090,68.68
75467,409,3186,104.68
75467,410,3490,114.68
75467,411,3490,114.68
75467,713,1998,65.68
75467,1112,902,29.68
75467,1605,2699,88.68
75467,1902,3186,104.68
15848,405,2941,96.68
15848,406,2941,96.68
15848,408,2941,96.68
15848,423,2941,96.68
15848,426,2941,96.68
15848,1605,2699,88.68
37055,202,1633,53.68
37055,709,2394,78.68
66090,1619,902,29.68
85920,203,841,27.68
85920,304,841,27.68
85920,305,841,27.68
85920,1701,1876,61.68
85920,1708,2394,78.68
54585,430,4525,148.68
54585,1637,1146,37.68
54585,1801,4494,147.68
55748,202,2972,97.68
55748,412,2972,97.68
55748,428,1876,61.68
57351,1801,902,29.68
39875,304,1968,64.68
39875,305,2029,66.68
39875,1637,1664,54.68
39875,1805,3916,128.68
62387,408,2516,82.68
95292,203,3916,128.68
95292,412,3125,102.68
98978,423,629,20.68
100013,304,690,22.68
100013,307,690,22.68
100013,504,629,20.68
100013,598,629,20.68
100013,610,749,24.68
100013,714,872,28.68
100013,1112,1238,40.68
100013,1609,2455,80.68
100013,1634,2455,80.68
64391,102,994,32.68
64391,1113,1268,41.68
70165,304,933,30.68
70165,1801,2121,69.68
81612,1801,1330,43.68
81612,1812,1268,41.68
537,713,1238,40.68
537,1110,1238,40.68
537,1637,2576,84.68
100846,1801,629,20.68
2045,713,2821,92.68
2045,1617,4008,131.68
2045,1623,3702,121.68
67158,102,1360,44.68
67158,304,994,32.68
67158,313,5469,179.68
67158,504,2455,80.68
67158,698,4525,148.68
67158,916,5194,170.68
67158,1898,4525,148.68
13273,1637,2302,75.68
13273,1701,1572,51.68
13273,1801,1725,56.68
80209,304,4951,162.68
80209,305,1238,40.68
80209,306,1238,40.68
80209,432,2972,97.68
84764,306,3916,128.68
84764,414,1542,50.68
84764,1008,2241,73.68
84764,1801,811,26.68
5357,304,1968,64.68
5357,305,1968,64.68
5357,1817,4555,149.68
40342,1801,1360,44.68
8511,305,2699,88.68
8511,406,3794,124.68
8511,410,3794,124.68
8511,412,3794,124.68
8511,426,3794,124.68
8511,712,3794,124.68
8511,719,3794,124.68
8511,1701,3612,118.68
18709,908,3217,105.68
18709,1113,2029,66.68
18709,1298,4037,132.68
18709,1617,3855,126.68
18709,1798,3551,116.68
34489,410,1330,43.68
34489,411,1330,43.68
34489,423,872,28.68
34489,916,994,32.68
34489,1622,1695,55.68
34489,1801,1998,65.68
1802,1108,1907,62.68
1802,1630,2486,81.68
79211,202,902,29.68
88896,708,1360,44.68
88896,1705,2394,78.68
44849,202,2241,73.68
44849,306,690,22.68
44849,406,660,21.68
44849,407,660,21.68
44849,408,660,21.68
44849,426,660,21.68
44849,708,660,21.68
44849,709,660,21.68
44849,1015,2455,80.68
44849,1215,780,25.68
44849,1617,2607,85.68
44849,1703,2394,78.68
44849,1809,690,22.68
40943,1605,1238,40.68
40943,1698,1299,42.68
71404,305,2821,92.68
67400,1898,1452,47.68
76828,305,1360,44.68
76828,1801,3337,109.68
12577,1215,1603,52.68
3182,1701,1603,52.68
90376,202,3398,111.68
90376,1634,3612,118.68
90376,1637,3612,118.68
90376,1701,3459,113.68
90376,1898,1330,43.68
60802,305,1817,59.68
60523,398,1452,47.68
60523,1898,2241,73.68
91259,498,1695,55.68
91259,705,1207,39.68
91259,719,1664,54.68
91259,914,841,27.68
91259,916,841,27.68
46135,504,1207,39.68
46135,1113,1572,51.68
46135,1312,4586,150.68
46135,1803,902,29.68
46135,1810,5682,186.68
19935,398,4099,134.68
19935,498,3337,109.68
19935,1113,2241,73.68
92637,305,964,31.68
92637,430,2486,81.68
92637,713,1968,64.68
92637,1105,1845,60.68
92637,1617,2455,80.68
92637,1801,1025,33.68
26981,202,2425,79.68
26981,498,2425,79.68
26981,1801,2729,89.68
26981,1812,2060,67.68
40147,1704,1817,59.68
41298,202,3702,121.68
41298,405,841,27.68
41298,1298,1452,47.68
48324,712,1998,65.68
86696,712,1998,65.68
48987,311,1299,42.68
48987,709,1299,42.68
81074,304,2576,84.68
12540,202,1480,48.68
12540,1630,2607,85.68
857,306,994,32.68
857,310,5163,169.68
857,1705,2090,68.68
857,1898,1725,56.68
18051,406,994,32.68
18051,713,1511,49.68
51861,304,1725,56.68
51861,306,994,32.68
19148,203,4708,154.68
19148,1110,1511,49.68
19148,1113,1511,49.68
19148,1705,5104,167.68
90378,1215,1115,36.68
90378,1812,964,31.68
14284,202,1664,54.68
14284,405,1330,43.68
14284,713,1360,44.68
14284,1617,1725,56.68
14284,1701,1391,45.68
22034,102,964,31.68
22034,104,964,31.68
22034,423,4008,131.68
22034,426,4798,157.68
22034,504,2151,70.68
22034,519,1146,37.68
22034,1105,964,31.68
22034,1622,1086,35.68
22034,1801,1299,42.68
67136,1198,3977,130.68
67136,107,964,31.68
67136,1703,1876,61.68
67136,1801,1360,44.68
67136,1803,1146,37.68
36416,304,1115,36.68
36416,305,1115,36.68
89557,304,1025,33.68
89557,712,1876,61.68
89557,1802,2151,70.68
3718,306,1207,39.68
3718,398,2852,93.68
3718,1112,1421,46.68
3718,1215,1633,53.68
3718,1605,1055,34.68
3718,1617,3217,105.68
3718,1812,2882,94.68
24332,305,1299,42.68
69790,901,3490,114.68
69790,426,1725,56.68
69790,1105,2455,80.68
80428,432,964,31.68
91042,1601,3824,125.68
91042,1634,4221,138.68
91042,1816,4282,140.68
77261,1617,1452,47.68
89033,304,933,30.68
89033,915,1603,52.68
46789,201,4190,137.68
46789,415,3916,128.68
46789,914,1207,39.68
46789,916,1207,39.68
40778,304,2182,71.68
40778,606,6443,211.68
63240,203,2333,76.68
63240,404,2333,76.68
63240,425,2333,76.68
63240,1609,2333,76.68
63240,1616,2333,76.68
63240,1622,2333,76.68
7673,102,1330,43.68
7673,103,1299,42.68
7673,104,1330,43.68
7673,304,1360,44.68
7673,305,1330,43.68
7673,410,1330,43.68
7673,411,1330,43.68
7673,423,1360,44.68
7673,708,1086,35.68
7673,709,1086,35.68
7673,1637,1330,43.68
34180,411,2821,92.68
34180,914,3278,107.68
87665,713,1391,45.68
38088,428,2547,83.68
38088,809,1664,54.68
38088,1801,2547,83.68
38088,1812,2882,94.68
38088,1817,872,28.68
27441,1704,994,32.68
27441,1803,994,32.68
87976,305,1664,54.68
46574,504,2547,83.68
46574,108,2547,83.68
46574,304,872,28.68
46574,415,2941,96.68
46574,504,2547,83.68
46574,916,2576,84.68
46574,1605,2972,97.68
46574,1698,2576,84.68
46574,1801,1572,51.68
46574,1813,2090,68.68
85679,1798,1177,38.68
5385,305,1207,39.68
3095,304,1360,44.68
3095,306,1360,44.68
3095,1112,933,30.68
3095,1198,933,30.68
87069,1105,1330,43.68
87069,1634,4037,132.68
55126,307,1299,42.68
55126,1111,1207,39.68
55126,1617,1572,51.68
30958,202,1511,49.68
30958,498,2090,68.68
30958,798,4252,139.68
30958,916,3186,104.68
69038,504,1937,63.68
69038,504,1937,63.68
38246,201,1391,45.68
77957,202,2182,71.68
77957,423,2090,68.68
77957,709,902,29.68
77957,915,2302,75.68
77957,1703,2210,72.68
77957,1705,1268,41.68
77957,1812,2241,73.68
77957,1817,933,30.68
77957,1898,2394,78.68
34947,305,1572,51.68
34947,412,3398,111.68
34947,1605,1146,37.68
34947,1802,1238,40.68
76358,423,872,28.68
71331,305,2029,66.68
71331,1605,4586,150.68
71331,1898,3886,127.68
67033,714,1299,42.68
67033,1616,1299,42.68
16835,1215,2882,94.68
16835,1637,2791,91.68
96640,306,2760,90.68
96640,423,1937,63.68
96640,1605,3125,102.68
100479,1817,2090,68.68
45158,1105,1115,36.68
52956,1102,1452,47.68
52956,405,1115,36.68
52956,412,1238,40.68
52956,708,1480,48.68
52956,1105,1452,47.68
52956,1113,1452,47.68
47356,1801,1452,47.68
47356,1817,2241,73.68
49642,432,994,32.68
62516,1609,1572,51.68
11182,1801,1299,42.68
11182,1817,1177,38.68
11182,1898,1480,48.68
49718,304,1086,35.68
46047,1605,1725,56.68
46047,1812,1452,47.68
50112,1806,2060,67.68
33099,101,2090,68.68
33099,102,2090,68.68
33099,202,4586,150.68
33099,203,4586,150.68
33099,206,1299,42.68
33099,304,2821,92.68
33099,406,5012,164.68
33099,432,4678,153.68
33099,914,2972,97.68
33099,1105,4951,162.68
33099,1113,2029,66.68
33099,1215,4525,148.68
33099,1634,1177,38.68
33099,1798,4890,160.68
98119,304,721,23.68
98119,305,1876,61.68
98119,705,721,23.68
98119,910,1664,54.68
91962,304,1360,44.68
91962,1617,5012,164.68
93208,404,1146,37.68
93208,498,1146,37.68
90552,306,2151,70.68
90552,414,933,30.68
90552,423,2547,83.68
90552,1113,2241,73.68
85967,115,3824,125.68
85967,1105,3217,105.68
85967,1113,2821,92.68
88153,202,902,29.68
88153,405,902,29.68
88153,1112,1511,49.68
88153,1198,933,30.68
88153,1605,1360,44.68
88153,1804,1330,43.68
88153,1810,1511,49.68
34678,305,1845,60.68
66724,410,1330,43.68
66724,426,1055,34.68
66724,1898,1238,40.68
92511,1637,2638,86.68
49617,505,5194,170.68
49617,1119,872,28.68
49617,1634,5529,181.68
80370,102,1664,54.68
80370,202,6078,199.68
80370,304,1998,65.68
80370,415,5043,165.68
80370,512,1664,54.68
80370,1113,1633,53.68
80370,1617,3916,128.68
5033,114,2121,69.68
5033,404,3643,119.68
103134,106,1633,53.68
103134,1619,1633,53.68
13429,426,1207,39.68
13429,432,872,28.68
96481,102,1330,43.68
96481,1801,1268,41.68
96481,1802,4678,153.68
63888,1106,872,28.68
73825,108,1786,58.68
73825,198,1968,64.68
73825,1622,1756,57.68
73825,1634,1756,57.68
73825,1640,1756,57.68
17315,423,1421,46.68
17315,708,2210,72.68
17315,713,1968,64.68
17315,1617,2210,72.68
92762,102,1876,61.68
92762,116,1876,61.68
92762,205,1695,55.68
92762,304,749,24.68
92762,412,1360,44.68
92762,504,964,31.68
92762,1705,1603,52.68
92762,1813,1025,33.68
80051,304,1480,48.68
80051,425,1542,50.68
61353,498,2760,90.68
61353,1105,2029,66.68
61353,1113,568,18.68
61353,1614,3094,101.68
61353,1817,1480,48.68
91275,108,1086,35.68
91275,915,1086,35.68
91275,916,1086,35.68
91275,1817,1086,35.68
27416,108,1695,55.68
88784,102,872,28.68
88784,305,1633,53.68
88784,705,1086,35.68
88784,1215,3368,110.68
95456,1706,1480,48.68
14882,798,2699,88.68
14882,1617,3886,127.68
69052,304,933,30.68
68904,108,1207,39.68
68904,498,933,30.68
45552,504,629,20.68
45552,1622,2121,69.68
45552,1801,1664,54.68
45552,1817,994,32.68
22063,412,1876,61.68
22063,1602,1299,42.68
22063,1701,964,31.68
93035,306,1055,34.68
92194,1112,872,28.68
92194,1802,964,31.68
92194,1804,1511,49.68
103152,1110,568,18.68
73328,1105,3855,126.68
54674,305,2547,83.68
54674,313,4037,132.68
54674,404,1695,55.68
54674,428,1177,38.68
54674,703,2272,74.68
54674,1705,3064,100.68
54674,1801,1177,38.68
48958,1805,4464,146.68
88358,108,1299,42.68
20366,198,1542,50.68
20366,205,721,23.68
20366,504,5529,181.68
20366,915,1876,61.68
20366,1117,5529,181.68
74760,198,6504,213.68
74760,198,6504,213.68
74760,304,4678,153.68
74760,305,3947,129.68
74760,306,3217,105.68
74760,423,5682,186.68
74760,429,6047,198.68
74760,809,6108,200.68
74760,916,3429,112.68
74760,1111,5529,181.68
74760,1210,5529,181.68
74760,1798,6108,200.68
74760,1898,2821,92.68
7608,1105,3521,115.68
4271,1634,1817,59.68
4271,1816,964,31.68
99898,504,629,20.68
80097,102,1452,47.68
80097,411,1299,42.68
80097,915,1268,41.68
25300,1198,1146,37.68
25300,1701,1268,41.68
25300,1710,1146,37.68
25300,1809,902,29.68
103246,304,629,20.68
103246,305,1603,52.68
103246,306,1603,52.68
103246,423,964,31.68
103246,1111,1968,64.68
19642,202,1360,44.68
19642,1616,1725,56.68
33766,104,2121,69.68
33766,109,1542,50.68
33766,305,2121,69.68
33766,429,2121,69.68
33766,1605,2121,69.68
78783,1817,872,28.68
1419,1801,1664,54.68
66793,1605,1238,40.68
66793,1705,1238,40.68
87575,424,1360,44.68
87575,914,2182,71.68
87575,1704,1756,57.68
9323,102,902,29.68
9323,104,2821,92.68
9323,109,3429,112.68
9323,112,3702,121.68
9323,305,1391,45.68
9323,426,2486,81.68
44954,304,933,30.68
75979,311,2029,66.68
13925,305,2852,93.68
13925,809,964,31.68
13925,1113,2090,68.68
77325,304,1572,51.68
77325,313,2668,87.68
77325,1630,2668,87.68
77325,1801,2668,87.68
38500,107,2363,77.68
38500,305,2241,73.68
38500,1811,2090,68.68
24761,1616,1238,40.68
48992,1298,1391,45.68
48992,1298,1391,45.68
33295,108,1207,39.68
33295,415,1480,48.68
33295,709,1025,33.68
5348,198,1603,52.68
5348,304,2241,73.68
5348,498,2241,73.68
5348,1619,3551,116.68
76410,428,2913,95.68
79578,198,1268,41.68
79578,298,1268,41.68
79578,304,1968,64.68
79578,305,933,30.68
79578,307,872,28.68
79578,398,1268,41.68
79578,504,1268,41.68
79578,698,872,28.68
79578,714,1907,62.68
79578,1816,5651,185.68
100822,798,537,17.68
100822,1705,537,17.68
96401,1112,811,26.68
96401,1801,1146,37.68
96401,1812,1360,44.68
96401,1898,811,26.68
75678,1802,933,30.68
52969,306,1907,62.68
52969,410,2394,78.68
52969,915,2394,78.68
52969,998,1907,62.68
52969,1637,5043,165.68
52969,1898,3824,125.68
59987,1105,1633,53.68
42879,1001,3582,117.68
42879,202,2607,85.68
42879,1701,2638,86.68
29267,1812,1725,56.68
44327,1701,1876,61.68
44327,1801,4282,140.68
44327,1803,2882,94.68
48159,198,1086,35.68
48159,798,1876,61.68
70430,1637,1268,41.68
680,404,1725,56.68
680,1701,2668,87.68
680,1801,3094,101.68
38476,915,2090,68.68
5466,1117,4859,159.68
5466,1617,4890,160.68
63518,208,1633,53.68
63518,304,1330,43.68
63518,408,1330,43.68
63518,411,994,32.68
63518,412,1633,53.68
63518,428,1876,61.68
63518,606,1633,53.68
63518,712,1633,53.68
63518,1312,1360,44.68
63518,1812,1633,53.68
63518,1813,1115,36.68
63518,1817,2272,74.68
47064,412,1695,55.68
49268,202,1146,37.68
49268,412,1146,37.68
78810,432,1330,43.68
89025,1619,3064,100.68
7360,304,1055,34.68
7360,1701,1542,50.68
7360,1709,2852,93.68
7360,1801,1330,43.68
7360,1817,964,31.68
33027,304,1664,54.68
33027,307,1664,54.68
33027,406,1695,55.68
33027,410,3217,105.68
33027,411,4190,137.68
33027,432,4099,134.68
33027,705,933,30.68
33027,709,964,31.68
33027,1113,1725,56.68
33027,1812,2699,88.68
33027,1898,2668,87.68
21239,305,3186,104.68
21239,306,1968,64.68
21239,406,3824,125.68
21239,915,4402,144.68
21239,1312,1146,37.68
21239,1801,4313,141.68
21239,1812,1937,63.68
38144,102,1268,41.68
38144,202,1876,61.68
38144,306,1633,53.68
38144,426,1968,64.68
38144,1113,1695,55.68
38144,1801,3733,122.68
89349,202,902,29.68
89349,406,841,27.68
89349,712,3671,120.68
89349,1113,2182,71.68
66004,102,1664,54.68
66004,1113,1876,61.68
66004,1801,3429,112.68
27185,304,872,28.68
27185,305,1055,34.68
27185,306,1055,34.68
27185,423,1937,63.68
27185,714,1817,59.68
27185,1616,2333,76.68
27185,1622,1786,58.68
27185,1627,1756,57.68
27185,1634,2333,76.68
27185,1801,902,29.68
70407,305,872,28.68
70407,809,1725,56.68
25978,1612,1330,43.68
25978,1698,1603,52.68
25978,1701,1086,35.68
25978,1703,1695,55.68
80456,1105,1452,47.68
80456,1898,1603,52.68
91970,1705,2333,76.68
76852,305,2729,89.68
76852,1113,2090,68.68
76852,1216,1360,44.68
76852,1617,4221,138.68
76852,1817,2516,82.68
14833,408,3916,128.68
102921,1912,3521,115.68
47067,1605,2791,91.68
47067,1622,3855,126.68
47067,1634,3855,126.68
26259,198,1603,52.68
26259,1617,1238,40.68
38805,414,2821,92.68
38805,1617,3156,103.68
38805,1637,1238,40.68
6439,108,1238,40.68
6439,1616,1725,56.68
6439,1701,1452,47.68
6439,1703,1452,47.68
68772,405,1299,42.68
68772,1298,2516,82.68
68772,1612,2821,92.68
68772,1616,2547,83.68
68772,1813,2394,78.68
21285,698,3643,119.68
21285,313,3855,126.68
21285,432,1725,56.68
21285,607,3643,119.68
21285,705,3551,116.68
21285,712,3247,106.68
21285,718,2791,91.68
21285,719,1725,56.68
21285,1801,3671,120.68
21285,1898,1360,44.68
75168,305,3306,108.68
75168,426,1756,57.68
75168,713,3886,127.68
75168,1605,3977,130.68
75168,1801,2060,67.68
73217,304,1421,46.68
100103,410,2182,71.68
93973,304,749,24.68
87199,102,2182,71.68
87199,305,2516,82.68
87199,411,5713,187.68
87199,412,5713,187.68
87199,426,5713,187.68
87199,1617,1695,55.68
61262,108,1695,55.68
61262,311,2060,67.68
61262,706,1360,44.68
61262,713,1511,49.68
61262,1617,2121,69.68
61262,1801,2151,70.68
82486,198,3368,110.68
82486,298,507,16.68
82486,404,2821,92.68
82486,1605,3551,116.68
82486,1898,537,17.68
10265,1117,1391,45.68
10265,1804,1998,65.68
10265,1805,1998,65.68
10265,1898,1786,58.68
74566,423,902,29.68
74566,424,902,29.68
24106,304,994,32.68
24106,305,994,32.68
24106,306,994,32.68
24106,307,994,32.68
24106,714,1998,65.68
24106,915,2090,68.68
24106,916,2121,69.68
24106,1801,1695,55.68
55625,208,3033,99.68
55625,305,2852,93.68
55625,307,2852,93.68
55625,909,1330,43.68
55625,916,1664,54.68
55625,1312,3033,99.68
55625,1616,3033,99.68
55625,1619,3064,100.68
24410,1812,1330,43.68
24410,1898,1268,41.68
98846,313,4982,163.68
98846,915,749,24.68
98846,1215,599,19.68
98846,1817,964,31.68
50807,1117,994,32.68
50807,1601,1207,39.68
50807,1622,1299,42.68
103619,112,872,28.68
103619,202,446,14.68
103619,1617,507,16.68
95383,406,902,29.68
3260,304,1207,39.68
3260,305,1207,39.68
3260,1616,3855,126.68
3260,1804,4068,133.68
3260,1810,4068,133.68
28176,304,8330,273.68
83549,304,1360,44.68
83549,432,1360,44.68
30493,304,2182,71.68
69865,305,2060,67.68
69865,411,2182,71.68
69865,423,2182,71.68
69865,432,2182,71.68
69865,1117,2121,69.68
9564,405,4494,147.68
9564,719,3916,128.68
9564,915,1633,53.68
9564,1210,3582,117.68
36903,1103,3977,130.68
36903,1109,3977,130.68
55989,1609,1998,65.68
55989,1637,1998,65.68
98449,798,2241,73.68
98449,1198,2241,73.68
31820,306,2760,90.68
31820,1801,3003,98.68
323,102,1360,44.68
323,304,1452,47.68
323,305,2182,71.68
323,607,4374,143.68
323,608,2090,68.68
323,612,4920,161.68
323,712,4798,157.68
323,720,4798,157.68
323,906,1299,42.68
72096,1001,2972,97.68
64508,426,2729,89.68
64508,428,1146,37.68
59626,202,1330,43.68
59626,423,872,28.68
59626,1617,1360,44.68
63064,109,4798,157.68
63064,305,1725,56.68
63064,306,1725,56.68
63064,406,994,32.68
63064,410,902,29.68
63064,504,1360,44.68
63064,1801,3551,116.68
71364,1598,3459,113.68
71364,429,841,27.68
71364,1110,3459,113.68
71364,1610,2333,76.68
65655,304,1603,52.68
65655,705,1025,33.68
33772,1001,3033,99.68
33772,1701,2455,80.68
52157,112,3855,126.68
52157,428,1421,46.68
52157,1701,3368,110.68
92620,1619,1572,51.68
72262,102,1786,58.68
72262,304,1817,59.68
72262,305,1786,58.68
72262,1810,3551,116.68
97748,1007,721,23.68
97748,1098,721,23.68
94483,112,1633,53.68
94483,423,1664,54.68
94483,1407,2060,67.68
94483,1617,1025,33.68
67067,709,1207,39.68
67067,1615,1299,42.68
67067,1630,2272,74.68
67067,1703,1268,41.68
521,1105,2182,71.68
521,1309,1511,49.68
521,1312,3582,117.68
521,1705,1633,53.68
521,1801,1907,62.68
521,1812,1907,62.68
79275,914,1452,47.68
87802,107,5012,164.68
87802,1407,2121,69.68
68409,311,1572,51.68
12783,305,1330,43.68
12783,1803,1695,55.68
82987,412,4647,152.68
82987,712,4647,152.68
3633,902,5469,179.68
3633,201,1086,35.68
3633,428,4890,160.68
3633,602,1330,43.68
3633,605,1330,43.68
3633,915,5469,179.68
3633,1817,1633,53.68
85242,1001,3763,123.68
85242,198,2151,70.68
85242,305,1025,33.68
85242,426,1086,35.68
85242,511,872,28.68
85242,798,1207,39.68
85242,1110,933,30.68
85242,1113,933,30.68
85242,1298,1299,42.68
85242,1312,2729,89.68
85242,1798,1937,63.68
88387,504,872,28.68
97797,1812,1664,54.68
97797,1898,902,29.68
93020,202,841,27.68
93020,415,1907,62.68
93020,426,1786,58.68
93020,1109,1542,50.68
93020,1113,1238,40.68
78607,304,1542,50.68
78607,307,1542,50.68
78607,1110,2516,82.68
78607,1111,1664,54.68
78607,1805,4313,141.68
26357,102,1633,53.68
26357,304,2516,82.68
26357,706,1146,37.68
26357,1898,1086,35.68
66905,304,1055,34.68
66905,305,1055,34.68
66905,1614,841,27.68
3435,114,1238,40.68
8218,1215,2547,83.68
8218,1698,2486,81.68
14691,198,629,20.68
14691,304,1360,44.68
14691,1209,629,20.68
14691,1801,964,31.68
69679,305,1876,61.68
81383,304,1238,40.68
81383,305,1238,40.68
81383,1701,2272,74.68
81383,1898,2151,70.68
85086,304,4008,131.68
85086,305,2547,83.68
85086,307,4008,131.68
85086,708,2547,83.68
85086,809,4739,155.68
85086,1110,1025,33.68
85086,1798,4739,155.68
85086,1801,1025,33.68
92258,916,872,28.68
80864,410,994,32.68
80864,426,1025,33.68
80864,712,2941,96.68
80864,1605,1695,55.68
80864,1637,994,32.68
21207,102,2394,78.68
21207,201,1756,57.68
21207,304,2394,78.68
21207,305,2394,78.68
21207,398,2394,78.68
21207,504,1756,57.68
21207,709,1391,45.68
21207,712,1845,60.68
21207,1112,2182,71.68
21207,1113,2182,71.68
21207,1627,4647,152.68
30986,304,1086,35.68
30986,404,2272,74.68
30986,1801,2607,85.68
37745,108,1633,53.68
37745,713,1330,43.68
37745,1698,1207,39.68
37745,1801,1633,53.68
37745,1812,1572,51.68
1628,712,3398,111.68
39452,1003,1845,60.68
43224,116,1817,59.68
43224,304,1817,59.68
43224,423,933,30.68
43224,1605,4037,132.68
43224,1701,3671,120.68
68093,1614,1268,41.68
3411,303,4008,131.68
3411,398,4008,131.68
3411,1198,3947,129.68
3411,202,2852,93.68
3411,310,4221,138.68
3411,406,4252,139.68
3411,1117,3947,129.68
3411,1801,2455,80.68
100330,1709,2941,96.68
15005,202,1238,40.68
15005,1110,4586,150.68
15005,1703,4282,140.68
15005,1709,2760,90.68
73276,304,964,31.68
73276,305,3582,117.68
73276,798,2425,79.68
73276,1601,3217,105.68
73276,1898,3612,118.68
7090,304,4647,152.68
7090,305,4647,152.68
7090,307,4647,152.68
7090,914,1360,44.68
7090,1111,4982,163.68
7090,1305,1360,44.68
54761,504,1998,65.68
54761,507,1968,64.68
54761,504,1998,65.68
54761,507,1968,64.68
86661,305,1845,60.68
86661,306,1845,60.68
86661,426,3306,108.68
86661,705,1177,38.68
91031,109,4678,153.68
91031,202,3916,128.68
91031,411,2638,86.68
91031,705,1025,33.68
91031,916,4739,155.68
91031,1110,2363,77.68
91031,1312,994,32.68
100069,1116,1025,33.68
100069,1617,1115,36.68
100069,1704,1055,34.68
72763,304,1299,42.68
72763,1637,2029,66.68
72763,1817,1452,47.68
86865,198,1025,33.68
86865,202,933,30.68
99179,114,2425,79.68
99179,712,2333,76.68
99179,908,1907,62.68
99179,1110,1725,56.68
99179,1113,1725,56.68
99179,1312,1664,54.68
80996,428,2121,69.68
80996,1105,1452,47.68
80996,1112,1452,47.68
54393,198,2241,73.68
54393,809,3702,121.68
20409,306,1055,34.68
20409,504,964,31.68
20409,519,964,31.68
20409,1198,933,30.68
20409,1605,1542,50.68
20409,1614,994,32.68
20409,1812,1086,35.68
93850,112,9577,314.68
93850,504,9334,306.68
91219,405,1480,48.68
91219,1607,2302,75.68
91219,1616,2302,75.68
91219,1634,2302,75.68
14382,305,1360,44.68
14382,1106,1360,44.68
14382,1113,1360,44.68
62181,504,2972,97.68
62181,1622,3156,103.68
62181,1801,2882,94.68
21024,498,1664,54.68
21024,1622,4555,149.68
18647,1898,1876,61.68
13051,916,1207,39.68
13051,1634,1845,60.68
13051,1816,994,32.68
69391,1627,3368,110.68
41752,411,2333,76.68
41752,426,1968,64.68
61106,118,1845,60.68
61106,306,1391,45.68
61106,504,2913,95.68
61106,1801,2182,71.68
87249,411,933,30.68
87249,1609,933,30.68
87249,1617,902,29.68
87249,1622,933,30.68
87249,1637,902,29.68
84505,108,872,28.68
84505,305,872,28.68
84505,428,1025,33.68
84505,1198,902,29.68
84505,1215,1025,33.68
84505,1216,1025,33.68
92587,1634,902,29.68
5899,202,872,28.68
5899,1705,1664,54.68
5899,1805,1572,51.68
23861,115,1146,37.68
82875,1798,1055,34.68
15014,202,1511,49.68
15014,411,1360,44.68
15014,1605,721,23.68
92177,304,902,29.68
92177,798,902,29.68
92177,1215,933,30.68
92177,1622,1391,45.68
9122,198,3247,106.68
9122,202,2333,76.68
9122,304,4037,132.68
9122,1110,3186,104.68
9122,1113,2852,93.68
9122,1898,4617,151.68
63414,304,1817,59.68
63414,305,1817,59.68
63414,1803,2090,68.68
37963,307,1480,48.68
37963,414,2547,83.68
37963,415,2547,83.68
37963,426,2547,83.68
59010,406,2090,68.68
59010,428,1360,44.68
88677,424,1907,62.68
88677,915,1572,51.68
88677,1609,2333,76.68
88677,1801,2302,75.68
55416,1630,4739,155.68
55416,1709,2852,93.68
33668,304,872,28.68
33668,423,2760,90.68
33668,426,2729,89.68
33668,1617,1086,35.68
31431,202,902,29.68
31431,305,1268,41.68
31431,504,1998,65.68
31431,1703,3671,120.68
20303,1105,1603,52.68
20303,1630,4221,138.68
20303,1898,1937,63.68
33313,1617,2729,89.68
93143,304,2455,80.68
51794,1622,4008,131.68
51794,1804,4008,131.68
51794,1810,4008,131.68
95489,916,1299,42.68
95489,1816,1360,44.68
75830,202,1115,36.68
75830,406,2941,96.68
96779,1617,749,24.68
26955,304,2941,96.68
26955,305,2941,96.68
26955,306,2941,96.68
26955,411,4739,155.68
26955,415,2029,66.68
26955,432,4739,155.68
26955,705,994,32.68
26955,916,933,30.68
26955,1105,3306,108.68
26955,1614,4374,143.68
26955,1637,994,32.68
26955,1801,4708,154.68
26955,1802,2821,92.68
26955,1817,3217,105.68
99723,305,1268,41.68
99723,306,1268,41.68
99723,915,1177,38.68
99723,1108,2607,85.68
99723,1816,2882,94.68
60987,1601,994,32.68
44041,1601,933,30.68
44041,1801,964,31.68
98067,1609,3156,103.68
98067,1617,3156,103.68
98067,1801,1115,36.68
83429,407,1452,47.68
83429,1637,1845,60.68
83429,1801,1603,52.68
71233,1113,1998,65.68
18263,429,1480,48.68
18263,1312,1268,41.68
18354,108,1268,41.68
18354,298,1025,33.68
18354,1634,1391,45.68
18354,1698,1025,33.68
93507,1215,2941,96.68
69860,423,1756,57.68
15134,1898,964,31.68
45935,408,2486,81.68
45935,411,933,30.68
89950,104,994,32.68
89950,1636,872,28.68
96327,112,1664,54.68
53733,305,1115,36.68
53733,306,1115,36.68
53733,426,994,32.68
53733,719,1817,59.68
53733,1605,2182,71.68
53733,1816,2121,69.68
38007,1617,1817,59.68
38007,1630,1998,65.68
38007,1709,1330,43.68
19583,1619,2151,70.68
76719,305,5255,172.68
76719,426,2486,81.68
76719,1614,5377,176.68
76719,1904,2699,88.68
86726,1215,4739,155.68
86726,1633,3886,127.68
83843,1701,994,32.68
83843,1703,1146,37.68
82338,708,933,30.68
82338,916,994,32.68
34873,1622,1268,41.68
31329,102,2516,82.68
31329,304,994,32.68
31329,305,994,32.68
31329,510,1115,36.68
31329,809,3278,107.68
31329,908,1452,47.68
31329,1215,6624,217.68
31329,1298,994,32.68
31329,1312,2151,70.68
31329,1816,2882,94.68
69838,203,4586,150.68
69838,405,964,31.68
69838,705,964,31.68
69838,1113,2425,79.68
28698,108,1907,62.68
28698,304,1268,41.68
28698,705,1725,56.68
28698,1698,2333,76.68
28698,1798,1330,43.68
22181,304,1207,39.68
22181,305,1207,39.68
22181,809,2607,85.68
42732,1598,2425,79.68
42732,809,2151,70.68
42732,1015,2363,77.68
42732,1117,2121,69.68
42732,1609,2363,77.68
42732,1617,1968,64.68
29603,206,1238,40.68
9301,198,4343,142.68
9301,1398,3947,129.68
9301,111,3306,108.68
9301,112,3278,107.68
9301,1105,2121,69.68
9301,1198,902,29.68
9301,1609,2029,66.68
9301,1798,3247,106.68
9301,1898,2121,69.68
93460,104,2852,93.68
93460,1703,1786,58.68
89554,201,1330,43.68
4842,304,1177,38.68
4842,305,1177,38.68
4842,307,1177,38.68
48244,405,1086,35.68
34963,612,1664,54.68
34963,998,1146,37.68
84875,311,1207,39.68
84875,1117,1542,50.68
62470,306,1238,40.68
62470,406,1238,40.68
62470,426,1238,40.68
62470,1701,872,28.68
85783,201,1146,37.68
85783,504,1025,33.68
85783,1113,1025,33.68
85783,1812,5955,195.68
14331,1701,2547,83.68
4502,304,1177,38.68
4502,305,3337,109.68
60405,1627,2182,71.68
49599,202,902,29.68
49599,406,1511,49.68
49599,407,1511,49.68
49599,408,1511,49.68
49599,412,3702,121.68
49599,707,1421,46.68
45928,304,1817,59.68
45928,428,2241,73.68
45928,798,2547,83.68
45928,1113,933,30.68
28778,203,902,29.68
28778,1105,1025,33.68
28778,1801,2516,82.68
90195,1198,2547,83.68
90195,306,660,21.68
90195,404,2547,83.68
90195,705,2547,83.68
90195,1110,2547,83.68
90195,1614,2547,83.68
90195,1617,2455,80.68
36505,306,2972,97.68
36505,407,3247,106.68
36505,412,3125,102.68
36505,426,3125,102.68
36505,1637,994,32.68
36505,1817,3156,103.68
90967,304,964,31.68
90967,709,872,28.68
90967,809,3156,103.68
90967,1705,2699,88.68
47511,1609,2394,78.68
47511,1622,1572,51.68
47511,1627,1572,51.68
77868,403,3671,120.68
77868,305,2394,78.68
77868,719,2913,95.68
77868,1617,3521,115.68
77868,1801,1968,64.68
59011,118,4433,145.68
59011,405,3763,123.68
59011,1709,4252,139.68
21810,423,1786,58.68
28072,1617,1115,36.68
93886,1705,1055,34.68
93886,1813,780,25.68
100466,916,537,17.68
100466,1609,872,28.68
100466,1617,690,22.68
100466,1637,872,28.68
386,311,8391,275.68
386,798,1998,65.68
89663,206,994,32.68
89663,914,902,29.68
89663,916,902,29.68
60575,109,1452,47.68
60575,798,1756,57.68
60575,1817,1391,45.68
36882,705,1480,48.68
36882,1798,1786,58.68
36882,1801,1238,40.68
82557,415,964,31.68
82557,712,964,31.68
82557,1801,1055,34.68
45983,305,3916,128.68
45983,306,3916,128.68
45983,404,2729,89.68
45983,1812,1664,54.68
52963,423,1391,45.68
60071,1812,964,31.68
94726,304,721,23.68
95517,1605,1756,57.68
95517,1898,933,30.68
90529,108,1086,35.68
90529,405,1603,52.68
90529,423,1603,52.68
90529,798,1603,52.68
90529,1212,1907,62.68
90529,1298,1907,62.68
90529,1634,1845,60.68
1206,412,2607,85.68
1206,712,2607,85.68
1206,1105,1238,40.68
1206,1801,2913,95.68
1206,1812,2729,89.68
1206,1898,1238,40.68
28781,998,1817,59.68
89725,102,1511,49.68
89725,201,811,26.68
89725,406,4951,162.68
89725,414,872,28.68
89725,423,4951,162.68
89725,504,4951,162.68
89725,519,841,27.68
89725,605,841,27.68
89725,916,964,31.68
89725,1112,2882,94.68
89725,1617,872,28.68
89725,1817,3125,102.68
52687,304,872,28.68
52687,1113,1238,40.68
52687,1801,1268,41.68
33417,109,1633,53.68
33417,115,1633,53.68
33417,426,1664,54.68
33417,1801,1268,41.68
1786,713,1998,65.68
1786,1817,933,30.68
97849,102,1115,36.68
97849,428,1786,58.68
97849,498,811,26.68
97849,708,4068,133.68
97849,798,4798,157.68
97849,1106,2210,72.68
97849,1617,1480,48.68
97849,1619,4494,147.68
97849,1628,811,26.68
97849,1701,4586,150.68
97849,1898,2272,74.68
76894,108,2121,69.68
76894,1816,2455,80.68
91724,406,811,26.68
98749,1605,902,29.68
98749,1616,902,29.68
98749,1630,902,29.68
98749,1801,660,21.68
100327,1801,1025,33.68
59633,426,964,31.68
59633,1605,1177,38.68
59633,1812,964,31.68
96925,305,3702,121.68
96925,514,2607,85.68
96925,1801,2394,78.68
65388,1598,4647,152.68
65388,198,994,32.68
65388,206,4708,154.68
65388,408,4647,152.68
65388,1106,1876,61.68
65388,1117,4647,152.68
65388,1634,2241,73.68
65388,1817,1603,52.68
82367,1105,1238,40.68
95465,423,1055,34.68
95465,1801,1146,37.68
48702,1605,872,28.68
50102,504,1603,52.68
50102,519,1603,52.68
49224,304,1360,44.68
49224,1408,2455,80.68
49224,1498,2455,80.68
49224,1801,872,28.68
39790,202,2852,93.68
39790,1704,3977,130.68
39790,1801,933,30.68
47928,112,1756,57.68
47928,202,3824,125.68
47928,203,3824,125.68
47928,304,1756,57.68
47928,404,994,32.68
47928,407,2821,92.68
47928,412,2821,92.68
47928,426,2821,92.68
47928,798,1025,33.68
47928,1098,4678,153.68
47928,1106,1330,43.68
47928,1407,1025,33.68
79142,1704,1268,41.68
99281,202,902,29.68
99281,412,933,30.68
99281,1622,933,30.68
99281,1634,933,30.68
21158,201,1907,62.68
21158,305,994,32.68
21158,605,964,31.68
21158,1111,2821,92.68
21158,1212,2821,92.68
27486,798,1421,46.68
27486,1012,1360,44.68
51728,498,1115,36.68
60586,1627,994,32.68
60586,1703,1511,49.68
95435,1617,1086,35.68
35801,310,4525,148.68
35801,423,4464,146.68
35801,428,1603,52.68
35801,712,4494,147.68
37668,304,1025,33.68
37668,305,690,22.68
1242,304,1511,49.68
1242,1802,1360,44.68
1242,1817,964,31.68
85256,305,902,29.68
85256,426,964,31.68
65451,304,902,29.68
65451,305,3156,103.68
65451,306,3156,103.68
65451,411,933,30.68
65451,1817,994,32.68
11343,1298,1115,36.68
77227,305,2455,80.68
8790,426,2699,88.68
10618,304,1299,42.68
10618,305,1299,42.68
83390,998,1299,42.68
3079,1110,4252,139.68
67095,107,6504,213.68
67095,201,2760,90.68
67095,202,5774,189.68
67095,428,3551,116.68
67095,429,3217,105.68
67095,705,6139,201.68
67095,907,1330,43.68
67095,915,1330,43.68
70598,202,964,31.68
70598,1801,1146,37.68
19296,202,1391,45.68
19296,304,902,29.68
19296,313,1391,45.68
19296,404,1391,45.68
19296,410,1391,45.68
19296,411,1391,45.68
19296,708,1360,44.68
19296,709,1360,44.68
76507,915,1207,39.68
76507,1116,1817,59.68
76507,1605,1876,61.68
76507,1627,964,31.68
76507,1630,2060,67.68
88792,914,2638,86.68
88792,916,902,29.68
64629,916,902,29.68
83877,108,902,29.68
76780,610,1115,36.68
76780,708,1086,35.68
76780,713,1025,33.68
76780,798,933,30.68
90597,715,1907,62.68
90597,1113,1268,41.68
90597,1616,1968,64.68
90597,1622,1968,64.68
90597,1804,1998,65.68
90597,1805,1998,65.68
90597,1898,1998,65.68
13293,423,1025,33.68
49165,304,2486,81.68
49165,708,3064,100.68
49165,713,2941,96.68
49165,1113,1299,42.68
49165,1801,3156,103.68
53685,108,1086,35.68
53685,424,994,32.68
53685,1898,1238,40.68
1742,198,1146,37.68
3449,108,1086,35.68
3449,304,1695,55.68
3449,305,3671,120.68
3449,307,1695,55.68
3449,426,1391,45.68
3449,798,1115,36.68
3449,1801,2547,83.68
88126,1616,1817,59.68
88126,1617,1817,59.68
95303,304,2576,84.68
95303,1801,872,28.68
94832,1798,1055,34.68
48335,202,2333,76.68
72228,805,902,29.68
72228,898,902,29.68
72228,916,994,32.68
23601,305,1876,61.68
23601,306,1876,61.68
38061,202,2302,75.68
40558,705,964,31.68
40558,1710,2607,85.68
33437,202,1086,35.68
33437,405,3702,121.68
33437,423,3702,121.68
33437,915,3702,121.68
33437,916,3702,121.68
33437,1111,2486,81.68
33437,1898,1452,47.68
90834,423,1086,35.68
55495,705,872,28.68
55495,914,2486,81.68
55495,1601,902,29.68
55495,1614,1968,64.68
55495,1634,1177,38.68
55495,1701,3337,109.68
55495,1704,3306,108.68
55495,1817,1360,44.68
61986,205,994,32.68
61986,304,2852,93.68
61986,405,3947,129.68
61986,426,3977,130.68
61986,428,1633,53.68
61986,698,5073,166.68
61986,998,1756,57.68
61986,1113,1421,46.68
61986,1305,902,29.68
61986,1601,1086,35.68
61986,1627,2852,93.68
61986,1701,3003,98.68
61986,1810,5804,190.68
21367,915,1421,46.68
21367,916,1480,48.68
21367,1801,1452,47.68
13061,428,1146,37.68
13061,908,1299,42.68
81184,504,2852,93.68
81184,809,1845,60.68
81184,916,1845,60.68
81184,1118,1756,57.68
88841,304,1268,41.68
88841,305,1268,41.68
88841,1705,1025,33.68
17939,1637,1299,42.68
17939,1640,1299,42.68
17939,1898,994,32.68
88802,1215,1207,39.68
25569,306,1633,53.68
25569,1305,2638,86.68
67206,305,1115,36.68
67206,307,1817,59.68
67206,1215,1876,61.68
74826,305,1817,59.68
74826,306,1146,37.68
74826,423,1330,43.68
74826,504,2547,83.68
74826,809,964,31.68
74826,1105,2302,75.68
74826,1112,1299,42.68
5855,405,2821,92.68
5855,407,1876,61.68
5855,426,3702,121.68
64120,203,1025,33.68
64120,1622,1360,44.68
64120,1637,1360,44.68
83885,1622,964,31.68
88082,915,2241,73.68
88082,1112,1511,49.68
34312,714,1115,36.68
34312,1801,3247,106.68
34312,1817,3033,99.68
97589,304,749,24.68
97589,307,749,24.68
97589,406,1086,35.68
97589,411,1845,60.68
97589,414,568,18.68
97589,423,933,30.68
97589,426,1817,59.68
97589,432,1845,60.68
97589,916,1664,54.68
97589,1112,1786,58.68
24490,713,1025,33.68
24490,1605,1330,43.68
24490,1616,1330,43.68
24490,1798,1025,33.68
1057,304,841,27.68
1057,1801,933,30.68
89745,102,1360,44.68
89745,304,2090,68.68
89745,305,2090,68.68
89745,914,3551,116.68
89745,1105,872,28.68
89745,1111,1725,56.68
89745,1640,3125,102.68
89745,1701,2638,86.68
89705,1898,1055,34.68
3345,305,2121,69.68
3345,1605,2302,75.68
68427,304,994,32.68
68427,313,3217,105.68
13469,112,1238,40.68
56199,405,1086,35.68
56199,408,2394,78.68
22400,1617,4555,149.68
93633,102,1421,46.68
93633,305,1146,37.68
93633,405,811,26.68
93633,504,1845,60.68
93633,519,1421,46.68
93633,1113,811,26.68
3903,1805,1907,62.68
1788,423,933,30.68
1788,1113,1115,36.68
1788,1198,1025,33.68
1788,1801,1480,48.68
1788,1817,933,30.68
1788,1898,1299,42.68
12596,406,1633,53.68
12596,906,3490,114.68
12596,915,3490,114.68
12596,1617,3733,122.68
12596,1801,3094,101.68
85936,202,2791,91.68
85936,405,2425,79.68
85936,1113,1695,55.68
85936,1627,2060,67.68
85936,1801,3916,128.68
89462,202,964,31.68
89462,304,994,32.68
89462,305,994,32.68
89462,313,4221,138.68
77769,198,1876,61.68
77769,405,3916,128.68
77769,407,2425,79.68
77769,498,2425,79.68
77769,798,2455,80.68
77769,803,964,31.68
77769,906,933,30.68
77769,998,964,31.68
77769,1105,1480,48.68
77769,1198,964,31.68
77769,1312,964,31.68
77769,1407,964,31.68
77769,1816,4099,134.68
100056,304,690,22.68
100056,305,690,22.68
4826,719,933,30.68
17194,306,3186,104.68
17194,426,2363,77.68
86164,411,933,30.68
86164,423,2699,88.68
86164,1804,2760,90.68
86164,1816,2760,90.68
86164,1898,2882,94.68
77587,108,1572,51.68
77587,1802,1421,46.68
77587,1817,2151,70.68
89954,112,1115,36.68
46948,208,1817,59.68
46948,423,1817,59.68
46948,426,1817,59.68
46948,713,3094,101.68
46948,1605,2668,87.68
96566,1637,568,18.68
45021,306,1511,49.68
45021,715,2972,97.68
45021,1798,872,28.68
83614,108,1146,37.68
83614,1609,1177,38.68
83614,1617,1177,38.68
8057,406,4798,157.68
8057,414,1786,58.68
8057,1108,1876,61.68
8057,1118,1876,61.68
8057,1801,841,27.68
8057,1816,4798,157.68
65218,915,2455,80.68
65218,1810,3003,98.68
65218,1815,2852,93.68
88284,915,3306,108.68
88284,1634,3429,112.68
36477,1801,1360,44.68
31921,411,3551,116.68
31921,1616,1421,46.68
31921,1698,2029,66.68
31921,1812,1115,36.68
71150,1703,964,31.68
38826,102,1115,36.68
64276,504,4647,152.68
64276,704,5012,164.68
64276,306,4920,161.68
64276,411,994,32.68
64276,425,5012,164.68
64276,426,5012,164.68
64276,432,872,28.68
64276,598,1268,41.68
64276,708,2607,85.68
64276,809,2210,72.68
64276,916,964,31.68
64276,1014,1998,65.68
64276,1105,2151,70.68
64276,1112,2425,79.68
64276,1312,5012,164.68
64276,1601,1055,34.68
64276,1614,1055,34.68
64276,1616,1360,44.68
64276,1622,2090,68.68
64276,1627,1055,34.68
64276,1634,1725,56.68
64276,1637,1756,57.68
64276,1898,4920,161.68
59275,304,2090,68.68
59275,305,2090,68.68
87616,198,3977,130.68
21165,398,3702,121.68
21165,398,3702,121.68
21165,1802,933,30.68
21165,1817,1664,54.68
4015,306,2972,97.68
88437,1619,3003,98.68
88437,1801,2151,70.68
62425,1605,3459,113.68
62425,1806,1421,46.68
18806,411,1572,51.68
18806,414,2090,68.68
18806,708,4068,133.68
18806,712,4068,133.68
18806,1013,1360,44.68
53693,305,2333,76.68
53693,1637,933,30.68
53693,1801,1238,40.68
81672,305,2760,90.68
81672,1113,1360,44.68
81672,1701,5408,177.68
99998,1198,1177,38.68
96731,108,690,22.68
96731,408,690,22.68
96731,1605,872,28.68
25944,915,1268,41.68
25944,1703,3855,126.68
103059,306,1330,43.68
103059,406,749,24.68
91229,304,1511,49.68
91229,305,994,32.68
91229,398,5377,176.68
91229,1113,1025,33.68
91229,1312,3671,120.68
91229,1605,5377,176.68
96000,405,1238,40.68
96000,1801,2090,68.68
65210,109,1421,46.68
65210,705,933,30.68
100558,1110,1664,54.68
14393,202,2913,95.68
14393,305,902,29.68
14393,306,933,30.68
14393,423,1115,36.68
14393,1601,2394,78.68
87115,426,1360,44.68
63811,1802,1998,65.68
29111,426,2151,70.68
40726,504,4951,162.68
40726,1113,1207,39.68
40726,1801,3824,125.68
80474,304,1360,44.68
80474,305,1360,44.68
80474,898,1907,62.68
80474,911,2425,79.68
80474,1198,1695,55.68
80474,1312,3156,103.68
88434,306,1177,38.68
97840,1801,2882,94.68
40845,198,1876,61.68
40845,304,1391,45.68
40845,305,1360,44.68
40845,307,1360,44.68
40845,406,1817,59.68
40845,1110,2090,68.68
40845,1112,2090,68.68
40845,1312,2455,80.68
40845,1622,2455,80.68
31319,1609,4951,162.68
55452,305,1268,41.68
64969,1622,2821,92.68
64969,1634,2821,92.68
28334,108,1330,43.68
28334,305,1115,36.68
28334,1113,1238,40.68
29659,514,1452,47.68
29659,708,933,30.68
29659,910,933,30.68
29659,914,933,30.68
29659,915,933,30.68
29659,916,933,30.68
29659,1110,933,30.68
29659,1298,933,30.68
29659,1817,4586,150.68
3108,108,1360,44.68
3108,1605,1845,60.68
3108,1616,1268,41.68
98409,425,1299,42.68
98409,1605,1817,59.68
98409,1812,2121,69.68
73702,426,1421,46.68
100326,109,1086,35.68
100326,116,1086,35.68
100326,202,568,18.68
100326,304,1115,36.68
100326,305,1115,36.68
100326,504,1845,60.68
100326,1216,1572,51.68
100326,1312,1177,38.68
100326,1605,5316,174.68
100326,1801,3247,106.68
23914,705,1086,35.68
23914,1815,1360,44.68
34255,202,2913,95.68
34255,1616,1695,55.68
34255,1817,994,32.68
68808,304,1268,41.68
68808,1817,1542,50.68
68808,1998,1998,65.68
38882,1810,7689,252.68
87338,1407,1330,43.68
87338,1408,1330,43.68
10824,1614,964,31.68
10824,1801,1603,52.68
40750,304,994,32.68
40750,432,1238,40.68
40750,705,1542,50.68
40750,1609,3278,107.68
40750,1617,2333,76.68
61956,423,2151,70.68
81586,304,3398,111.68
81586,1605,4190,137.68
81586,1616,3156,103.68
81586,1701,3033,99.68
81586,1703,1421,46.68
95476,404,690,22.68
95476,1106,780,25.68
95476,1108,4678,153.68
95476,1111,780,25.68
95476,1113,2852,93.68
94429,510,1238,40.68
94429,698,6443,211.68
94429,803,5347,175.68
4282,608,1025,33.68
4282,908,1391,45.68
4282,1111,1086,35.68
4282,1113,1086,35.68
4282,1312,1025,33.68
4282,1709,5132,168.68
4282,1801,5438,178.68
26795,1634,9212,302.68
76419,304,994,32.68
76419,1013,1025,33.68
76419,1110,2090,68.68
86843,304,964,31.68
86843,305,964,31.68
86843,307,964,31.68
18698,406,1268,41.68
49564,203,1299,42.68
49564,1304,2547,83.68
49564,1627,2547,83.68
49564,1898,2547,83.68
36993,203,1452,47.68
36993,1605,1299,42.68
36993,1801,1115,36.68
36993,1817,1146,37.68
36993,1898,964,31.68
87388,304,1268,41.68
87388,305,1238,40.68
87388,1312,1633,53.68
87388,1616,4678,153.68
87388,1701,1633,53.68
87388,1801,5713,187.68
59976,112,1025,33.68
100853,305,1025,33.68
62927,809,1998,65.68
62927,1710,1207,39.68
65687,1798,902,29.68
89169,916,1391,45.68
82415,1627,2241,73.68
75094,1704,629,20.68
8696,1311,1421,46.68
19702,1616,2607,85.68
19702,1627,2182,71.68
19702,1637,2607,85.68
19702,1701,1238,40.68
19702,1812,1207,39.68
30642,101,1330,43.68
30642,118,1695,55.68
30642,205,1207,39.68
30642,305,3094,101.68
30642,512,1360,44.68
30642,612,1360,44.68
31171,1619,5255,172.68
51711,405,1876,61.68
51711,1119,2090,68.68
51711,1312,1452,47.68
51711,1416,3064,100.68
51711,1617,3186,104.68
93320,116,1115,36.68
93320,205,933,30.68
93320,304,2607,85.68
93320,405,5377,176.68
93320,1312,4221,138.68
93320,1816,5255,172.68
73798,1609,1238,40.68
73798,1617,1238,40.68
87771,306,749,24.68
87771,1801,1025,33.68
45610,1105,841,27.68
45610,1817,1055,34.68
45610,1898,841,27.68
47534,406,2576,84.68
47534,426,2576,84.68
47534,705,1845,60.68
47534,719,2302,75.68
47534,1617,2699,88.68
33355,104,1664,54.68
33355,198,964,31.68
33355,304,964,31.68
33355,405,1725,56.68
33355,407,1725,56.68
33355,421,1360,44.68
33355,908,1817,59.68
33355,1106,1876,61.68
33355,1206,1845,60.68
5549,306,933,30.68
5549,1109,1968,64.68
5549,1898,1968,64.68
87880,498,1330,43.68
87880,1701,3459,113.68
87880,1703,2699,88.68
87880,1709,3247,106.68
51550,305,933,30.68
51550,1605,5347,175.68
72240,798,3156,103.68
72240,1698,3306,108.68
31233,1709,2455,80.68
35673,198,1391,45.68
35673,610,1360,44.68
35673,798,1086,35.68
35673,1801,1391,45.68
56284,1817,1968,64.68
16527,407,1725,56.68
16527,423,1725,56.68
16527,1813,2302,75.68
35103,205,1146,37.68
35103,410,2791,91.68
35103,916,1055,34.68
35103,1898,4313,141.68
60087,1617,964,31.68
72001,306,2151,70.68
72001,426,1330,43.68
72001,1626,1207,39.68
25194,1810,4586,150.68
37648,423,1025,33.68
37648,426,1025,33.68
53394,304,3125,102.68
53394,305,3125,102.68
51333,1812,3217,105.68
46335,405,1299,42.68
46335,412,1299,42.68
46335,998,1086,35.68
46335,1312,1299,42.68
97162,1601,2121,69.68
97162,1615,780,25.68
97162,1898,1572,51.68
65734,1634,4099,134.68
65734,1703,1360,44.68
94608,1637,749,24.68
97425,1017,2729,89.68
97425,1801,2151,70.68
36498,202,1330,43.68
36498,412,1330,43.68
36498,1105,2913,95.68
36498,1113,2241,73.68
36498,1801,1086,35.68
103462,304,446,14.68
103462,307,749,24.68
103462,398,1238,40.68
58097,202,1330,43.68
58097,304,1330,43.68
58097,307,1330,43.68
58097,915,1542,50.68
79355,1498,1452,47.68
79355,116,1603,52.68
79355,406,1603,52.68
79355,421,1330,43.68
79355,998,994,32.68
79355,1111,994,32.68
79355,1112,994,32.68
79355,1198,994,32.68
79355,1210,994,32.68
79355,1298,994,32.68
79355,1409,1452,47.68
79355,1698,1421,46.68
79355,1801,1452,47.68
32137,1614,1055,34.68
64323,1801,2302,75.68
93880,1633,2576,84.68
29023,304,872,28.68
29023,311,1937,63.68
15706,504,1115,36.68
15706,1617,1452,47.68
71339,430,3186,104.68
71339,1622,3186,104.68
71339,1634,3186,104.68
54036,607,5104,167.68
54036,1105,1238,40.68
54036,1106,3702,121.68
54036,1111,964,31.68
54036,1113,3702,121.68
54036,1117,2972,97.68
54036,1637,3094,101.68
54036,1640,5104,167.68
54036,1701,1725,56.68
54036,1804,5104,167.68
89411,298,2729,89.68
89411,304,1603,52.68
89411,424,3217,105.68
89411,915,1633,53.68
89411,998,1633,53.68
89411,1601,3643,119.68
9793,305,1268,41.68
9793,307,1633,53.68
9793,1118,1633,53.68
28896,504,2333,76.68
28896,705,3186,104.68
28896,1117,872,28.68
28896,1215,5590,183.68
28896,1622,5651,185.68
88814,1609,1268,41.68
88814,1617,1268,41.68
48824,1701,1146,37.68
44583,1113,3582,117.68
44583,1817,4525,148.68
96749,305,902,29.68
96749,1801,2882,94.68
96749,1811,964,31.68
96749,1816,2972,97.68
76418,1703,1633,53.68
76418,1817,1633,53.68
46211,398,3033,99.68
46211,1198,2729,89.68
46211,1701,3217,105.68
46211,1709,1330,43.68
46211,1801,3490,114.68
54757,704,1907,62.68
54757,915,1055,34.68
27713,298,2882,94.68
27713,410,2882,94.68
27713,425,2882,94.68
27713,1616,2882,94.68
91160,425,2425,79.68
91160,504,2425,79.68
91160,1627,1330,43.68
91160,1698,2425,79.68
31865,116,1146,37.68
31865,304,2972,97.68
31865,406,4068,133.68
31865,428,2972,97.68
31865,1803,5012,164.68
31865,1812,1633,53.68
82740,304,2576,84.68
82740,305,1238,40.68
82740,411,1725,56.68
82740,432,1025,33.68
82740,1622,5132,168.68
82740,1801,2821,92.68
82740,1802,2547,83.68
34209,1013,1055,34.68
34209,1634,1177,38.68
34209,1637,1177,38.68
90798,101,1391,45.68
90798,201,1391,45.68
90798,1307,1391,45.68
74910,915,2029,66.68
74910,1898,2121,69.68
21587,426,2791,91.68
21587,1113,2121,69.68
21587,1617,5835,191.68
43309,1698,811,26.68
43309,1798,1480,48.68
50204,1106,1756,57.68
50204,1629,1998,65.68
50204,1801,2882,94.68
47377,1105,872,28.68
20443,423,2121,69.68
89614,1598,3033,99.68
89614,304,841,27.68
89614,408,841,27.68
89614,411,841,27.68
89614,1215,933,30.68
69423,311,1268,41.68
69423,1617,1299,42.68
21256,109,1146,37.68
21256,305,994,32.68
21256,410,1330,43.68
21256,411,1330,43.68
21256,605,2972,97.68
21256,1898,1146,37.68
76617,414,1786,58.68
81138,304,1756,57.68
81138,307,1756,57.68
81138,313,2455,80.68
81138,423,1086,35.68
81138,426,1086,35.68
81138,1198,2455,80.68
81138,1605,2455,80.68
81138,1616,2455,80.68
81138,1637,2455,80.68
81138,1804,2455,80.68
59027,504,1817,59.68
59027,605,2547,83.68
59027,1705,872,28.68
82332,311,933,30.68
82332,1617,1025,33.68
82332,1817,994,32.68
53443,708,933,30.68
53443,1698,872,28.68
53443,1813,1330,43.68
53443,1817,1633,53.68
53443,1898,2333,76.68
89210,102,1330,43.68
89210,305,964,31.68
89210,412,872,28.68
89210,1113,1664,54.68
89210,1619,3916,128.68
57558,102,2241,73.68
57558,205,1299,42.68
57558,304,4798,157.68
85843,998,3794,124.68
85843,1112,2821,92.68
85843,1806,1238,40.68
85843,1811,1633,53.68
46488,1703,1664,54.68
46488,1801,1330,43.68
46488,1811,994,32.68
12372,115,2121,69.68
12372,305,2029,66.68
12372,411,3306,108.68
12372,1810,1391,45.68
49410,304,3582,117.68
49410,305,3582,117.68
49410,404,4767,156.68
49410,405,4767,156.68
49410,423,4767,156.68
49410,430,4767,156.68
49410,1111,2394,78.68
49410,1698,4767,156.68
42977,306,1177,38.68
42977,1605,1725,56.68
42977,1801,1177,38.68
42977,1898,1177,38.68
87561,198,2576,84.68
87561,307,1572,51.68
87561,1113,811,26.68
77586,510,902,29.68
77586,608,841,27.68
77586,1211,841,27.68
77586,1801,1086,35.68
72739,304,1238,40.68
80559,1312,1786,58.68
80559,1816,2210,72.68
72,304,4798,157.68
72,1113,2060,67.68
31530,1617,1664,54.68
52249,304,933,30.68
55960,203,1968,64.68
55960,914,1480,48.68
55960,1605,4343,142.68
76515,304,1725,56.68
3315,1802,1695,55.68
5539,305,2121,69.68
5539,398,4221,138.68
5539,1605,2486,81.68
16491,915,2241,73.68
97693,102,1421,46.68
97693,1113,2151,70.68
97693,1298,1025,33.68
97693,1802,1817,59.68
2118,428,1207,39.68
37289,198,1572,51.68
37289,202,2729,89.68
37289,712,1572,51.68
37289,1198,3551,116.68
37289,1312,3612,118.68
75970,114,1937,63.68
75970,504,1025,33.68
52032,610,3733,122.68
54174,304,1207,39.68
54174,423,3459,113.68
54174,426,3094,101.68
54174,714,3186,104.68
54174,1817,1146,37.68
90304,102,2121,69.68
90304,201,1756,57.68
90304,406,4586,150.68
90304,414,2882,94.68
90304,705,2394,78.68
90304,915,1268,41.68
90304,1609,2516,82.68
98387,1609,721,23.68
67683,116,2241,73.68
67683,205,1421,46.68
67683,304,5163,169.68
67683,305,2972,97.68
67683,709,2060,67.68
67683,809,2060,67.68
67683,915,1876,61.68
67683,916,1086,35.68
67683,1113,2060,67.68
67683,1634,6169,202.68
67683,1903,3521,115.68
41900,304,1786,58.68
41900,412,2913,95.68
41900,1113,1452,47.68
41900,1801,2121,69.68
58828,1098,4647,152.68
58828,108,841,27.68
58828,109,902,29.68
58828,307,2486,81.68
79244,498,5132,168.68
51671,1801,1391,45.68
4822,202,2821,92.68
4822,709,3278,107.68
4822,1701,933,30.68
4822,1812,1480,48.68
62950,305,964,31.68
62950,1812,1055,34.68
66921,102,1725,56.68
66921,304,1330,43.68
66921,428,1695,55.68
66921,1105,933,30.68
66921,1106,933,30.68
66921,1112,933,30.68
66921,1113,933,30.68
66921,1617,1207,39.68
66921,1816,3186,104.68
12128,307,1391,45.68
12128,498,1360,44.68
12128,510,1360,44.68
12128,916,964,31.68
38757,1110,1086,35.68
22173,104,994,32.68
22173,202,994,32.68
22173,423,994,32.68
55709,304,1177,38.68
14401,1623,2576,84.68
14401,1698,1086,35.68
14401,1801,2547,83.68
73220,101,1299,42.68
73220,1801,1633,53.68
73220,1998,2547,83.68
89420,202,994,32.68
89420,305,1268,41.68
89420,423,1025,33.68
89420,1627,3855,126.68
51695,411,2121,69.68
51695,1637,2121,69.68
78522,1619,2029,66.68
45140,305,2029,66.68
93728,1701,811,26.68
87806,102,1603,52.68
87806,1612,1845,60.68
98988,1617,811,26.68
95522,1110,964,31.68
77105,914,1907,62.68
77105,1804,2821,92.68
51934,202,1086,35.68
51934,408,1542,50.68
51934,1701,1664,54.68
607,714,1937,63.68
607,1616,1572,51.68
25434,1801,994,32.68
85285,406,2182,71.68
85285,1812,2852,93.68
91301,1598,2516,82.68
91301,1898,994,32.68
18660,304,1086,35.68
18660,307,1086,35.68
18660,1616,4617,151.68
11232,304,1207,39.68
11232,305,1207,39.68
11232,306,1207,39.68
11232,307,1207,39.68
11232,426,1756,57.68
11232,610,1025,33.68
11232,1198,964,31.68
11232,1710,3094,101.68
11232,1809,1115,36.68
91788,1801,964,31.68
85451,202,3916,128.68
85451,305,2060,67.68
85451,306,2060,67.68
85451,425,5408,177.68
85451,1306,1360,44.68
85451,1601,2455,80.68
85451,1627,5043,165.68
5525,104,2760,90.68
5525,202,2729,89.68
5525,304,2729,89.68
5525,305,2729,89.68
5525,306,2729,89.68
5525,307,2729,89.68
5525,429,2729,89.68
5525,498,2729,89.68
5525,504,1391,45.68
5525,1104,2182,71.68
5525,1312,1603,52.68
5525,1812,1025,33.68
5525,1817,1480,48.68
6118,1605,3551,116.68
6118,1813,2729,89.68
11722,1598,2972,97.68
11722,498,2972,97.68
11722,1708,1330,43.68
4768,1001,1968,64.68
4768,406,1360,44.68
4768,426,2029,66.68
4768,1798,933,30.68
36051,1801,4617,151.68
80092,406,1086,35.68
80092,1605,2882,94.68
80092,1617,3916,128.68
29461,1801,4282,140.68
29461,1898,1633,53.68
22066,1112,1330,43.68
22066,1630,1937,63.68
22066,1802,964,31.68
48325,504,2241,73.68
48325,423,1725,56.68
48325,1637,2241,73.68
48325,1708,1664,54.68
48325,1898,1268,41.68
80217,102,1115,36.68
80217,109,933,30.68
80217,201,3337,109.68
80217,304,4798,157.68
80217,313,6412,210.68
80217,410,6259,205.68
80217,411,6259,205.68
80217,426,6200,203.68
80217,504,2607,85.68
80217,516,902,29.68
80217,519,902,29.68
80217,708,1086,35.68
80217,709,1086,35.68
80217,1117,6259,205.68
80217,1205,1480,48.68
80217,1210,2455,80.68
22424,1609,1664,54.68
1665,304,1025,33.68
1665,1634,1391,45.68
29635,1701,1572,51.68
54171,207,2029,66.68
54171,304,2241,73.68
54171,305,2182,71.68
54171,306,2241,73.68
54171,1111,933,30.68
54171,1112,933,30.68
54171,1210,933,30.68
54171,1804,2241,73.68
54171,1817,1817,59.68
83181,1701,1055,34.68
99310,412,902,29.68
99310,426,902,29.68
99310,708,872,28.68
99310,712,872,28.68
65212,305,1238,40.68
65212,1605,1330,43.68
65212,1622,1330,43.68
69904,406,2913,95.68
69904,408,2913,95.68
69904,426,4068,133.68
69904,1812,2913,95.68
98239,304,1845,60.68
97027,198,2729,89.68
97027,202,872,28.68
97027,305,841,27.68
97027,306,841,27.68
97027,412,749,24.68
97027,426,721,23.68
97027,712,749,24.68
90926,1810,2151,70.68
87792,205,1511,49.68
87792,305,1998,65.68
87792,306,4129,135.68
87792,432,4525,148.68
87792,1113,2090,68.68
87792,1622,4433,145.68
87792,1709,2151,70.68
87792,1810,4129,135.68
87792,1898,3398,111.68
14447,307,933,30.68
14447,313,4951,162.68
14447,426,4951,162.68
83797,428,1115,36.68
83797,1105,994,32.68
83797,1617,3156,103.68
83797,1627,2941,96.68
83797,1637,3064,100.68
44382,411,902,29.68
66315,423,1664,54.68
66315,1617,1452,47.68
66315,1809,2363,77.68
59401,304,1845,60.68
59401,305,1845,60.68
59401,306,1845,60.68
81983,426,3702,121.68
81983,1801,3186,104.68
81983,1815,3278,107.68
33829,305,1146,37.68
33829,430,2821,92.68
33829,1817,1207,39.68
7113,313,2882,94.68
7113,914,2516,82.68
7113,1098,2486,81.68
7113,1215,1480,48.68
7113,1812,1238,40.68
89543,1098,1511,49.68
87985,202,3916,128.68
87985,415,3186,104.68
87985,426,3551,116.68
87985,1110,2121,69.68
87985,1803,2821,92.68
87985,1805,2821,92.68
57118,304,1207,39.68
57118,305,1207,39.68
57118,313,3824,125.68
36990,304,1330,43.68
45344,426,3459,113.68
45344,1801,1207,39.68
89501,704,2272,74.68
89501,313,2272,74.68
89501,404,2272,74.68
89501,412,2272,74.68
89501,1609,2272,74.68
89501,1802,1572,51.68
64681,504,1633,53.68
64681,504,1633,53.68
56612,1106,1695,55.68
56612,1117,1421,46.68
56612,1215,2394,78.68
53282,305,841,27.68
53282,307,841,27.68
53282,313,4708,154.68
77198,1622,964,31.68
48261,412,1391,45.68
99965,1215,780,25.68
56424,798,1115,36.68
52531,1627,1146,37.68
74591,304,2455,80.68
74591,1605,1756,57.68
591,1198,1817,59.68
591,1198,1786,58.68
591,1617,5073,166.68
16416,411,3186,104.68
16416,1113,841,27.68
16416,1812,2060,67.68
2355,198,3156,103.68
2355,412,2363,77.68
2355,423,2363,77.68
2355,426,2363,77.68
2355,1619,3186,104.68
2355,1801,1238,40.68
5151,305,2151,70.68
5151,1701,5132,168.68
7749,1198,3398,111.68
90399,205,1025,33.68
90399,1113,1055,34.68
90399,1627,4525,148.68
61136,426,1391,45.68
103349,1117,507,16.68
83904,311,964,31.68
83904,425,1115,36.68
83904,1609,1115,36.68
32302,404,994,32.68
32302,405,994,32.68
32302,407,994,32.68
32302,423,994,32.68
32302,426,1360,44.68
80827,1617,1115,36.68
90341,914,1025,33.68
90341,1110,1998,65.68
24234,304,964,31.68
24234,311,964,31.68
24234,405,933,30.68
24234,1605,2576,84.68
24234,1617,2272,74.68
74781,202,2791,91.68
74781,1703,3886,127.68
13629,510,1725,56.68
95224,705,841,27.68
69487,1704,1207,39.68
88673,305,2363,77.68
88673,424,3886,127.68
88673,432,994,32.68
88673,1701,3855,126.68
88673,1801,841,27.68
88673,1898,4282,140.68
82356,709,994,32.68
82356,798,872,28.68
82356,1812,902,29.68
71373,202,3551,116.68
71373,404,3643,119.68
71373,414,2425,79.68
71373,426,2913,95.68
71373,1113,1664,54.68
71373,1217,1664,54.68
71373,1614,3612,118.68
76374,304,1146,37.68
76374,305,1146,37.68
76374,1198,4464,146.68
76374,1810,4464,146.68
41615,1198,6351,208.68
41615,205,1360,44.68
41615,407,902,29.68
41615,412,6047,198.68
41615,711,1299,42.68
41615,712,6047,198.68
41615,1112,2060,67.68
41615,1117,6351,208.68
41615,1605,5621,184.68
41615,1614,4282,140.68
41615,1640,6078,199.68
41615,1701,3916,128.68
41615,1801,5774,189.68
41615,1809,6593,216.68
41615,1810,6593,216.68
41615,1812,6443,211.68
76762,1798,1268,41.68
86434,304,964,31.68
86434,426,1998,65.68
86434,1112,2333,76.68
86434,1601,1725,56.68
86434,1617,1360,44.68
95886,306,721,23.68
95886,713,1603,52.68
95886,1108,1664,54.68
60961,306,1177,38.68
60961,708,1511,49.68
61202,202,3247,106.68
61202,406,2729,89.68
61202,1701,3459,113.68
61202,1705,2821,92.68
96722,1598,2972,97.68
96722,305,1845,60.68
96722,1117,2972,97.68
88334,305,2241,73.68
88334,410,2241,73.68
88334,1117,2151,70.68
40188,304,8847,290.68
40188,305,1055,34.68
40188,307,8847,290.68
40188,1105,2241,73.68
40188,1113,2241,73.68
12474,101,4221,138.68
12474,102,1876,61.68
12474,201,1268,41.68
12474,202,2821,92.68
12474,305,1268,41.68
12474,306,1268,41.68
12474,406,1725,56.68
12474,1801,4221,138.68
89555,304,2151,70.68
89555,305,3217,105.68
89555,705,841,27.68
89555,798,1025,33.68
42200,1112,3094,101.68
42200,1801,3033,99.68
42200,1898,3094,101.68
79601,712,1572,51.68
79601,1813,1299,42.68
40680,202,1268,41.68
40680,1637,1542,50.68
40680,1701,1511,49.68
65834,415,1207,39.68
77050,1605,9000,295.68
77050,1617,1146,37.68
45237,504,2394,78.68
45237,1705,1695,55.68
35351,306,2972,97.68
35351,915,2821,92.68
35351,998,2821,92.68
97391,1803,1055,34.68
4400,305,4374,143.68
4400,398,4374,143.68
4400,426,4555,149.68
4400,504,3156,103.68
4400,515,2182,71.68
4400,1105,1146,37.68
4400,1701,3278,107.68
89171,305,2363,77.68
89171,306,2363,77.68
89171,428,1146,37.68
89171,1609,3337,109.68
89171,1617,3337,109.68
89171,1802,1268,41.68
89171,1898,1786,58.68
88676,415,994,32.68
88676,1813,1055,34.68
86861,1616,994,32.68
86861,1617,964,31.68
86861,1805,1207,39.68
86861,1813,902,29.68
54461,305,1572,51.68
95956,1110,2821,92.68
95956,1119,2821,92.68
95956,1630,3094,101.68
95956,1801,1968,64.68
95956,1810,3186,104.68
68536,1609,2333,76.68
68536,1617,2363,77.68
68536,1801,1572,51.68
68536,1813,1115,36.68
57447,714,1633,53.68
57447,1112,1511,49.68
18107,102,964,31.68
18107,205,964,31.68
18107,298,964,31.68
18107,306,1480,48.68
18107,908,964,31.68
87980,1113,1360,44.68
87980,1215,2425,79.68
38865,305,1146,37.68
38865,306,1146,37.68
63894,406,994,32.68
63894,426,2486,81.68
86147,304,902,29.68
86147,398,902,29.68
86147,411,1452,47.68
86147,1312,1268,41.68
38740,1812,933,30.68
85995,1215,2394,78.68
99027,304,841,27.68
99027,1627,841,27.68
94085,809,1452,47.68
94085,1633,1391,45.68
725,198,1421,46.68
725,112,1421,46.68
65566,202,2425,79.68
65566,305,1330,43.68
65566,306,1330,43.68
65566,406,2394,78.68
65566,412,2576,84.68
65566,426,2425,79.68
65566,432,1086,35.68
65566,1605,2699,88.68
65566,1898,1756,57.68
4173,712,2363,77.68
4173,798,2363,77.68
4173,1703,1086,35.68
100854,432,568,18.68
100854,1312,2972,97.68
100854,1817,902,29.68
100854,1998,3337,109.68
57433,1105,5438,178.68
57433,1215,4282,140.68
29271,304,1086,35.68
29271,305,4647,152.68
29271,311,5347,175.68
29271,412,3156,103.68
16729,305,1086,35.68
16729,1619,3064,100.68
96693,102,2638,86.68
96693,201,872,28.68
96693,408,3368,110.68
96693,428,2882,94.68
96693,1105,1876,61.68
96693,1312,2394,78.68
96693,1633,5713,187.68
96693,1698,5713,187.68
96693,1801,872,28.68
96693,1802,5043,165.68
96693,1815,4282,140.68
96693,1898,1876,61.68
89445,305,4798,157.68
89445,1811,5955,195.68
5666,708,2821,92.68
90716,198,1817,59.68
90716,202,872,28.68
90716,305,3551,116.68
90716,404,3094,101.68
90716,414,4190,137.68
90716,504,964,31.68
90716,708,3247,106.68
90716,712,3247,106.68
90716,809,3247,106.68
90716,898,2425,79.68
90716,1627,2821,92.68
90716,1698,964,31.68
16259,109,1299,42.68
16259,914,1360,44.68
88372,102,1876,61.68
88372,108,5347,175.68
88372,411,1572,51.68
88372,432,964,31.68
88372,504,4068,133.68
88372,607,5469,179.68
88372,712,1299,42.68
88372,809,1238,40.68
88372,1617,4798,157.68
88372,1701,5316,174.68
40182,426,1845,60.68
40182,610,1391,45.68
40182,1116,1968,64.68
40182,1617,2151,70.68
40182,1812,2121,69.68
40182,1817,1238,40.68
99739,1798,1360,44.68
89139,1117,933,30.68
6199,202,1786,58.68
6199,1619,1786,58.68
6199,1801,1876,61.68
89815,1106,902,29.68
89815,1111,902,29.68
89815,1210,902,29.68
89815,1627,902,29.68
89815,1809,902,29.68
89815,1898,902,29.68
85635,305,4008,131.68
85635,410,4555,149.68
85635,424,902,29.68
85635,708,5132,168.68
54520,414,4433,145.68
54520,423,2241,73.68
54520,426,2241,73.68
54520,1118,2455,80.68
54520,1609,3977,130.68
54520,1616,3247,106.68
54520,1617,3217,105.68
54520,1698,4829,158.68
54520,1812,3886,127.68
54520,1813,4464,146.68
54520,1898,3671,120.68
54520,1998,1146,37.68
90194,205,1876,61.68
90194,498,2972,97.68
90194,1198,1876,61.68
90194,1801,4708,154.68
77041,504,2455,80.68
77041,1619,3337,109.68
77041,1801,2121,69.68
77041,1812,1086,35.68
6494,202,2394,78.68
33024,412,933,30.68
33024,432,1725,56.68
33024,712,933,30.68
33024,1617,1330,43.68
16630,305,933,30.68
16630,306,1452,47.68
16630,605,1299,42.68
16630,1105,1391,45.68
16630,1617,3916,128.68
91535,202,2090,68.68
91535,304,2455,80.68
82423,504,3582,117.68
82423,1216,902,29.68
82423,1810,841,27.68
3547,306,1421,46.68
3547,419,3217,105.68
3547,1106,1756,57.68
3547,1110,4829,158.68
3547,1637,1238,40.68
3547,1909,3217,105.68
1582,205,1115,36.68
1582,307,1115,36.68
1582,908,1268,41.68
21166,1812,1207,39.68
85450,1703,1421,46.68
83102,304,1725,56.68
83102,1113,2090,68.68
96028,206,841,27.68
62370,305,1480,48.68
13137,304,1146,37.68
13137,708,933,30.68
13137,1634,1907,62.68
13137,1801,3702,121.68
13137,1817,994,32.68
3694,304,1572,51.68
3694,305,1572,51.68
3694,428,4494,147.68
3694,1601,4252,139.68
3694,1627,4252,139.68
3694,1801,5438,178.68
54576,198,2729,89.68
54576,306,2455,80.68
54576,428,2425,79.68
54576,1634,4951,162.68
54576,1798,4708,154.68
54576,1998,2729,89.68
30927,304,1086,35.68
30927,1215,4008,131.68
30927,1803,1025,33.68
19510,305,2090,68.68
52464,1198,3064,100.68
52464,1198,3064,100.68
3780,313,2363,77.68
3780,405,2241,73.68
3780,498,1633,53.68
3780,1110,1268,41.68
3780,1801,1207,39.68
70311,304,2760,90.68
18178,311,1542,50.68
73423,305,1207,39.68
73423,306,872,28.68
73423,916,841,27.68
73423,1105,1572,51.68
73423,1110,1937,63.68
73423,1113,1937,63.68
53341,1605,3247,106.68
95715,404,599,19.68
95715,504,1968,64.68
95715,709,1603,52.68
95715,1627,2486,81.68
95715,1640,2729,89.68
31089,108,3094,101.68
31089,202,1268,41.68
31089,423,4586,150.68
31089,713,3855,126.68
31089,1622,1633,53.68
31089,1817,2486,81.68
90993,202,1025,33.68
90993,205,1025,33.68
90993,304,1025,33.68
90993,405,4464,146.68
90993,512,1025,33.68
90993,1701,4221,138.68
6213,102,1664,54.68
6213,108,964,31.68
6213,304,1025,33.68
6213,305,2241,73.68
6213,306,2241,73.68
6213,424,5285,173.68
6213,914,994,32.68
6213,1627,3125,102.68
6213,1704,4708,154.68
55426,1801,2182,71.68
29843,1609,1330,43.68
29843,1622,2972,97.68
29843,1627,2576,84.68
83571,305,1511,49.68
84375,1605,841,27.68
67541,102,1511,49.68
67541,120,964,31.68
67541,198,964,31.68
67541,305,2821,92.68
67541,404,1542,50.68
67541,798,2821,92.68
67541,898,1695,55.68
67541,1215,2547,83.68
3875,423,933,30.68
3875,1617,2333,76.68
3875,1817,1937,63.68
95691,1114,1360,44.68
95691,1801,811,26.68
95691,1898,1360,44.68
76897,432,1177,38.68
76897,1801,1937,63.68
80687,304,2576,84.68
80687,405,1086,35.68
80687,410,2486,81.68
80687,1110,1207,39.68
80687,1113,1207,39.68
69899,705,1238,40.68
69899,1105,1146,37.68
69899,1701,2333,76.68
69899,1703,1633,53.68
12347,1801,2821,92.68
12347,1815,8299,272.68
85183,304,2913,95.68
85183,305,2913,95.68
85183,306,933,30.68
85183,705,3702,121.68
61824,1198,1207,39.68
61824,1627,1421,46.68
13064,498,1115,36.68
13064,706,933,30.68
13064,1898,1207,39.68
34663,198,902,29.68
93974,306,1756,57.68
79887,305,1146,37.68
79887,1617,872,28.68
79887,1622,1511,49.68
79887,1634,872,28.68
82372,426,2729,89.68
82372,916,2394,78.68
82372,1622,2394,78.68
90758,298,1876,61.68
90758,304,964,31.68
90758,305,4617,151.68
90758,306,4617,151.68
90758,1204,2607,85.68
90758,1617,1968,64.68
46125,304,902,29.68
46125,428,1421,46.68
46125,1105,3824,125.68
46125,1113,1055,34.68
64019,432,1421,46.68
64019,1605,2607,85.68
64019,1634,3064,100.68
64019,1637,3064,100.68
64019,1640,3064,100.68
64019,1701,3003,98.68
89243,202,3094,101.68
89243,498,3064,100.68
89243,803,1146,37.68
62545,207,964,31.68
62545,411,2425,79.68
35741,1407,2182,71.68
35741,1609,2182,71.68
35741,1617,2182,71.68
35741,1898,1421,46.68
76098,712,1025,33.68
76098,1803,1998,65.68
2501,1801,2852,93.68
8241,411,4282,140.68
8241,709,3186,104.68
8241,1109,5529,181.68
8241,1704,3459,113.68
103074,405,537,17.68
103074,1110,629,20.68
103074,1898,568,18.68
75322,404,2547,83.68
75322,911,1299,42.68
75322,998,1299,42.68
75322,1105,872,28.68
75322,1113,1817,59.68
75322,1498,2486,81.68
75322,1812,2821,92.68
51140,1198,4647,152.68
51140,202,994,32.68
51140,1110,4647,152.68
87687,304,964,31.68
87687,305,964,31.68
87687,306,964,31.68
87687,504,1238,40.68
83345,311,4037,132.68
32903,412,3429,112.68
32903,713,1725,56.68
3730,504,902,29.68
3730,1617,1968,64.68
35362,108,1756,57.68
35362,498,964,31.68
35362,1617,1817,59.68
35362,1898,1238,40.68
23846,202,3794,124.68
23846,405,3794,124.68
23846,423,3794,124.68
9558,426,5224,171.68
66932,304,3977,130.68
66932,305,3977,130.68
66932,428,3306,108.68
66932,504,2486,81.68
66932,510,2486,81.68
66932,512,2486,81.68
66932,705,1207,39.68
66932,809,902,29.68
66932,906,902,29.68
66932,908,1725,56.68
66932,909,964,31.68
66932,916,964,31.68
66932,1110,1330,43.68
66932,1407,902,29.68
66932,1801,3977,130.68
59751,306,1725,56.68
59751,1627,2121,69.68
59751,1708,1177,38.68
47384,406,3156,103.68
47384,411,3490,114.68
47384,428,1572,51.68
47384,1627,2791,91.68
45554,202,2455,80.68
45554,432,2821,92.68
45554,1105,2029,66.68
45554,1113,1695,55.68
45554,1601,1695,55.68
45554,1801,1664,54.68
45554,1804,1968,64.68
15921,1701,4343,142.68
15921,1811,1146,37.68
15921,1812,2333,76.68
53601,1709,4099,134.68
53601,1813,3186,104.68
87170,102,1756,57.68
87170,202,6930,227.68
87170,205,1542,50.68
87170,305,1330,43.68
87170,606,6930,227.68
87170,612,933,30.68
87170,805,1086,35.68
87170,1105,1207,39.68
87170,1110,7324,240.68
87170,1312,1998,65.68
149,1113,994,32.68
48248,411,3186,104.68
48248,432,1725,56.68
48248,1312,2729,89.68
50986,1105,1055,34.68
79931,426,1299,42.68
57393,107,1115,36.68
57393,1617,994,32.68
30787,423,2455,80.68
80570,304,1452,47.68
80570,498,1360,44.68
80570,1701,749,24.68
78709,304,1086,35.68
78709,305,1086,35.68
78709,307,1086,35.68
78709,1111,1421,46.68
78709,1117,1086,35.68
78709,1210,1421,46.68
86342,1622,1025,33.68
10416,1619,2394,78.68
82382,305,1725,56.68
18540,305,1725,56.68
18540,504,1968,64.68
18540,1804,5621,184.68
73711,201,1572,51.68
73711,198,1572,51.68
73711,1898,1452,47.68
38216,1617,4586,150.68
38216,1701,2272,74.68
21022,504,2425,79.68
21022,198,1937,63.68
21022,305,2060,67.68
21022,306,2090,68.68
21022,504,2425,79.68
21022,605,1876,61.68
21022,916,2394,78.68
21022,1098,2394,78.68
21022,1605,1876,61.68
21022,1812,2668,87.68
32520,107,1146,37.68
32520,804,1268,41.68
65164,204,1664,54.68
65164,304,1725,56.68
65164,423,2302,75.68
65164,713,1268,41.68
65164,1703,2455,80.68
65164,1801,2060,67.68
26532,102,1695,55.68
26532,306,2425,79.68
26532,415,4586,150.68
26532,1601,2425,79.68
26532,1627,2425,79.68
26532,1898,3916,128.68
96053,305,994,32.68
96053,307,994,32.68
65006,202,1421,46.68
65006,1110,902,29.68
65006,1813,994,32.68
83351,1112,3033,99.68
83351,1617,3368,110.68
83351,1801,994,32.68
83351,1817,994,32.68
89731,306,1055,34.68
89731,1619,2882,94.68
86311,112,1360,44.68
86311,1110,902,29.68
90605,705,1146,37.68
90605,708,1695,55.68
90605,714,2486,81.68
90605,998,1115,36.68
90605,1605,2516,82.68
90605,1609,2972,97.68
90605,1616,2972,97.68
90605,1617,2972,97.68
90605,1635,2760,90.68
47182,1801,1421,46.68
6263,1622,1421,46.68
88384,305,1907,62.68
88384,306,1907,62.68
88384,428,1725,56.68
88384,1111,3247,106.68
16053,414,1086,35.68
16053,915,1845,60.68
16053,1098,2455,80.68
5353,407,2607,85.68
5353,519,1603,52.68
5353,1105,2121,69.68
5353,1204,1238,40.68
5353,1701,2060,67.68
5353,1705,1391,45.68
5353,1801,3186,104.68
10175,304,1299,42.68
10175,504,1695,55.68
68721,1105,1055,34.68
68721,1117,1055,34.68
68721,1198,2791,91.68
49536,1110,2151,70.68
41974,298,1025,33.68
41974,405,6412,210.68
41974,406,6412,210.68
41974,1216,1025,33.68
41381,102,1360,44.68
41381,202,1025,33.68
41381,205,1025,33.68
41381,504,1025,33.68
90113,1216,902,29.68
14347,407,2486,81.68
14347,916,2455,80.68
14347,1105,1238,40.68
78971,423,1115,36.68
63277,102,1845,60.68
63277,201,1845,60.68
63277,304,4767,156.68
63277,305,4767,156.68
102555,304,1572,51.68
102555,305,1542,50.68
102555,504,1998,65.68
102555,809,1055,34.68
102555,1117,3064,100.68
86563,102,1756,57.68
86563,428,4282,140.68
86563,1801,1511,49.68
86563,1810,1421,46.68
75835,1805,1330,43.68
38424,304,1025,33.68
38424,305,1025,33.68
38424,423,3824,125.68
79560,202,964,31.68
79560,1817,1268,41.68
79795,915,3702,121.68
79795,1105,1299,42.68
79795,1117,4252,139.68
4011,202,1207,39.68
13477,404,1633,53.68
13477,1622,994,32.68
32927,108,3217,105.68
32927,698,2729,89.68
32927,1701,933,30.68
32927,1817,1360,44.68
61031,205,1695,55.68
61031,304,1330,43.68
61031,305,1695,55.68
61031,307,1695,55.68
61031,407,4068,133.68
61031,423,3824,125.68
61031,504,1360,44.68
61031,809,1876,61.68
90134,306,1268,41.68
90134,1798,2394,78.68
92578,108,1299,42.68
92578,305,2090,68.68
92578,432,1299,42.68
92578,1015,2151,70.68
92578,1605,1664,54.68
92578,1816,1330,43.68
10966,414,933,30.68
10966,498,1817,59.68
10966,713,3551,116.68
10966,916,933,30.68
10966,1011,933,30.68
10966,1198,1725,56.68
10966,1217,1391,45.68
10966,1298,3186,104.68
10966,1801,3855,126.68
5593,405,1756,57.68
5593,406,1086,35.68
5593,410,2821,92.68
5593,1617,3003,98.68
5593,1701,1207,39.68
5593,1813,2394,78.68
5593,1898,872,28.68
57088,713,3003,98.68
57088,1105,1086,35.68
57088,1701,2729,89.68
57088,1801,3217,105.68
75195,202,1025,33.68
69927,1109,5498,180.68
69927,1801,1238,40.68
17978,426,1572,51.68
27990,408,1480,48.68
27990,1112,1360,44.68
96386,705,2729,89.68
96386,708,1633,53.68
96386,1701,1177,38.68
32838,305,2394,78.68
32838,306,2029,66.68
32838,1215,3643,119.68
1926,306,1268,41.68
1926,713,3278,107.68
1926,1605,2363,77.68
1926,1803,3490,114.68
1926,1813,1725,56.68
32329,708,1025,33.68
32329,916,1360,44.68
32329,1106,1511,49.68
32329,1110,1511,49.68
32329,1801,1876,61.68
32329,1817,2425,79.68
6824,425,933,30.68
6824,1614,933,30.68
82772,708,1452,47.68
82772,712,1452,47.68
14154,306,1330,43.68
92094,201,1756,57.68
92094,304,1756,57.68
92094,305,1756,57.68
36624,426,5682,186.68
36624,705,4464,146.68
36624,1111,1086,35.68
61431,498,1146,37.68
61431,803,964,31.68
90884,605,1907,62.68
90884,610,1845,60.68
81039,102,1238,40.68
81039,198,2760,90.68
81039,304,1055,34.68
81039,305,1055,34.68
81039,306,1055,34.68
81039,1812,1238,40.68
73210,202,902,29.68
81323,1617,1786,58.68
11436,306,2241,73.68
71588,413,1845,60.68
12608,304,1146,37.68
12608,305,1146,37.68
12608,306,1146,37.68
12608,916,1055,34.68
12608,1617,1572,51.68
82726,112,1238,40.68
82726,304,1177,38.68
82726,308,2729,89.68
82726,504,1664,54.68
82726,1812,2363,77.68
67201,1617,933,30.68
58232,798,4829,158.68
58232,107,4647,152.68
58232,304,994,32.68
58232,798,4829,158.68
58232,809,2760,90.68
58232,1498,4829,158.68
100778,205,811,26.68
2993,304,1115,36.68
2993,305,1115,36.68
2993,307,1115,36.68
2993,712,933,30.68
39559,798,3125,102.68
38145,705,964,31.68
38145,1801,2151,70.68
78348,304,1633,53.68
78348,305,1633,53.68
78348,307,1633,53.68
78348,313,3702,121.68
78348,1113,1998,65.68
78348,1704,3702,121.68
78348,1810,4068,133.68
79296,202,1238,40.68
79296,306,1330,43.68
66675,407,1330,43.68
66675,432,3490,114.68
66675,705,2852,93.68
66675,708,3702,121.68
66675,713,3247,106.68
66675,914,1998,65.68
66675,1105,2241,73.68
66675,1198,3459,113.68
66675,1616,3278,107.68
66675,1617,3337,109.68
66675,1704,2821,92.68
66675,1898,2547,83.68
15445,708,1786,58.68
15445,1117,2729,89.68
90569,605,841,27.68
90569,1605,841,27.68
90569,1637,1238,40.68
22385,305,1299,42.68
22385,306,2394,78.68
22385,405,3247,106.68
22385,426,4037,132.68
22385,1801,3916,128.68
71033,305,933,30.68
71033,306,933,30.68
71033,1601,1330,43.68
71033,1801,994,32.68
71549,408,3733,122.68
71549,1701,3671,120.68
71549,1705,3551,116.68
26675,298,994,32.68
26675,712,994,32.68
5381,304,3064,100.68
5381,305,3064,100.68
83523,102,902,29.68
83523,201,902,29.68
83523,504,1756,57.68
83523,705,1817,59.68
83523,809,902,29.68
83523,914,2821,92.68
83523,1407,902,29.68
80879,612,1968,64.68
80879,1117,2882,94.68
80879,1627,1968,64.68
100368,1198,1603,52.68
100368,1704,629,20.68
98457,1617,2363,77.68
98457,1701,1664,54.68
89784,1801,2699,88.68
30936,111,2455,80.68
30936,1813,902,29.68
93778,518,1391,45.68
93778,1108,1207,39.68
1490,1801,3429,112.68
46939,108,1817,59.68
46939,202,1633,53.68
94903,1416,2455,80.68
53468,202,1998,65.68
53468,405,1542,50.68
58228,1312,1786,58.68
58228,1603,2972,97.68
58228,1627,1360,44.68
99535,104,1360,44.68
99535,304,1876,61.68
99535,398,1633,53.68
99535,604,3916,128.68
99535,1215,1542,50.68
99535,1312,1480,48.68
99535,1601,1664,54.68
99535,1605,4221,138.68
99535,1698,1086,35.68
99535,1701,2941,96.68
78983,1617,1055,34.68
17954,1801,1907,62.68
85623,108,1055,34.68
50730,304,2486,81.68
50730,511,1055,34.68
90629,423,2972,97.68
88075,414,1025,33.68
88075,498,994,32.68
81161,203,1360,44.68
31904,112,3551,116.68
31904,306,902,29.68
31904,714,3094,101.68
31904,1617,2516,82.68
31904,1636,1876,61.68
31904,1816,1968,64.68
31904,1817,1360,44.68
29750,1637,1330,43.68
70255,304,964,31.68
70255,305,964,31.68
80881,504,1786,58.68
80881,510,1876,61.68
80881,512,1786,58.68
80881,1305,1725,56.68
80881,1801,2821,92.68
80881,1802,1876,61.68
85619,108,1725,56.68
31931,1105,1845,60.68
31931,1113,1695,55.68
31931,1634,3429,112.68
31931,1801,994,32.68
3066,398,3429,112.68
44587,1312,780,25.68
12430,305,3855,126.68
12430,306,3855,126.68
12430,1305,994,32.68
12430,1703,4433,145.68
36764,1634,1207,39.68
36764,1637,1177,38.68
96432,306,1452,47.68
96432,1605,1756,57.68
96432,1617,4190,137.68
96432,1798,1299,42.68
96432,1813,3612,118.68
96432,1898,2121,69.68
93144,304,4221,138.68
93144,305,4221,138.68
60924,304,1086,35.68
60924,305,2394,78.68
60924,504,2821,92.68
60924,1105,3094,101.68
14663,426,933,30.68
62775,306,933,30.68
62775,1703,2090,68.68
62775,1801,2182,71.68
41044,1117,1115,36.68
101124,1616,933,30.68
78546,304,4129,135.68
78546,305,3702,121.68
78546,404,2760,90.68
78546,612,994,32.68
78546,698,1177,38.68
78546,914,1268,41.68
78546,1898,1695,55.68
22757,1617,1695,55.68
56122,1801,5043,165.68
56122,1812,2729,89.68
96698,1015,780,25.68
96698,1113,1480,48.68
36368,112,1968,64.68
36368,407,1756,57.68
19728,916,1817,59.68
19728,1113,2729,89.68
19728,1198,3278,107.68
19728,1805,3337,109.68
88774,305,964,31.68
88774,428,964,31.68
88774,1105,3186,104.68
88774,1117,4647,152.68
88774,1703,3886,127.68
34928,304,1480,48.68
34928,306,1480,48.68
34928,1617,4920,161.68
83365,706,2668,87.68
83365,1112,1572,51.68
83365,1605,3033,99.68
83365,1617,3003,98.68
83365,1701,2638,86.68
83365,1798,2638,86.68
70942,423,2729,89.68
70942,713,1968,64.68
70942,719,2729,89.68
70942,809,1633,53.68
70942,1701,3156,103.68
70942,1704,1330,43.68
73419,306,1421,46.68
73419,426,1998,65.68
73419,1215,1207,39.68
11467,809,933,30.68
83834,1701,1238,40.68
83834,1703,1238,40.68
49763,304,1725,56.68
49763,306,1725,56.68
84721,304,1480,48.68
84721,306,1480,48.68
84721,1801,2029,66.68
84721,1813,5163,169.68
44667,408,1330,43.68
44667,1801,1542,50.68
72238,405,2791,91.68
72238,1812,1238,40.68
60402,713,3278,107.68
60402,1105,1817,59.68
60402,1801,2516,82.68
38176,202,3033,99.68
38176,916,4859,159.68
38176,1216,1360,44.68
38176,1298,1360,44.68
38176,1605,6016,197.68
38176,1614,3186,104.68
38176,1801,5255,172.68
83764,305,2821,92.68
83764,398,2821,92.68
83764,906,2455,80.68
83764,908,2455,80.68
53380,1704,1055,34.68
32881,108,994,32.68
32881,1622,994,32.68
32881,1701,1115,36.68
32881,1798,872,28.68
26916,605,994,32.68
26916,1619,2913,95.68
26916,1622,2913,95.68
21824,101,1086,35.68
21824,1106,1360,44.68
21824,1113,1756,57.68
21824,1115,1695,55.68
21824,1118,1756,57.68
89075,102,1511,49.68
89075,313,5285,173.68
89075,1708,1055,34.68
82242,205,1725,56.68
82242,407,1146,37.68
82242,504,1817,59.68
82242,915,1542,50.68
82242,1109,4586,150.68
82242,1117,4647,152.68
82242,1305,1542,50.68
82242,1312,1542,50.68
82242,1622,2121,69.68
82242,1640,2121,69.68
82242,1802,3551,116.68
82493,719,1086,35.68
55630,101,1511,49.68
55630,118,1511,49.68
55630,205,1330,43.68
55630,304,2972,97.68
55630,305,2210,72.68
55630,1701,1330,43.68
55630,1703,4037,132.68
55630,1898,4282,140.68
84729,423,994,32.68
74266,202,1268,41.68
74266,424,1299,42.68
74266,713,4433,145.68
74266,1801,3916,128.68
74266,1810,2394,78.68
102586,304,690,22.68
102586,498,1511,49.68
102586,708,1633,53.68
102586,1817,1511,49.68
102586,1998,1511,49.68
38166,1106,1695,55.68
38166,1204,841,27.68
38166,1898,1695,55.68
29159,304,1207,39.68
29159,1198,2241,73.68
29159,1898,2241,73.68
63965,406,2791,91.68
63965,1627,2090,68.68
29894,406,4708,154.68
98421,102,994,32.68
98421,205,994,32.68
98421,1014,4982,163.68
98421,1619,4982,163.68
98421,1801,1421,46.68
24579,304,1115,36.68
24579,306,1115,36.68
24579,1812,4525,148.68
98346,1617,902,29.68
98346,1898,872,28.68
82107,305,1115,36.68
11735,1701,872,28.68
73796,305,1207,39.68
73796,411,1238,40.68
20608,304,1817,59.68
20608,305,1817,59.68
46413,915,2607,85.68
55315,708,1086,35.68
55315,1617,1299,42.68
55315,1798,902,29.68
66779,1622,1756,57.68
66779,1637,1756,57.68
66779,1801,1238,40.68
21628,1617,902,29.68
76543,304,841,27.68
76543,1798,2729,89.68
53476,1801,4221,138.68
23630,306,1452,47.68
81520,205,994,32.68
81520,305,1115,36.68
81520,908,1845,60.68
81520,1117,4767,156.68
51091,101,1786,58.68
51091,410,902,29.68
85862,304,1115,36.68
85862,305,1115,36.68
85862,426,1542,50.68
85862,428,1480,48.68
57042,1605,2882,94.68
76261,304,872,28.68
76261,305,872,28.68
76261,306,872,28.68
76261,307,872,28.68
76261,798,964,31.68
76261,1617,3278,107.68
85169,305,1907,62.68
85169,306,1907,62.68
85169,406,1876,61.68
85169,407,1876,61.68
85169,428,1511,49.68
85169,1637,4374,143.68
35575,408,4008,131.68
35575,1113,2547,83.68
53376,304,1115,36.68
53376,306,1115,36.68
53376,410,4068,133.68
53376,1105,2486,81.68
53376,1637,4617,151.68
31902,998,3916,128.68
31902,202,933,30.68
31902,1106,1452,47.68
31902,1605,2668,87.68
31902,1810,3521,115.68
31902,1817,2486,81.68
4970,102,2182,71.68
4970,198,2182,71.68
4970,398,1725,56.68
4970,1898,3582,117.68
70528,1609,1480,48.68
57997,304,1452,47.68
57997,305,1452,47.68
57997,306,1452,47.68
57997,307,1452,47.68
57997,504,1452,47.68
91141,305,994,32.68
91141,306,994,32.68
91141,307,994,32.68
91141,1637,3551,116.68
37243,719,902,29.68
37243,1817,2121,69.68
69505,311,3186,104.68
69505,406,2576,84.68
69505,412,2576,84.68
77960,108,1115,36.68
77960,411,2121,69.68
77960,798,1115,36.68
77960,1798,2486,81.68
77960,1817,629,20.68
77960,1898,2576,84.68
10961,423,3306,108.68
10961,1801,2547,83.68
49481,202,933,30.68
49481,914,1572,51.68
49481,916,1055,34.68
49481,1704,3033,99.68
62051,428,2241,73.68
39855,432,1725,56.68
39855,709,902,29.68
39855,1105,1177,38.68
39855,1407,1177,38.68
39855,1802,1968,64.68
54314,1198,994,32.68
54314,1117,994,32.68
68203,408,1725,56.68
68203,1617,1542,50.68
92164,1605,811,26.68
92164,1813,811,26.68
74669,504,1360,44.68
74669,519,1360,44.68
74669,798,2455,80.68
97868,202,2576,84.68
97868,1801,841,27.68
60044,109,1725,56.68
60044,608,1391,45.68
39598,408,902,29.68
39598,430,2363,77.68
39598,1605,2882,94.68
39598,1616,2760,90.68
75982,809,964,31.68
75982,1113,2913,95.68
75982,1204,964,31.68
75982,1305,4767,156.68
75982,1312,4555,149.68
76392,304,933,30.68
76392,305,933,30.68
76392,307,933,30.68
76392,604,933,30.68
76392,908,2852,93.68
80324,705,902,29.68
80324,1105,2486,81.68
80324,1198,1725,56.68
80324,1305,964,31.68
80324,1605,4555,149.68
33078,915,2090,68.68
33078,1709,2882,94.68
61342,202,1025,33.68
61342,208,2121,69.68
61342,423,2121,69.68
61342,426,2121,69.68
61342,1312,3217,105.68
61342,1614,2210,72.68
77535,202,1086,35.68
77535,498,964,31.68
77535,1116,3156,103.68
77535,1701,1055,34.68
77535,1704,3337,109.68
35660,108,1603,52.68
35660,1617,1452,47.68
67460,1215,1025,33.68
82396,423,1055,34.68
82396,1117,1055,34.68
82396,1614,1086,35.68
82396,1637,1086,35.68
82396,1898,933,30.68
68774,310,1391,45.68
68774,1617,1268,41.68
74346,504,2882,94.68
74346,705,1360,44.68
74346,1117,2699,88.68
74346,1605,1968,64.68
74346,1617,2516,82.68
74346,1701,2699,88.68
401,304,2516,82.68
401,404,2516,82.68
401,423,933,30.68
19750,304,1695,55.68
19750,305,1695,55.68
19750,411,4464,146.68
19750,428,1695,55.68
19750,915,1115,36.68
61404,304,1664,54.68
61404,1622,1664,54.68
76553,206,2941,96.68
76553,411,4008,131.68
76553,414,1452,47.68
76553,504,1695,55.68
76553,908,2425,79.68
76553,916,2455,80.68
76553,1112,2060,67.68
76553,1798,1025,33.68
76553,1801,2941,96.68
75712,424,1511,49.68
75712,1117,1299,42.68
75712,1905,872,28.68
12949,398,1725,56.68
12949,310,1725,56.68
90380,1812,2241,73.68
4090,101,1603,52.68
4090,304,1299,42.68
4090,305,2576,84.68
4090,428,1299,42.68
4090,498,1299,42.68
4090,519,1299,42.68
4090,709,5347,175.68
90816,305,2516,82.68
40912,1105,3337,109.68
40912,1898,2638,86.68
102575,1813,1207,39.68
91465,508,1177,38.68
91465,423,1115,36.68
91465,504,1177,38.68
91465,519,1177,38.68
52806,1801,1756,57.68
72707,102,2241,73.68
72707,304,1421,46.68
72707,916,872,28.68
72707,1105,841,27.68
26257,305,1511,49.68
26257,1111,3612,118.68
88159,112,2121,69.68
88159,202,1725,56.68
88159,306,1756,57.68
88159,712,2029,66.68
88159,1709,1391,45.68
37305,1704,2486,81.68
87086,103,964,31.68
87086,120,964,31.68
87086,412,2547,83.68
87086,1312,2821,92.68
985,498,811,26.68
89312,424,4068,133.68
89312,1798,4586,150.68
89312,1802,3156,103.68
89312,1812,994,32.68
84002,713,902,29.68
84002,1617,933,30.68
84002,1798,902,29.68
47678,1701,964,31.68
35714,414,3094,101.68
35714,426,3094,101.68
35714,610,1817,59.68
35714,798,3125,102.68
35714,1801,2668,87.68
35714,1813,1998,65.68
35714,1817,1360,44.68
40843,713,2182,71.68
40843,1605,2121,69.68
38267,304,1876,61.68
38267,602,3125,102.68
38267,605,3125,102.68
38267,1810,5255,172.68
103106,306,2302,75.68
103106,1619,2394,78.68
103106,1701,1876,61.68
92688,108,964,31.68
92688,305,872,28.68
92688,309,902,29.68
92688,1709,1725,56.68
92688,1817,2852,93.68
46566,202,3033,99.68
46566,298,3033,99.68
46566,304,1238,40.68
46566,708,3094,101.68
98831,305,1177,38.68
98571,1812,749,24.68
83403,404,994,32.68
83403,414,902,29.68
83403,1617,1268,41.68
94586,102,841,27.68
94586,305,2882,94.68
94586,306,2882,94.68
94586,1106,2913,95.68
94586,1701,4829,158.68
94586,1798,1115,36.68
84851,1312,1633,53.68
31170,305,1480,48.68
31170,498,2576,84.68
31170,1312,2241,73.68
31170,1616,1115,36.68
31170,1801,4313,141.68
25101,102,1998,65.68
25101,117,2729,89.68
25101,1106,3643,119.68
60388,412,2760,90.68
60388,1698,994,32.68
82749,916,2638,86.68
82749,1709,3886,127.68
35912,108,2210,72.68
35912,708,2210,72.68
35912,709,1452,47.68
35912,1605,2241,73.68
35912,1617,1845,60.68
26759,1001,2486,81.68
26759,305,1542,50.68
26759,1605,2607,85.68
14017,504,872,28.68
103229,1701,476,15.68
93998,405,1756,57.68
93998,408,1756,57.68
93998,426,1756,57.68
93998,705,3551,116.68
93998,714,3186,104.68
93998,1605,4221,138.68
93998,1615,2090,68.68
93998,1898,1725,56.68
36647,111,2241,73.68
36647,304,1115,36.68
36647,898,1086,35.68
36647,1105,1238,40.68
36647,1113,1937,63.68
36647,1117,1238,40.68
36647,1215,1845,60.68
36647,1698,1055,34.68
25420,908,994,32.68
34485,1619,1664,54.68
88067,498,1086,35.68
88067,709,2913,95.68
55782,202,1756,57.68
55782,498,2121,69.68
69479,504,3582,117.68
69479,509,3582,117.68
69479,107,3582,117.68
69479,112,3582,117.68
69479,408,3582,117.68
69479,426,3582,117.68
69479,504,3582,117.68
69479,1117,3551,116.68
69479,1801,2210,72.68
69479,1802,2333,76.68
53318,712,902,29.68
53318,1110,2272,74.68
53318,1617,994,32.68
3461,116,1207,39.68
3461,304,902,29.68
3461,305,1937,63.68
3461,306,1937,63.68
3461,398,1937,63.68
3461,498,2516,82.68
3461,1605,3217,105.68
3461,1612,1391,45.68
3461,1616,4829,158.68
3461,1634,4829,158.68
3461,1701,2638,86.68
3461,1703,2638,86.68
3461,1798,2516,82.68
3461,1805,1207,39.68
95941,1701,1055,34.68
20947,313,4374,143.68
20947,510,1207,39.68
20947,1198,3643,119.68
44233,305,872,28.68
44233,1627,1725,56.68
99955,1617,721,23.68
76928,426,3247,106.68
23748,205,1452,47.68
23748,307,6473,212.68
23748,1617,6624,217.68
70562,706,872,28.68
70562,1014,1055,34.68
70562,1634,1086,35.68
88829,398,3247,106.68
88829,1615,3278,107.68
88829,1616,3156,103.68
88829,1617,3003,98.68
73709,1801,2852,93.68
93701,108,1268,41.68
93701,708,1330,43.68
97891,1804,629,20.68
97891,1905,660,21.68
51582,405,994,32.68
51582,410,902,29.68
51582,1627,1025,33.68
87159,415,1330,43.68
87159,432,902,29.68
87159,1617,1268,41.68
87159,1634,1330,43.68
1367,108,2090,68.68
1367,304,690,22.68
1367,426,2121,69.68
57220,705,902,29.68
57220,708,811,26.68
57220,1801,2060,67.68
29006,705,933,30.68
54602,305,2060,67.68
54602,313,3490,114.68
54602,412,1633,53.68
54602,1816,3278,107.68
95377,406,994,32.68
95377,1605,2151,70.68
95377,1708,4374,143.68
95377,1804,4525,148.68
22047,410,4678,153.68
22047,411,4678,153.68
22047,415,4678,153.68
22047,498,4678,153.68
18065,798,4282,140.68
90587,1630,3368,110.68
90587,1634,2060,67.68
91363,102,2333,76.68
91363,201,872,28.68
91363,205,2333,76.68
91363,304,1603,52.68
91363,708,902,29.68
91363,711,1603,52.68
91363,915,1207,39.68
91363,1216,1968,64.68
91363,1627,2699,88.68
91363,1701,4555,149.68
39338,408,1330,43.68
39338,1637,2182,71.68
100118,1801,1055,34.68
10250,202,2882,94.68
10250,407,2882,94.68
10786,1804,2576,84.68
35205,206,1025,33.68
35205,304,1025,33.68
35205,412,2060,67.68
35205,426,2060,67.68
35205,712,2060,67.68
35205,1615,2972,97.68
35205,1701,2121,69.68
82260,304,1452,47.68
82260,305,1452,47.68
82260,306,1452,47.68
82260,1637,4464,146.68
82260,1898,4647,152.68
37911,1598,5408,177.68
37911,1108,5347,175.68
55391,202,2486,81.68
79349,1616,1177,38.68
79349,1617,1177,38.68
79349,1622,1177,38.68
79349,1634,1177,38.68
79349,1640,1177,38.68
40356,1627,1115,36.68
40356,1701,1177,38.68
40356,1817,1055,34.68
63826,102,5743,188.68
63826,103,5743,188.68
63826,119,5743,188.68
63826,201,933,30.68
63826,304,841,27.68
63826,305,2729,89.68
63826,1112,841,27.68
63826,1113,841,27.68
63826,1204,841,27.68
63826,1305,841,27.68
63826,1613,6443,211.68
63826,1614,4221,138.68
63826,1812,4617,151.68
40101,202,933,30.68
40101,304,2729,89.68
40101,305,4099,134.68
40101,313,4160,136.68
40101,407,3094,101.68
40101,916,872,28.68
40101,1634,4129,135.68
47811,1015,599,19.68
31408,1105,1268,41.68
56969,304,1025,33.68
56969,305,3794,124.68
56969,306,3794,124.68
56969,1312,1786,58.68
56969,1627,4190,137.68
56969,1898,3794,124.68
73114,406,2972,97.68
73114,1110,1299,42.68
71384,714,1480,48.68
71384,1616,1695,55.68
9111,428,1725,56.68
79581,304,964,31.68
79581,305,964,31.68
79581,1605,2913,95.68
95024,719,1330,43.68
95024,1617,1330,43.68
84651,414,2576,84.68
84651,1704,2241,73.68
45485,204,994,32.68
48131,708,1268,41.68
48131,709,1268,41.68
48131,1616,1268,41.68
48131,1617,1268,41.68
48131,1622,1268,41.68
87946,809,2516,82.68
87946,1198,1756,57.68
87946,1704,2151,70.68
56965,201,1146,37.68
56965,1119,3186,104.68
56965,1801,3947,129.68
44251,601,1177,38.68
44251,602,1177,38.68
44251,1198,1177,38.68
44251,407,1115,36.68
44251,424,1086,35.68
44251,426,1086,35.68
44251,429,1086,35.68
44251,601,1177,38.68
44251,602,1177,38.68
44251,607,1177,38.68
44251,610,1207,39.68
44251,713,1086,35.68
50252,205,1146,37.68
50252,305,902,29.68
50252,406,4798,157.68
50252,1803,2302,75.68
45918,411,1086,35.68
45918,432,1207,39.68
34373,1605,1876,61.68
34373,1801,1756,57.68
34373,1813,1025,33.68
87742,304,902,29.68
33504,1812,1817,59.68
94424,1617,2821,92.68
76977,202,2972,97.68
76977,306,1299,42.68
76977,504,1421,46.68
76977,1113,1391,45.68
13141,305,1817,59.68
13141,1215,3671,120.68
5874,104,2060,67.68
5874,304,841,27.68
5874,1117,3916,128.68
3129,304,2090,68.68
3129,305,2090,68.68
3129,998,1998,65.68
3129,1105,1391,45.68
3129,1117,3551,116.68
3129,1801,2821,92.68
3129,1805,1299,42.68
3129,1817,2121,69.68
67923,411,1421,46.68
67923,423,1299,42.68
67923,1637,1421,46.68
55131,306,902,29.68
55131,705,1177,38.68
55131,1634,1633,53.68
55131,1801,841,27.68
68985,108,3947,129.68
68985,202,4008,131.68
68985,203,4037,132.68
68985,206,3886,127.68
68985,305,2363,77.68
68985,306,4099,134.68
68985,412,3217,105.68
68985,712,3217,105.68
68985,1113,2363,77.68
68985,1701,3916,128.68
68985,1704,3429,112.68
68985,1798,3368,110.68
68985,1801,1876,61.68
66940,432,1268,41.68
66940,1801,2151,70.68
66940,1812,2425,79.68
65871,1605,1907,62.68
65871,1617,1907,62.68
71584,1001,3733,122.68
71584,1215,1968,64.68
102124,714,933,30.68
100656,304,1115,36.68
100656,305,1115,36.68
100656,311,4525,148.68
100656,608,599,19.68
100656,1106,4525,148.68
100656,1110,4525,148.68
100656,1112,568,18.68
100656,1119,2821,92.68
100656,1211,568,18.68
100656,1898,3671,120.68
32979,305,1725,56.68
32979,306,2455,80.68
10650,202,1542,50.68
10650,203,3217,105.68
10650,712,2607,85.68
10650,1605,2241,73.68
10650,1622,3217,105.68
59414,1312,8573,281.68
73701,304,1268,41.68
73701,404,1086,35.68
73701,798,3094,101.68
73701,1312,3064,100.68
73701,1898,2363,77.68
62024,1627,1268,41.68
87540,304,1452,47.68
87540,1617,2302,75.68
34531,304,994,32.68
34531,1113,994,32.68
34531,1634,4951,162.68
34531,1812,3582,117.68
14736,112,2333,76.68
14736,1634,2210,72.68
14736,1637,2210,72.68
14736,1640,2210,72.68
14736,1701,1177,38.68
14736,1709,1633,53.68
14736,1801,933,30.68
14736,1817,1452,47.68
74967,202,1725,56.68
74967,426,1725,56.68
74967,504,1876,61.68
74967,708,1817,59.68
74967,713,1360,44.68
74967,1617,1876,61.68
88337,1619,2182,71.68
79232,114,4068,133.68
79232,201,1876,61.68
79232,304,1876,61.68
79232,602,6200,203.68
10212,406,749,24.68
10212,608,749,24.68
10212,1011,1452,47.68
10212,1113,749,24.68
10212,1630,5438,178.68
41682,1619,6443,211.68
8707,1708,2302,75.68
77121,298,3521,115.68
77121,1598,3733,122.68
77121,306,3368,110.68
77121,432,2760,90.68
77121,610,1695,55.68
77121,1605,3643,119.68
77121,1813,2607,85.68
77121,1817,994,32.68
37685,1616,1360,44.68
37685,1630,1998,65.68
37685,1801,1238,40.68
37685,1898,1542,50.68
82324,432,994,32.68
66480,405,1055,34.68
66480,407,1055,34.68
62295,1605,1511,49.68
62295,1634,1786,58.68
62295,1812,902,29.68
28315,304,1633,53.68
28315,1617,5438,178.68
63960,202,2151,70.68
63960,304,1115,36.68
63960,1798,3612,118.68
9903,1816,1845,60.68
9903,1817,994,32.68
64857,1801,2060,67.68
64857,1898,2302,75.68
9996,304,1207,39.68
9996,1198,1603,52.68
9996,1816,3794,124.68
83953,412,1633,53.68
83953,423,1633,53.68
83953,712,1633,53.68
83953,1011,964,31.68
45591,108,1330,43.68
93312,202,2607,85.68
93312,406,1086,35.68
93312,426,2607,85.68
93312,708,872,28.68
93312,719,2516,82.68
93312,1617,2121,69.68
93312,1701,1876,61.68
93312,1798,2151,70.68
74337,1637,1937,63.68
74337,1898,1238,40.68
23064,1198,2090,68.68
23064,717,1572,51.68
23064,798,1572,51.68
23064,1198,1452,47.68
58100,307,1603,52.68
58100,713,2516,82.68
58100,1105,1299,42.68
58100,1215,5073,166.68
58100,1304,4374,143.68
58100,1703,964,31.68
58100,1707,5043,165.68
20652,103,1055,34.68
20652,412,2821,92.68
20652,423,2882,94.68
20652,908,1633,53.68
20652,1801,2729,89.68
16923,1801,2516,82.68
16923,1817,1845,60.68
82304,426,933,30.68
82304,1617,4190,137.68
82304,1802,1511,49.68
97862,1108,2852,93.68
97862,1113,2486,81.68
94979,104,2182,71.68
94979,202,749,24.68
94979,305,1360,44.68
94979,406,749,24.68
94979,429,872,28.68
94979,607,2791,91.68
94979,1113,1695,55.68
94979,1209,749,24.68
82834,1817,902,29.68
36888,313,3490,114.68
36888,1605,1511,49.68
36888,1617,3125,102.68
9,304,3702,121.68
9,423,933,30.68
9,798,3702,121.68
9,1798,1268,41.68
9,1817,3094,101.68
95197,1701,749,24.68
95197,1898,1511,49.68
23244,298,1025,33.68
23244,304,1876,61.68
23244,512,2121,69.68
23244,1198,1756,57.68
23244,1634,5408,177.68
23244,1801,3551,116.68
23244,1898,1452,47.68
1629,305,1115,36.68
1629,608,1786,58.68
1629,1198,2821,92.68
1629,1810,5377,176.68
83257,504,1238,40.68
83257,519,1238,40.68
83257,809,2029,66.68
85275,408,994,32.68
85275,1627,2121,69.68
87639,914,4008,131.68
20053,405,1817,59.68
20053,1630,5863,192.68
78677,304,1268,41.68
78677,305,1268,41.68
28001,423,933,30.68
28001,1105,2090,68.68
57063,1813,2882,94.68
65052,1801,1786,58.68
64747,713,2455,80.68
64747,1616,2121,69.68
86699,412,2363,77.68
86699,426,2486,81.68
86699,712,2363,77.68
79670,704,2668,87.68
79670,1622,902,29.68
79670,1801,1664,54.68
11810,107,2972,97.68
18904,311,964,31.68
18904,605,1086,35.68
17324,411,2121,69.68
17324,432,3521,115.68
17324,1215,3186,104.68
17324,1622,3977,130.68
17324,1634,3977,130.68
17324,1640,3977,130.68
17324,1812,2425,79.68
17324,1813,4068,133.68
17324,1817,1998,65.68
25942,306,2729,89.68
25942,914,1817,59.68
25942,1701,4099,134.68
55335,108,4617,151.68
55335,202,4252,139.68
55335,304,1421,46.68
55335,305,1421,46.68
55335,307,1421,46.68
55335,1617,4678,153.68
55335,1634,4678,153.68
97542,410,811,26.68
99202,504,629,20.68
81564,426,933,30.68
95150,998,2607,85.68
95150,1002,2607,85.68
95150,1098,2607,85.68
95150,426,780,25.68
95150,1098,2791,91.68
152,305,1025,33.68
152,398,1025,33.68
152,1698,4951,162.68
98210,398,3763,123.68
98210,116,1268,41.68
98210,304,721,23.68
98210,305,964,31.68
98210,306,964,31.68
98210,405,3643,119.68
98210,423,629,20.68
98210,426,3643,119.68
98210,708,902,29.68
98210,1112,1055,34.68
98210,1634,3763,123.68
98210,1798,2486,81.68
48228,1305,2241,73.68
96644,102,1360,44.68
96644,205,1421,46.68
96644,915,2455,80.68
88309,411,2576,84.68
88309,504,1511,49.68
88309,698,1511,49.68
88309,916,1177,38.68
88309,1701,2455,80.68
88309,1709,2882,94.68
17575,202,1207,39.68
17575,298,1207,39.68
3443,1498,1391,45.68
3443,1498,1391,45.68
100968,1617,2941,96.68
100968,1817,1391,45.68
46018,304,2760,90.68
46018,305,2760,90.68
46018,1312,1025,33.68
93930,102,1299,42.68
93930,305,1360,44.68
93930,915,1391,45.68
93930,1801,2729,89.68
38518,406,1055,34.68
38518,410,1055,34.68
38518,1117,2455,80.68
38518,1215,2333,76.68
38518,1801,2090,68.68
83585,1898,872,28.68
34673,304,1391,45.68
34673,305,1391,45.68
34673,306,1391,45.68
34673,428,1817,59.68
34673,708,1177,38.68
34673,712,1177,38.68
34673,1605,4252,139.68
34673,1617,4798,157.68
34673,1704,2972,97.68
34673,1798,933,30.68
16877,305,2363,77.68
16877,1113,2363,77.68
16877,1312,2486,81.68
16877,1817,1968,64.68
89578,1105,1238,40.68
89578,1898,1238,40.68
49893,104,1817,59.68
49893,305,1817,59.68
49893,605,1452,47.68
57647,598,2486,81.68
72304,1117,1299,42.68
19915,202,2121,69.68
19915,306,1177,38.68
19915,611,2090,68.68
19915,709,1725,56.68
19915,712,1725,56.68
19915,809,1725,56.68
19915,1802,1817,59.68
78273,412,1177,38.68
78273,423,1177,38.68
78273,712,1177,38.68
78273,1812,1025,33.68
97510,1815,1391,45.68
44843,306,1664,54.68
73482,305,1146,37.68
73482,398,1146,37.68
87087,109,4647,152.68
87087,202,5194,170.68
87087,305,4586,150.68
87087,605,841,27.68
87087,1619,1786,58.68
82605,305,994,32.68
82605,306,994,32.68
88680,304,1391,45.68
88680,1817,872,28.68
88680,1898,4068,133.68
1912,504,3612,118.68
1912,798,1238,40.68
1912,1801,2821,92.68
1912,1817,3916,128.68
68060,112,2699,88.68
68060,114,964,31.68
68060,306,964,31.68
68060,423,2760,90.68
68060,1011,1268,41.68
68060,1113,1268,41.68
68060,1616,964,31.68
68060,1637,964,31.68
13041,426,1421,46.68
13041,712,1786,58.68
63747,1898,2060,67.68
13448,1801,1055,34.68
90114,423,2182,71.68
15377,109,964,31.68
47762,298,1452,47.68
47762,1108,2394,78.68
3617,1617,1786,58.68
23320,304,3125,102.68
23320,305,3125,102.68
79365,305,2425,79.68
79365,1619,3855,126.68
79365,1637,4008,131.68
64741,1898,1115,36.68
68987,1112,2363,77.68
68987,1113,1998,65.68
68987,1805,4037,132.68
25154,414,1207,39.68
25154,809,1480,48.68
62802,203,2425,79.68
62802,411,1360,44.68
62802,425,2425,79.68
78308,304,3612,118.68
78308,305,1086,35.68
78308,306,1086,35.68
78308,504,2972,97.68
78308,519,2972,97.68
78308,1215,4068,133.68
85642,708,2060,67.68
85642,709,2060,67.68
85642,712,2029,66.68
85642,1617,2060,67.68
94385,1805,1330,43.68
90310,304,3551,116.68
90310,305,1756,57.68
90310,306,1756,57.68
90310,1634,4099,134.68
90310,1817,1238,40.68
90310,1898,3125,102.68
5059,1617,1968,64.68
61937,105,4982,163.68
61937,304,1360,44.68
61937,305,1360,44.68
61937,306,1360,44.68
61937,307,1360,44.68
36112,1805,1238,40.68
38134,1118,1542,50.68
38134,1817,1330,43.68
44538,432,1725,56.68
44538,809,1603,52.68
72140,1111,964,31.68
42401,202,841,27.68
42401,708,1695,55.68
42401,1617,1299,42.68
42401,1622,1907,62.68
23439,304,1572,51.68
23439,305,1572,51.68
23439,405,1968,64.68
23439,406,1968,64.68
23439,423,1968,64.68
23439,426,1968,64.68
95838,1607,841,27.68
95838,1698,841,27.68
95838,1801,749,24.68
1447,1898,1330,43.68
88787,1804,1055,34.68
12770,498,902,29.68
12770,1801,3459,113.68
12770,1817,1998,65.68
99337,1805,964,31.68
93828,504,3278,107.68
93828,507,3278,107.68
93828,598,3278,107.68
93828,304,780,25.68
93828,504,3278,107.68
93828,1605,1695,55.68
79513,1815,1299,42.68
67395,112,2182,71.68
67395,1898,5316,174.68
25085,1014,1360,44.68
89461,202,1452,47.68
89461,304,872,28.68
89461,705,872,28.68
5894,405,1115,36.68
5894,425,3337,109.68
5894,1111,2516,82.68
32212,304,1360,44.68
32212,305,1299,42.68
32212,306,1299,42.68
32212,411,1695,55.68
32212,1215,1695,55.68
32212,1701,2760,90.68
32212,1812,4678,153.68
91774,1815,964,31.68
54259,206,3064,100.68
54259,412,2425,79.68
86312,915,902,29.68
63887,108,1177,38.68
63887,415,1025,33.68
63887,708,1299,42.68
63887,709,1025,33.68
63887,798,841,27.68
63887,1098,1207,39.68
63887,1605,1177,38.68
41104,1634,1207,39.68
37674,1617,3247,106.68
7539,102,1633,53.68
7539,202,5347,175.68
7539,205,964,31.68
7539,304,1177,38.68
7539,305,1177,38.68
7539,306,5713,187.68
7539,406,4708,154.68
7539,412,3612,118.68
7539,426,4708,154.68
7539,1105,1421,46.68
7539,1216,3551,116.68
7539,1312,3582,117.68
7539,1701,3368,110.68
76590,115,4037,132.68
76590,1305,1086,35.68
76590,1817,933,30.68
24664,203,3033,99.68
24664,1198,2090,68.68
24664,1215,1086,35.68
24664,1605,3094,101.68
102231,426,749,24.68
102231,498,749,24.68
98473,412,749,24.68
92128,430,3398,111.68
43104,198,1391,45.68
43104,298,2821,92.68
43104,305,4617,151.68
43104,698,2241,73.68
43104,798,1330,43.68
43104,915,2455,80.68
43104,1298,1330,43.68
43104,1816,1968,64.68
24387,202,2455,80.68
24387,304,1756,57.68
24387,410,3824,125.68
24387,411,5073,166.68
24387,425,5132,168.68
24387,432,5073,166.68
24387,1106,4068,133.68
24387,1110,4068,133.68
24387,1113,4068,133.68
24387,1605,5132,168.68
24387,1609,2607,85.68
24387,1616,1876,61.68
24387,1701,2791,91.68
24387,1703,3916,128.68
24387,1708,5104,167.68
84214,202,1907,62.68
84214,412,1511,49.68
84214,1601,1756,57.68
84214,1622,2029,66.68
84214,1801,1115,36.68
3005,102,994,32.68
3005,432,1025,33.68
3005,605,1207,39.68
3005,1601,1025,33.68
58685,707,3643,119.68
58685,708,3702,121.68
58685,709,3521,115.68
58685,712,3490,114.68
58685,1119,964,31.68
58685,1609,4068,133.68
58685,1617,1786,58.68
58685,1801,1360,44.68
95164,411,1756,57.68
95164,1805,4252,139.68
33467,304,2760,90.68
33467,305,1695,55.68
33467,405,1299,42.68
32929,404,933,30.68
32929,426,1876,61.68
23289,198,2668,87.68
23289,304,3217,105.68
23289,398,3217,105.68
23289,498,2090,68.68
23289,708,3217,105.68
23289,1616,3217,105.68
23289,1698,3186,104.68
92617,201,1115,36.68
92617,305,1268,41.68
92617,1813,1360,44.68
92617,1817,2090,68.68
63224,404,1391,45.68
63224,1605,1845,60.68
63224,1616,1845,60.68
63224,1617,1845,60.68
63224,1619,1845,60.68
63224,1637,1845,60.68
63224,1812,1299,42.68
57806,305,1937,63.68
57806,306,1937,63.68
57806,1802,1603,52.68
91863,109,2029,66.68
91863,304,3094,101.68
91863,305,1025,33.68
91863,306,2210,72.68
91863,405,2090,68.68
91863,1117,3125,102.68
91863,1801,2455,80.68
41177,305,1055,34.68
37881,102,2151,70.68
37881,304,2455,80.68
37881,305,2882,94.68
37881,306,2821,92.68
37881,412,2151,70.68
37881,423,2182,71.68
37881,426,2060,67.68
37881,809,2272,74.68
37881,1113,1055,34.68
37881,1705,2455,80.68
42700,298,1115,36.68
42700,1098,3033,99.68
42700,1605,2821,92.68
42700,1616,3094,101.68
42700,1634,3094,101.68
42700,1637,3094,101.68
42700,1801,3033,99.68
42700,1816,2210,72.68
83050,102,2151,70.68
83050,305,1207,39.68
83050,1701,4099,134.68
81246,426,2029,66.68
32681,304,1511,49.68
738,304,1055,34.68
738,1701,1968,64.68
738,1798,1725,56.68
4273,426,2090,68.68
4273,1606,2486,81.68
77716,305,2455,80.68
77716,306,1725,56.68
77716,1198,994,32.68
42092,424,964,31.68
42092,1105,1572,51.68
42092,1805,1572,51.68
17182,403,2121,69.68
17182,405,1086,35.68
17182,426,994,32.68
17182,428,1817,59.68
17182,1106,1115,36.68
17182,1110,1115,36.68
17182,1617,1664,54.68
34445,403,1391,45.68
92634,916,780,25.68
45971,108,2333,76.68
33083,404,4343,142.68
33083,411,4343,142.68
100299,304,660,21.68
100299,306,1086,35.68
100299,1105,964,31.68
100299,1619,1086,35.68
100299,1898,964,31.68
70322,304,3337,109.68
70322,305,841,27.68
70322,306,841,27.68
96659,304,749,24.68
96659,428,1480,48.68
5851,1701,1360,44.68
81521,428,2060,67.68
81521,1105,2029,66.68
81521,1898,2029,66.68
88659,304,2363,77.68
88659,305,1421,46.68
88659,307,2363,77.68
88659,406,1086,35.68
88659,504,964,31.68
88659,1701,1542,50.68
88659,1798,2638,86.68
81880,504,3733,122.68
81880,1617,3824,125.68
78995,1298,1330,43.68
78995,1798,1330,43.68
91752,304,1360,44.68
91752,313,2394,78.68
91752,1703,1207,39.68
25105,1898,1268,41.68
102136,1617,1268,41.68
102136,1801,994,32.68
81317,304,1238,40.68
81317,305,1238,40.68
81317,306,1238,40.68
39394,711,2972,97.68
39394,1113,4798,157.68
7891,713,2121,69.68
7891,1113,1725,56.68
7891,1617,4282,140.68
7891,1622,4282,140.68
7891,1816,4190,137.68
37434,1617,1177,38.68
51581,405,1360,44.68
51581,412,1360,44.68
51581,426,1360,44.68
70012,305,1756,57.68
70012,306,1817,59.68
70012,412,2699,88.68
70012,426,2699,88.68
70012,908,1452,47.68
70012,1105,4494,147.68
70012,1801,4525,148.68
57682,202,1086,35.68
57682,1601,1330,43.68
56761,305,2029,66.68
56761,306,2029,66.68
56761,916,3521,115.68
56761,1015,3643,119.68
56761,1810,3551,116.68
85495,712,3702,121.68
85495,1637,4678,153.68
85495,1710,1146,37.68
28213,1617,3186,104.68
75368,1198,1207,39.68
75368,1605,1756,57.68
75368,1798,994,32.68
11023,198,2972,97.68
11023,202,3702,121.68
11023,498,3337,109.68
11023,1627,4008,131.68
64768,102,902,29.68
64768,305,3612,118.68
64768,406,3612,118.68
82424,708,2791,91.68
82424,709,2791,91.68
82424,1617,2060,67.68
82424,1701,1845,60.68
32063,304,1086,35.68
32063,1605,2210,72.68
32063,1801,2791,91.68
42391,108,1146,37.68
42391,306,1299,42.68
42391,1015,1330,43.68
42391,1617,1115,36.68
42391,1622,964,31.68
72801,1637,2060,67.68
72801,1705,2363,77.68
46218,108,2029,66.68
46218,202,2729,89.68
46218,406,1299,42.68
68692,304,964,31.68
68692,405,3247,106.68
68692,412,1633,53.68
68692,426,3247,106.68
68692,1198,1360,44.68
68692,1801,1299,42.68
68692,1817,1968,64.68
18824,107,2425,79.68
18824,108,2333,76.68
18824,109,2425,79.68
18824,198,1907,62.68
18824,313,2576,84.68
18824,408,1695,55.68
18824,426,2333,76.68
18824,610,2455,80.68
18824,1110,1876,61.68
18824,1119,1876,61.68
18824,1628,1907,62.68
18824,1704,1572,51.68
18824,1817,872,28.68
18824,1898,2455,80.68
83252,101,3702,121.68
60237,305,1360,44.68
60237,306,1360,44.68
60237,1117,1330,43.68
72119,423,933,30.68
72119,426,933,30.68
23016,1113,1025,33.68
85068,304,1391,45.68
85068,1208,1786,58.68
100189,708,1664,54.68
100189,1810,1238,40.68
405,426,1756,57.68
405,908,1786,58.68
405,915,1786,58.68
405,916,1786,58.68
405,1108,2182,71.68
405,1110,2182,71.68
10325,201,1664,54.68
10325,1637,1664,54.68
10325,1802,1664,54.68
62173,313,4252,139.68
62173,411,841,27.68
62173,426,3977,130.68
27574,201,1511,49.68
27574,304,4433,145.68
27574,430,6504,213.68
27574,1106,1511,49.68
27574,1113,1511,49.68
27574,1817,3612,118.68
97377,1705,1086,35.68
14425,424,1421,46.68
221,202,1330,43.68
221,404,2090,68.68
221,410,1907,62.68
221,426,3429,112.68
221,428,902,29.68
221,1105,1542,50.68
221,1215,3429,112.68
57484,412,1238,40.68
57484,809,3125,102.68
57484,1802,1998,65.68
92310,406,994,32.68
92310,407,872,28.68
92310,423,872,28.68
92310,424,872,28.68
92310,426,1025,33.68
92310,1198,1603,52.68
92310,1998,1603,52.68
90453,313,933,30.68
90453,601,933,30.68
2319,1817,902,29.68
11298,305,1360,44.68
11298,1617,4343,142.68
11298,1817,1360,44.68
74041,1801,1177,38.68
39211,423,994,32.68
39211,1616,2455,80.68
89032,915,964,31.68
89032,1112,994,32.68
89032,1622,2302,75.68
89032,1637,2302,75.68
89032,1640,2302,75.68
81662,713,1299,42.68
81662,1215,1756,57.68
88443,1605,2394,78.68
45702,102,964,31.68
45702,306,964,31.68
45702,504,1207,39.68
45702,511,1207,39.68
45702,604,1146,37.68
45702,1113,2060,67.68
45702,1605,1238,40.68
85128,408,1025,33.68
85128,1113,2972,97.68
72361,1619,1115,36.68
56068,198,1115,36.68
56068,202,1268,41.68
56068,305,1391,45.68
56068,423,4555,149.68
56068,504,1542,50.68
56068,1616,4586,150.68
76399,1801,872,28.68
12438,705,1572,51.68
12438,1817,1633,53.68
25951,498,2182,71.68
25951,915,1360,44.68
25951,998,1360,44.68
25951,1008,2547,83.68
25951,1013,2547,83.68
25951,1901,1603,52.68
85306,305,1452,47.68
85306,423,4129,135.68
85306,1627,2791,91.68
92754,102,690,22.68
92754,203,2090,68.68
92754,206,1268,41.68
92754,304,749,24.68
92754,305,749,24.68
92754,306,749,24.68
92754,1801,690,22.68
93803,305,1664,54.68
93803,412,4282,140.68
93803,426,4282,140.68
93803,428,1055,34.68
93803,898,1025,33.68
93803,1305,1055,34.68
72973,1108,2791,91.68
72973,1113,2852,93.68
72973,1701,2821,92.68
88756,1113,1845,60.68
12894,109,964,31.68
12894,202,1633,53.68
12894,410,2821,92.68
12894,412,2882,94.68
12894,426,2821,92.68
12894,705,1025,33.68
12894,712,3094,101.68
12894,1701,872,28.68
12894,1804,2913,95.68
12894,1812,964,31.68
12894,1817,3186,104.68
64291,304,1391,45.68
64291,305,2241,73.68
64291,1614,4433,145.68
63944,109,1876,61.68
63944,428,1876,61.68
63944,498,2972,97.68
63944,712,3337,109.68
63944,1617,1511,49.68
59425,304,1452,47.68
59425,306,1452,47.68
59425,428,902,29.68
59425,504,872,28.68
59425,705,3521,115.68
59425,1111,2302,75.68
59425,1701,994,32.68
59425,1798,1025,33.68
59425,1802,2941,96.68
59425,1809,3247,106.68
59425,1898,3306,108.68
88780,198,933,30.68
88780,305,964,31.68
88780,306,964,31.68
88780,1801,3398,111.68
88780,1898,2455,80.68
24702,305,1391,45.68
24702,306,1391,45.68
24702,1801,1756,57.68
24702,1812,1968,64.68
100358,104,1268,41.68
100358,705,780,25.68
100358,1112,629,20.68
23494,298,1968,64.68
23494,304,1086,35.68
23494,305,2060,67.68
23494,1110,1817,59.68
23494,1898,3671,120.68
34097,705,964,31.68
34097,1817,1998,65.68
52468,423,902,29.68
52468,608,933,30.68
52468,915,2821,92.68
52468,1108,4402,144.68
52468,1110,4282,140.68
45126,304,1968,64.68
45126,305,1968,64.68
45126,313,4190,137.68
45126,1817,3064,100.68
5398,1598,4708,154.68
5398,304,2486,81.68
5398,305,2486,81.68
5398,1118,1146,37.68
5398,1803,5590,183.68
5398,1804,5590,183.68
102725,202,2972,97.68
102725,205,721,23.68
102725,208,1511,49.68
102725,304,2455,80.68
102725,504,1725,56.68
102725,606,1360,44.68
71640,304,1207,39.68
71640,426,1299,42.68
71640,1798,2760,90.68
71640,1801,1664,54.68
90598,304,1480,48.68
90598,305,1480,48.68
90598,426,994,32.68
90598,705,902,29.68
90598,1105,2821,92.68
90598,1112,1025,33.68
90598,1617,1268,41.68
89711,304,1086,35.68
89711,305,1452,47.68
89711,307,1086,35.68
89711,608,1452,47.68
89711,1211,1452,47.68
89711,1627,4008,131.68
32236,109,994,32.68
32236,304,1664,54.68
32236,305,1664,54.68
32236,306,1664,54.68
32236,1609,4798,157.68
32236,1634,4798,157.68
32236,1637,1603,52.68
32236,1803,4555,149.68
32236,1809,1664,54.68
90902,1637,1725,56.68
90902,1802,1025,33.68
60192,205,1268,41.68
60192,304,1299,42.68
60192,305,2882,94.68
60192,432,1268,41.68
60192,708,2029,66.68
60192,914,1968,64.68
60192,916,1968,64.68
49612,202,1725,56.68
49612,205,1756,57.68
49612,304,4647,152.68
49612,305,4647,152.68
49612,1210,1086,35.68
49612,1217,1055,34.68
49612,1801,1207,39.68
35350,306,2852,93.68
35350,398,2791,91.68
35350,713,1998,65.68
35350,1605,2791,91.68
35350,1612,2729,89.68
35350,1616,2791,91.68
35350,1812,2333,76.68
78954,298,994,32.68
78954,304,1146,37.68
78954,311,1360,44.68
78954,424,1146,37.68
78954,708,1146,37.68
78954,1617,1207,39.68
78954,1817,1391,45.68
15087,1617,902,29.68
15087,1622,1055,34.68
99247,304,933,30.68
99247,305,690,22.68
11942,410,994,32.68
11942,411,994,32.68
1283,704,3916,128.68
1283,306,3702,121.68
1283,426,2302,75.68
49575,1117,2302,75.68
4395,305,3824,125.68
4395,306,2882,94.68
4395,410,1025,33.68
4395,411,1025,33.68
4395,432,2029,66.68
4395,705,994,32.68
4395,1622,3125,102.68
4395,1798,2913,95.68
4395,1817,4160,136.68
48359,202,933,30.68
28140,1801,1238,40.68
95582,304,1876,61.68
95582,398,3794,124.68
95582,430,3794,124.68
95582,712,780,25.68
95582,803,780,25.68
95582,1112,3794,124.68
95582,1804,3794,124.68
95582,1898,3794,124.68
79525,203,2333,76.68
79525,798,1238,40.68
79525,1623,1511,49.68
83302,1637,964,31.68
45857,102,1664,54.68
45857,304,4739,155.68
45857,305,2913,95.68
45857,1898,2182,71.68
8332,119,1330,43.68
8332,1812,3125,102.68
8332,1898,1330,43.68
37036,202,933,30.68
37036,206,933,30.68
37036,304,2029,66.68
37036,305,2029,66.68
51151,298,2151,70.68
51151,712,5012,164.68
51151,1637,5104,167.68
51151,1798,1756,57.68
51151,1817,2210,72.68
51151,1898,994,32.68
61041,206,1025,33.68
61041,809,872,28.68
61041,1813,994,32.68
2014,201,1876,61.68
2014,304,2241,73.68
2014,305,2913,95.68
2014,1113,1633,53.68
2014,1601,3156,103.68
2014,1627,3855,126.68
2014,1803,1086,35.68
84281,1698,933,30.68
91608,305,933,30.68
91608,306,1086,35.68
91608,423,1146,37.68
91608,1117,1238,40.68
102577,1812,902,29.68
83831,111,2516,82.68
83831,203,2455,80.68
83831,432,2333,76.68
83831,712,2394,78.68
83831,1817,780,25.68
58779,305,1817,59.68
58779,1110,5804,190.68
58779,1701,1817,59.68
64944,407,1725,56.68
52412,423,933,30.68
52412,432,4586,150.68
52412,915,1725,56.68
52412,1627,1725,56.68
93539,1113,1025,33.68
30973,305,3186,104.68
30973,908,1086,35.68
75869,202,1086,35.68
75869,304,1146,37.68
75869,423,2241,73.68
75869,705,1876,61.68
75869,719,1876,61.68
75869,1112,2972,97.68
67732,304,1330,43.68
67732,305,1330,43.68
67732,504,1086,35.68
67732,1105,1391,45.68
67732,1113,1452,47.68
67732,1805,5529,181.68
71611,408,933,30.68
15663,108,994,32.68
15663,305,1086,35.68
15663,306,1391,45.68
15663,307,1086,35.68
15663,1112,1086,35.68
15663,1605,1360,44.68
15663,1801,3368,110.68
77506,1804,1542,50.68
77506,1812,1542,50.68
64618,305,1845,60.68
64618,426,2576,84.68
64618,428,1845,60.68
64618,803,1025,33.68
64618,1113,1025,33.68
83162,410,3582,117.68
83162,423,4859,159.68
83162,705,2852,93.68
83162,1105,1086,35.68
83162,1615,964,31.68
83162,1627,1695,55.68
18179,304,1633,53.68
18179,612,1633,53.68
18179,1117,1633,53.68
18179,1903,1633,53.68
54890,304,1480,48.68
54890,406,1480,48.68
82953,116,872,28.68
82953,498,872,28.68
82953,1112,872,28.68
82953,1609,872,28.68
82953,1622,872,28.68
43031,304,1207,39.68
43031,1637,2516,82.68
43031,1701,1907,62.68
72534,1898,3186,104.68
96952,102,1025,33.68
96952,304,3916,128.68
96952,307,690,22.68
96952,498,690,22.68
96952,713,4982,163.68
96952,1634,5743,188.68
96952,1809,5347,175.68
96952,1810,5347,175.68
96952,1817,4221,138.68
59696,304,902,29.68
90338,1798,841,27.68
90338,1898,933,30.68
95107,305,902,29.68
95107,406,1756,57.68
95107,426,1756,57.68
95107,432,721,23.68
95107,1614,2302,75.68
95107,1619,3033,99.68
95107,1812,3702,121.68
95107,1817,2210,72.68
33753,404,4068,133.68
33753,405,4068,133.68
33753,426,4068,133.68
33753,1105,3977,130.68
87150,304,1876,61.68
87150,705,2852,93.68
50774,202,629,20.68
50774,304,599,19.68
50774,1627,964,31.68
75090,708,933,30.68
75090,1617,2090,68.68
75090,1627,1207,39.68
77379,101,1907,62.68
77379,102,2821,92.68
77379,201,1391,45.68
77379,205,1633,53.68
77379,305,1786,58.68
77379,306,1817,59.68
77379,712,5713,187.68
77379,898,2272,74.68
77379,1614,3186,104.68
44321,411,4282,140.68
44321,426,2090,68.68
44321,915,1299,42.68
44321,1112,3337,109.68
44321,1703,1452,47.68
82274,1105,1086,35.68
82274,1110,1086,35.68
82274,1198,1086,35.68
18743,304,1845,60.68
18743,307,1480,48.68
81953,202,1603,52.68
81953,712,1603,52.68
81953,915,1603,52.68
56053,708,2729,89.68
56053,1898,3278,107.68
88868,1106,721,23.68
88868,1804,1025,33.68
88868,1813,1086,35.68
66879,1898,4037,132.68
59906,1701,1421,46.68
97046,414,568,18.68
97046,707,1542,50.68
97046,1617,4586,150.68
88279,1112,2029,66.68
80179,1622,1207,39.68
57106,202,1055,34.68
57106,203,1025,33.68
57106,712,994,32.68
57106,1617,1055,34.68
85353,304,1391,45.68
85353,305,1391,45.68
49054,412,1572,51.68
88851,1312,2029,66.68
88851,1605,4190,137.68
88851,1637,4374,143.68
71658,104,1146,37.68
71658,108,1146,37.68
71658,304,1055,34.68
71658,305,1055,34.68
71658,1111,964,31.68
71658,1703,1146,37.68
54408,306,1086,35.68
54408,415,4099,134.68
54408,1701,994,32.68
54408,1703,872,28.68
30702,1617,1937,63.68
30702,1798,2607,85.68
30702,1801,2455,80.68
30702,1812,2121,69.68
47050,410,1330,43.68
88873,205,1876,61.68
88873,305,1876,61.68
88873,404,1511,49.68
88873,423,4798,157.68
88873,708,1480,48.68
88873,1308,1756,57.68
1947,1617,1086,35.68
1947,1622,1268,41.68
40882,304,1207,39.68
40882,1617,1452,47.68
48642,304,2210,72.68
48642,398,2210,72.68
22853,202,3947,129.68
22853,1630,4798,157.68
22853,1801,2547,83.68
22853,1816,3398,111.68
74295,410,1268,41.68
74295,411,1268,41.68
74295,1605,2029,66.68
74295,1701,3368,110.68
86795,407,964,31.68
86795,424,964,31.68
86795,1015,1055,34.68
86795,1801,994,32.68
8407,198,4433,145.68
8407,208,964,31.68
8407,305,1115,36.68
8407,306,3702,121.68
8407,423,872,28.68
8407,426,872,28.68
8407,604,1055,34.68
8407,605,1055,34.68
8407,606,964,31.68
8407,708,1086,35.68
8407,1113,1146,37.68
8407,1312,1055,34.68
8407,1622,4890,160.68
4921,201,3278,107.68
4921,798,2821,92.68
4921,1015,841,27.68
4921,1113,1876,61.68
4921,1630,3217,105.68
3899,304,1115,36.68
3899,305,1115,36.68
103478,1215,2090,68.68
93592,1704,4555,149.68
93592,1801,811,26.68
93592,1815,964,31.68
56907,202,1391,45.68
56907,1703,1542,50.68
8042,305,2272,74.68
8042,1801,2151,70.68
35861,207,3064,100.68
35861,304,1299,42.68
35861,307,1299,42.68
35861,1619,3490,114.68
2559,304,2121,69.68
2559,432,629,20.68
2559,1298,1146,37.68
30172,1701,933,30.68
88120,109,1330,43.68
88120,407,5529,181.68
88120,1898,5863,192.68
62388,305,1177,38.68
62388,405,4433,145.68
62388,504,933,30.68
62388,1630,5012,164.68
62388,1798,933,30.68
62388,1817,5012,164.68
80120,1704,2882,94.68
80120,1801,3156,103.68
80120,1898,3916,128.68
62221,406,1603,52.68
62221,426,1238,40.68
62221,504,1238,40.68
62221,798,2852,93.68
62221,914,2852,93.68
2820,1813,2029,66.68
2192,306,1115,36.68
3416,304,933,30.68
3416,305,933,30.68
3416,306,933,30.68
3416,307,933,30.68
3416,411,2516,82.68
3416,1705,2090,68.68
18668,1001,5104,167.68
18668,304,1115,36.68
64322,304,933,30.68
64322,306,933,30.68
20783,202,841,27.68
20783,426,1817,59.68
12245,1801,2090,68.68
1482,305,3551,116.68
1482,306,3612,118.68
1482,498,964,31.68
1482,705,3247,106.68
1482,898,964,31.68
1482,908,902,29.68
1482,1701,3763,123.68
91464,426,994,32.68
91464,714,2668,87.68
91464,1622,1025,33.68
91464,1817,1603,52.68
91464,1898,902,29.68
93826,109,1360,44.68
7729,304,902,29.68
7729,1105,1845,60.68
7729,1815,933,30.68
7729,1898,1845,60.68
68584,1619,1664,54.68
71511,426,1360,44.68
71511,1634,1542,50.68
71511,1812,1115,36.68
1337,1117,1998,65.68
1337,1813,1998,65.68
51438,426,964,31.68
77780,411,1025,33.68
77780,426,1055,34.68
77780,1801,3582,117.68
97188,406,841,27.68
97188,426,841,27.68
98193,1817,1391,45.68
2922,426,2486,81.68
2922,1801,4343,142.68
86741,1098,2425,79.68
77277,305,2972,97.68
77277,804,4068,133.68
69646,408,1360,44.68
69338,304,1115,36.68
69338,305,1115,36.68
69338,311,4190,137.68
69338,426,3916,128.68
69338,510,1115,36.68
76586,1113,629,20.68
76586,1801,5224,171.68
28342,304,1146,37.68
71518,304,1177,38.68
71518,1812,4678,153.68
71518,1817,5012,164.68
71518,1898,1998,65.68
69238,415,1633,53.68
69238,426,1603,52.68
69238,712,1055,34.68
22257,1619,2363,77.68
22257,1816,1937,63.68
18948,298,1115,36.68
18948,423,1025,33.68
18948,1798,1299,42.68
94884,205,1146,37.68
94884,305,2516,82.68
94884,406,2121,69.68
94884,410,2363,77.68
94884,708,721,23.68
94884,1113,1391,45.68
22159,120,2486,81.68
22159,426,872,28.68
22159,1609,1146,37.68
22159,1905,3977,130.68
43538,304,2821,92.68
43538,305,1725,56.68
43538,803,2090,68.68
43538,1305,2090,68.68
39968,798,2060,67.68
39968,916,1998,65.68
39968,1817,902,29.68
4490,1704,1695,55.68
85289,306,872,28.68
85289,426,933,30.68
85289,916,1452,47.68
85289,1117,1542,50.68
85289,1801,3033,99.68
69286,304,1177,38.68
69286,305,1177,38.68
69286,1801,994,32.68
50066,411,872,28.68
50066,428,1330,43.68
50066,1215,1299,42.68
50066,1703,872,28.68
55031,398,2363,77.68
55031,698,2333,76.68
55031,607,2333,76.68
55031,1817,2182,71.68
11820,423,3125,102.68
81633,102,8299,272.68
81633,404,10126,332.68
81633,1106,10157,333.68
81633,1803,10126,332.68
97564,202,1207,39.68
97564,411,690,22.68
3148,412,1756,57.68
3148,712,1756,57.68
3148,1110,994,32.68
17982,305,1480,48.68
17982,604,4129,135.68
17982,1815,3612,118.68
49996,306,1086,35.68
49996,708,1421,46.68
90700,398,1146,37.68
90700,705,1360,44.68
90700,1113,749,24.68
90700,1215,749,24.68
90700,1637,3671,120.68
90700,1701,749,24.68
90700,1812,1146,37.68
40181,411,1055,34.68
40181,1616,1480,48.68
40181,1805,1391,45.68
34137,410,1480,48.68
34137,411,1480,48.68
34137,1605,1360,44.68
27905,202,6504,213.68
27905,304,2821,92.68
27905,305,2821,92.68
27905,412,1725,56.68
27905,906,1360,44.68
27905,1701,2210,72.68
29192,305,1603,52.68
82124,102,2151,70.68
82124,201,1542,50.68
82124,304,1115,36.68
82124,305,1115,36.68
82124,914,2941,96.68
82124,915,2852,93.68
82124,1817,2151,70.68
103468,102,1845,60.68
103468,103,537,17.68
103468,108,1845,60.68
103468,115,1845,60.68
103468,120,537,17.68
103468,424,1725,56.68
76641,425,2547,83.68
88555,102,1146,37.68
88555,103,933,30.68
88555,198,933,30.68
88555,202,4678,153.68
88555,304,994,32.68
88555,426,1725,56.68
88555,1205,933,30.68
75500,1898,1452,47.68
43569,304,1725,56.68
43569,1198,2486,81.68
1882,306,1786,58.68
100857,202,2516,82.68
69321,108,1299,42.68
34816,424,4160,136.68
34816,809,2060,67.68
34816,1622,4221,138.68
97945,1634,690,22.68
73054,202,1055,34.68
73054,504,1756,57.68
73054,1113,1025,33.68
86065,415,2486,81.68
86065,713,1391,45.68
86065,1801,902,29.68
86065,1817,3337,109.68
16031,406,2607,85.68
16031,1801,2241,73.68
37392,304,4798,157.68
71730,102,1360,44.68
71730,201,1511,49.68
71730,205,1511,49.68
71730,1113,1876,61.68
3375,198,1695,55.68
3375,306,1115,36.68
3375,307,1115,36.68
3375,410,964,31.68
3375,430,964,31.68
3375,712,4555,149.68
22111,1617,1725,56.68
52135,306,1238,40.68
52135,423,3247,106.68
52135,914,2729,89.68
52135,1701,2941,96.68
41686,809,1907,62.68
41686,1112,2972,97.68
41686,1701,2363,77.68
41686,1705,3398,111.68
96521,1617,1542,50.68
96521,1812,1055,34.68
85582,305,2241,73.68
85582,307,2241,73.68
85582,1105,2060,67.68
80030,304,1511,49.68
80030,707,1177,38.68
28299,304,2363,77.68
28299,305,2090,68.68
28299,306,2090,68.68
28299,1817,2882,94.68
97384,426,4282,140.68
97384,1817,2821,92.68
88340,304,2668,87.68
88340,1627,3247,106.68
88340,1801,1633,53.68
88340,1898,1421,46.68
6721,201,933,30.68
6721,411,1664,54.68
6721,428,1786,58.68
90784,415,1572,51.68
90784,713,1391,45.68
90784,1898,1268,41.68
4278,304,1330,43.68
4278,305,1330,43.68
4278,307,1330,43.68
4278,407,964,31.68
76744,201,1268,41.68
52215,304,1360,44.68
52215,305,1360,44.68
52215,713,2547,83.68
52215,1619,3459,113.68
52215,1701,1542,50.68
52215,1704,2882,94.68
52215,1803,2791,91.68
47117,426,4739,155.68
47117,604,2486,81.68
47117,1610,1299,42.68
47117,1801,1330,43.68
90210,108,1695,55.68
90210,1617,2607,85.68
90210,1701,1452,47.68
25092,202,872,28.68
25092,306,1511,49.68
25092,915,2607,85.68
25092,1634,2516,82.68
25092,1817,2090,68.68
26241,202,2729,89.68
26241,428,1511,49.68
96608,202,3702,121.68
96608,306,1480,48.68
87206,203,1937,63.68
87206,498,1937,63.68
589,108,1268,41.68
589,304,1725,56.68
589,428,1391,45.68
589,714,1146,37.68
589,809,1146,37.68
589,1610,1086,35.68
589,1698,1146,37.68
14358,507,2241,73.68
14358,508,2241,73.68
14358,108,964,31.68
14358,207,1268,41.68
14358,432,1055,34.68
14358,507,2241,73.68
14358,519,2241,73.68
85194,1110,1330,43.68
85194,1298,1695,55.68
46473,202,1086,35.68
46473,304,964,31.68
46473,305,964,31.68
46473,498,964,31.68
46473,707,2182,71.68
87938,307,1025,33.68
87938,1812,3033,99.68
87938,1813,3125,102.68
37094,1798,3643,119.68
37094,1805,4252,139.68
12544,313,1391,45.68
12544,428,964,31.68
12544,1640,1391,45.68
12544,1817,1207,39.68
54215,304,1664,54.68
54215,305,1664,54.68
54215,306,1664,54.68
54215,1198,2913,95.68
100262,1616,660,21.68
72133,1214,1452,47.68
72133,1627,1360,44.68
72133,1905,1391,45.68
98277,201,902,29.68
98277,298,902,29.68
98277,304,1968,64.68
98277,915,1177,38.68
98277,1105,1998,65.68
98277,1627,5835,191.68
98277,1817,1146,37.68
45745,407,1268,41.68
45745,426,1452,47.68
45745,713,1480,48.68
30275,1817,902,29.68
85446,1609,902,29.68
65319,432,1025,33.68
65319,610,4313,141.68
65319,916,1876,61.68
65319,1113,1633,53.68
65319,1617,4160,136.68
65319,1627,3916,128.68
65319,1701,3824,125.68
55943,1110,1817,59.68
55943,1637,4008,131.68
92636,304,1725,56.68
92636,1105,4160,136.68
92636,1312,3855,126.68
11663,203,4767,156.68
11663,1619,4374,143.68
11663,1627,3947,129.68
11663,1709,4464,146.68
11663,1898,4343,142.68
15460,1001,2576,84.68
15460,306,1330,43.68
15460,415,1025,33.68
15460,709,1845,60.68
26052,1198,5285,173.68
26052,304,2333,76.68
26052,305,2333,76.68
26052,1098,2333,76.68
86667,408,964,31.68
86667,415,1055,34.68
86667,713,1025,33.68
86667,1312,1330,43.68
86667,1627,3186,104.68
86667,1801,1391,45.68
1362,713,872,28.68
33438,412,2821,92.68
33438,426,1360,44.68
33438,705,1055,34.68
33438,1701,2852,93.68
46304,415,2090,68.68
46304,504,1299,42.68
90221,1215,1146,37.68
80172,423,3125,102.68
80172,605,1511,49.68
80172,612,1480,48.68
80172,705,1633,53.68
80172,1105,1391,45.68
80172,1117,1511,49.68
75181,1817,902,29.68
9596,798,2182,71.68
9596,1498,1937,63.68
9596,1637,2029,66.68
90786,1118,1330,43.68
78754,428,1725,56.68
78754,504,1421,46.68
64794,1105,1391,45.68
64794,1602,1452,47.68
35715,407,3521,115.68
35715,410,3521,115.68
35715,1106,1238,40.68
60918,423,994,32.68
82450,198,1115,36.68
82450,112,1025,33.68
82450,198,1115,36.68
82450,424,1025,33.68
12282,305,1725,56.68
12282,306,1725,56.68
12282,710,1391,45.68
12282,1110,2394,78.68
12282,1802,4739,155.68
14968,408,2699,88.68
14968,410,2699,88.68
14968,426,2699,88.68
14968,916,902,29.68
87065,304,1968,64.68
87065,305,1968,64.68
87065,498,1238,40.68
87065,504,1146,37.68
87065,510,1146,37.68
87065,1117,1146,37.68
87533,304,1330,43.68
87533,504,1330,43.68
87533,809,1695,55.68
87533,1198,1480,48.68
87533,1803,902,29.68
93277,202,994,32.68
93277,412,690,22.68
93277,713,933,30.68
88059,915,2852,93.68
88059,998,964,31.68
88059,1305,964,31.68
88059,1627,1633,53.68
88059,1801,2029,66.68
1369,304,2668,87.68
1369,306,1998,65.68
1369,1113,2668,87.68
14184,1802,1391,45.68
45966,102,2302,75.68
45966,201,1664,54.68
45966,305,1452,47.68
45966,605,1086,35.68
45966,612,1055,34.68
45966,1619,6990,229.68
67577,304,1391,45.68
67577,305,1391,45.68
67577,306,2729,89.68
67577,1617,1664,54.68
67577,1703,2121,69.68
67577,1805,1817,59.68
27116,426,1756,57.68
85096,107,2882,94.68
85096,110,1421,46.68
85096,198,1421,46.68
85096,411,3977,130.68
85096,424,1421,46.68
70976,414,994,32.68
70976,915,1511,49.68
70976,1105,2151,70.68
21058,1598,4374,143.68
21058,202,1025,33.68
12045,712,3855,126.68
12045,1804,4008,131.68
58510,705,1725,56.68
58510,1617,1025,33.68
58510,1619,2394,78.68
95312,1804,2151,70.68
95312,1810,2151,70.68
7545,108,5438,178.68
7545,304,1725,56.68
7545,412,4678,153.68
7545,809,964,31.68
7545,1601,4586,150.68
3478,101,1299,42.68
3478,102,1391,45.68
3478,104,994,32.68
3478,108,994,32.68
3478,201,1299,42.68
77267,102,2182,71.68
77267,198,2182,71.68
77267,1198,1360,44.68
77267,1701,2638,86.68
77267,1798,2638,86.68
77267,1812,2668,87.68
77267,1898,1360,44.68
46651,108,2090,68.68
46651,304,933,30.68
46651,305,933,30.68
46651,1801,1025,33.68
55296,102,1146,37.68
55296,205,2241,73.68
55296,305,2576,84.68
55296,306,2576,84.68
55296,512,1146,37.68
55296,908,1572,51.68
55296,1605,6290,206.68
55296,1898,2576,84.68
21233,898,1968,64.68
21233,208,902,29.68
21233,423,1998,65.68
21233,803,1633,53.68
21233,1105,1207,39.68
21233,1801,2302,75.68
21233,1805,2729,89.68
69320,408,1452,47.68
69320,1617,1756,57.68
26278,1112,3429,112.68
26278,1616,4221,138.68
26278,1709,3824,125.68
26278,1810,3429,112.68
83977,107,1360,44.68
83977,404,1360,44.68
83977,423,1360,44.68
83977,430,1360,44.68
83977,1622,1360,44.68
83977,1634,1360,44.68
68350,102,902,29.68
68350,306,902,29.68
68350,713,1695,55.68
81038,304,933,30.68
81038,311,1360,44.68
81038,1117,2638,86.68
87607,304,902,29.68
87607,1617,3947,129.68
87607,1801,1664,54.68
87607,1802,872,28.68
87607,1817,1360,44.68
84018,410,994,32.68
84018,411,994,32.68
84018,1634,1330,43.68
84018,1803,4252,139.68
69394,108,1391,45.68
69394,311,2729,89.68
69394,1105,2182,71.68
69394,1614,933,30.68
49565,1117,2455,80.68
49565,1801,1086,35.68
81535,304,3551,116.68
81535,406,3551,116.68
81535,411,1360,44.68
81535,428,3612,118.68
81535,1110,1360,44.68
92248,108,841,27.68
92248,430,811,26.68
92248,1017,872,28.68
92248,1634,872,28.68
5463,304,1115,36.68
5463,305,1115,36.68
5463,504,872,28.68
5463,511,872,28.68
5463,605,872,28.68
26611,1810,811,26.68
38712,102,1633,53.68
38712,201,1511,49.68
49104,304,4008,131.68
49104,305,4008,131.68
28796,109,1055,34.68
28796,201,1725,56.68
28796,305,3125,102.68
28796,504,2821,92.68
28796,1113,3582,117.68
84262,313,1603,52.68
92796,306,1845,60.68
92796,498,2182,71.68
92796,1817,1299,42.68
34912,1298,2363,77.68
34912,304,2455,80.68
34912,305,2455,80.68
34912,1804,1937,63.68
34912,1816,2729,89.68
92008,306,872,28.68
92008,1609,3156,103.68
85841,304,811,26.68
85841,306,3702,121.68
85841,426,2972,97.68
32861,1817,2090,68.68
13560,305,1421,46.68
59528,202,964,31.68
59528,405,1238,40.68
78615,304,1115,36.68
78615,305,1115,36.68
78615,1312,1025,33.68
78615,1605,7324,240.68
78615,1616,5377,176.68
78615,1634,5012,164.68
78615,1801,3733,122.68
73787,412,1876,61.68
73787,415,1664,54.68
73787,1215,2333,76.68
73787,1605,1817,59.68
73787,1637,2029,66.68
92548,306,2363,77.68
92548,307,2363,77.68
92548,406,1817,59.68
92548,410,1817,59.68
92548,411,1664,54.68
92548,412,1817,59.68
92548,426,1086,35.68
92548,432,994,32.68
92548,1112,2090,68.68
19535,510,2241,73.68
19535,1605,3368,110.68
19535,1798,1664,54.68
19535,1801,3217,105.68
19535,1817,2699,88.68
99061,1001,933,30.68
99061,313,811,26.68
65231,1617,2302,75.68
65231,1622,2302,75.68
88276,410,964,31.68
88276,411,964,31.68
88276,426,964,31.68
88276,1640,3824,125.68
35790,202,933,30.68
35790,304,1876,61.68
35790,511,1330,43.68
35790,1112,1876,61.68
35790,1698,1360,44.68
35790,1804,1845,60.68
101087,514,1268,41.68
101087,712,4920,161.68
101087,713,4859,159.68
101087,1414,4859,159.68
101087,1627,5408,177.68
101087,1698,4859,159.68
101087,1798,4859,159.68
101087,1817,4555,149.68
6771,202,1330,43.68
6771,1703,2455,80.68
26575,311,5713,187.68
26575,498,2821,92.68
87580,412,2821,92.68
87580,1801,3217,105.68
425,1617,5012,164.68
13312,304,1268,41.68
13312,426,3094,101.68
13312,714,1633,53.68
13312,1105,1452,47.68
13312,1113,1268,41.68
13312,1898,1452,47.68
94038,412,1786,58.68
94038,712,780,25.68
94038,1106,780,25.68
94038,1211,749,24.68
94038,1214,749,24.68
87059,304,1115,36.68
87059,305,1115,36.68
87059,306,1115,36.68
87059,1609,2455,80.68
87059,1805,2333,76.68
78426,704,1238,40.68
80941,1634,1055,34.68
82117,102,2182,71.68
82117,305,2182,71.68
37269,411,3459,113.68
37269,708,2729,89.68
37269,1812,2941,96.68
87937,205,1421,46.68
87937,432,872,28.68
87937,1105,4252,139.68
87937,1113,1786,58.68
87937,1216,933,30.68
87937,1601,2121,69.68
87937,1616,1452,47.68
87937,1634,4678,153.68
87937,1637,4951,162.68
1695,1801,2972,97.68
1695,1812,1876,61.68
9133,1605,1330,43.68
9133,1898,994,32.68
79120,298,841,27.68
98703,108,537,17.68
98703,304,3551,116.68
98703,306,3368,110.68
98703,405,2121,69.68
98703,504,660,21.68
98703,705,568,18.68
98703,1813,2821,92.68
67508,205,1238,40.68
67508,304,1238,40.68
67508,425,2151,70.68
67508,426,5012,164.68
67508,1113,1603,52.68
67508,1601,2151,70.68
67508,1627,5012,164.68
57066,304,1695,55.68
57066,305,1756,57.68
57066,714,1480,48.68
57066,719,1421,46.68
57066,1113,1756,57.68
57066,1622,1756,57.68
57066,1634,1756,57.68
57066,1640,1756,57.68
57066,1817,780,25.68
57066,1898,1572,51.68
57066,1998,749,24.68
71269,708,1360,44.68
85833,1105,2363,77.68
39826,1113,2029,66.68
21626,423,1633,53.68
82518,105,3794,124.68
82518,108,3278,107.68
82518,428,1268,41.68
82518,1312,1207,39.68
82518,1801,1937,63.68
18231,202,902,29.68
18231,305,2729,89.68
18231,510,2699,88.68
18231,1813,2699,88.68
78055,423,1177,38.68
78055,708,1086,35.68
78055,1617,1086,35.68
36445,304,1391,45.68
36445,307,1391,45.68
86638,202,841,27.68
86638,407,3521,115.68
29634,304,4739,155.68
29634,305,1452,47.68
29634,307,4739,155.68
29634,809,3186,104.68
29634,1215,5804,190.68
86734,202,933,30.68
86734,798,3886,127.68
86734,1112,841,27.68
86734,1312,3278,107.68
86734,1605,4008,131.68
86734,1816,3947,129.68
39613,1105,1756,57.68
39613,1110,2394,78.68
73383,1609,2272,74.68
73383,1624,2272,74.68
73383,1703,2029,66.68
57841,304,994,32.68
57841,305,994,32.68
57841,307,994,32.68
66486,510,1299,42.68
66486,1630,4282,140.68
66486,1817,1055,34.68
18257,203,1055,34.68
18257,1198,1115,36.68
18257,1798,1725,56.68
70905,202,2760,90.68
70905,423,3217,105.68
70905,426,2852,93.68
70905,1798,3186,104.68
56348,1619,2425,79.68
56348,1805,1391,45.68
9077,1801,2121,69.68
54212,1801,2972,97.68
54212,1898,2972,97.68
54194,1198,6169,202.68
54194,305,2394,78.68
54194,612,5438,178.68
54194,1117,5316,174.68
54194,1701,4464,146.68
54194,1803,4008,131.68
7574,202,1330,43.68
7574,708,2394,78.68
7574,1637,1695,55.68
7574,1798,1452,47.68
7475,1001,4586,150.68
7475,198,841,27.68
7475,202,3582,117.68
7475,304,841,27.68
7475,1617,2852,93.68
7475,1698,3582,117.68
56662,1110,1480,48.68
56662,1113,1480,48.68
91447,304,1360,44.68
91447,306,2821,92.68
91447,1216,2607,85.68
91447,1701,1756,57.68
85505,412,1572,51.68
85505,712,1572,51.68
85505,1215,1572,51.68
85505,1810,2151,70.68
85505,1812,1633,53.68
95280,1017,1086,35.68
53589,610,4374,143.68
53589,1111,2333,76.68
72687,305,1207,39.68
72687,423,1299,42.68
72687,504,1421,46.68
68929,1704,2852,93.68
66625,305,1695,55.68
66625,428,933,30.68
25412,1701,4678,153.68
25412,1802,4525,148.68
89600,698,1695,55.68
89600,710,902,29.68
89600,1113,2852,93.68
89600,1698,1633,53.68
89600,1709,2151,70.68
88190,412,2972,97.68
88190,423,2972,97.68
88190,426,2972,97.68
3254,304,902,29.68
3254,305,1633,53.68
3254,307,902,29.68
3254,498,1268,41.68
3254,1118,1268,41.68
102180,305,3671,120.68
102180,504,1603,52.68
102180,519,1603,52.68
102180,1105,841,27.68
102180,1801,1633,53.68
24397,809,2090,68.68
24397,914,2516,82.68
89831,102,2090,68.68
89831,119,1025,33.68
89831,1815,1330,43.68
87010,712,3033,99.68
87010,1312,3033,99.68
33122,1117,1025,33.68
54399,201,1845,60.68
54399,305,3306,108.68
54399,306,2941,96.68
54399,307,3671,120.68
54399,809,2638,86.68
54399,1814,2060,67.68
57133,202,2029,66.68
57133,498,1664,54.68
57133,713,933,30.68
57133,1617,3156,103.68
57133,1627,2913,95.68
57133,1813,2425,79.68
57133,1817,1238,40.68
89453,423,1695,55.68
4952,304,1603,52.68
4952,305,1603,52.68
4952,306,1603,52.68
4952,504,1086,35.68
4952,512,1086,35.68
4952,519,1086,35.68
4952,698,1603,52.68
4952,1113,1207,39.68
4952,1119,1207,39.68
4952,1817,5255,172.68
40546,101,1086,35.68
40546,201,1299,42.68
40546,1817,2972,97.68
29312,1102,4282,140.68
57175,914,2151,70.68
57175,1637,1725,56.68
70776,304,994,32.68
70776,426,994,32.68
70776,915,2668,87.68
70776,916,2668,87.68
70776,1622,2668,87.68
61056,305,2363,77.68
61056,713,2363,77.68
61056,809,4798,157.68
3151,1801,1207,39.68
3151,1804,1330,43.68
39301,109,1025,33.68
39301,1617,2972,97.68
89604,1605,1330,43.68
84173,108,841,27.68
84173,202,872,28.68
68337,108,1876,61.68
68337,206,1572,51.68
68337,711,3429,112.68
68337,914,3429,112.68
68337,915,3429,112.68
68337,916,3429,112.68
68337,1113,964,31.68
68337,1619,3429,112.68
68337,1801,2090,68.68
68337,1898,3429,112.68
77091,1637,872,28.68
25710,423,2090,68.68
25710,1634,2182,71.68
85509,298,933,30.68
85509,1801,2852,93.68
85509,1802,1998,65.68
6522,305,1845,60.68
30413,102,1937,63.68
30413,304,4494,147.68
30413,1216,1603,52.68
12434,304,3643,119.68
12434,305,3643,119.68
12434,307,3643,119.68
12434,714,3947,129.68
12434,719,3186,104.68
86194,304,2241,73.68
86194,498,1633,53.68
86194,713,3521,115.68
86194,1601,3886,127.68
86194,1617,4433,145.68
44556,408,811,26.68
44556,1817,5073,166.68
24646,311,2302,75.68
24646,405,2121,69.68
24646,714,1817,59.68
86684,305,1299,42.68
86684,1812,1756,57.68
35349,1117,2729,89.68
91382,432,1756,57.68
91382,1898,1025,33.68
2156,502,2455,80.68
2156,304,1845,60.68
2156,415,2060,67.68
2156,1798,1695,55.68
2156,1801,1238,40.68
2156,1804,1238,40.68
20630,1605,1360,44.68
72229,102,2516,82.68
72229,109,2516,82.68
72229,202,1086,35.68
72229,304,1633,53.68
72229,305,1633,53.68
72229,404,2516,82.68
72229,410,2516,82.68
72229,504,2516,82.68
72229,809,964,31.68
72229,1113,2516,82.68
72229,1117,2516,82.68
72229,1622,2516,82.68
72229,1634,2516,82.68
66661,705,2241,73.68
76698,313,2182,71.68
76698,1617,2151,70.68
92814,1617,1695,55.68
50349,1605,3521,115.68
50349,1616,3521,115.68
50349,1704,1664,54.68
50349,1903,1299,42.68
70051,108,933,30.68
70051,305,2394,78.68
70051,426,2394,78.68
70051,605,1876,61.68
70051,1111,1299,42.68
88685,305,1480,48.68
88685,1801,2090,68.68
46608,202,994,32.68
46608,405,1086,35.68
46608,411,1725,56.68
46608,914,1542,50.68
46608,916,1542,50.68
46608,1605,1725,56.68
18050,1113,1511,49.68
18050,1801,1086,35.68
27848,304,1055,34.68
27848,305,1055,34.68
27848,713,4374,143.68
27848,1622,4555,149.68
24883,102,1360,44.68
24883,1111,4160,136.68
24883,1215,4525,148.68
24883,1312,4160,136.68
24883,1706,4129,135.68
24883,1817,3125,102.68
95588,202,964,31.68
95588,405,902,29.68
95588,412,902,29.68
95588,423,902,29.68
15979,705,2882,94.68
15979,809,1238,40.68
15979,1113,1786,58.68
15979,1801,4678,153.68
39543,304,3429,112.68
39543,305,3064,100.68
39543,307,3429,112.68
39543,404,3702,121.68
39543,798,3490,114.68
39543,1210,2455,80.68
39543,1701,3612,118.68
39543,1812,1391,45.68
43607,405,2090,68.68
43607,1605,3368,110.68
43607,1801,1695,55.68
43607,1816,3156,103.68
103091,1898,1115,36.68
71582,504,2272,74.68
71582,311,3125,102.68
71582,406,2029,66.68
71582,504,3003,98.68
71582,1814,1360,44.68
102733,304,811,26.68
102733,305,811,26.68
94441,304,872,28.68
94441,1627,2547,83.68
94441,1812,2882,94.68
82694,304,4282,140.68
82694,305,4282,140.68
82694,908,4282,140.68
82694,1215,6504,213.68
82694,1605,6899,226.68
16444,304,2821,92.68
16444,305,2821,92.68
16444,408,902,29.68
16444,504,902,29.68
16444,705,902,29.68
55387,1605,2060,67.68
55387,1809,1268,41.68
55387,1812,1268,41.68
91070,1605,1756,57.68
91070,1898,1817,59.68
26054,410,933,30.68
26054,411,933,30.68
26054,712,1452,47.68
26054,1605,933,30.68
26054,1622,933,30.68
26054,1898,1360,44.68
86943,102,994,32.68
86943,205,994,32.68
86943,304,660,21.68
86943,305,660,21.68
4999,102,1268,41.68
4999,304,1603,52.68
4999,410,3916,128.68
4999,1113,1756,57.68
64354,498,1968,64.68
64354,1801,1725,56.68
64354,1817,1238,40.68
74483,108,1115,36.68
74483,1605,2121,69.68
9947,407,902,29.68
9947,1801,1786,58.68
60264,1015,2972,97.68
60264,1704,2576,84.68
59883,306,2486,81.68
59883,1801,4008,131.68
59883,1817,3702,121.68
13807,109,1025,33.68
13807,412,2090,68.68
13807,1111,2272,74.68
13807,1117,1756,57.68
13807,1609,1603,52.68
13807,1617,1603,52.68
13807,1904,2241,73.68
51369,306,1786,58.68
29402,998,1360,44.68
29402,1198,994,32.68
29402,1808,1725,56.68
31149,713,2121,69.68
31149,809,964,31.68
31149,916,1115,36.68
85884,423,1511,49.68
85884,713,1055,34.68
85884,1898,1542,50.68
63157,406,1146,37.68
63157,426,1146,37.68
63157,1709,6259,205.68
5421,411,902,29.68
5421,432,2425,79.68
5421,1113,1695,55.68
24469,1898,1391,45.68
34438,298,1115,36.68
34438,498,1391,45.68
34438,1016,1268,41.68
34438,1801,994,32.68
80667,203,6473,212.68
80667,304,6624,217.68
80667,305,3702,121.68
80667,1113,1330,43.68
80667,1701,3824,125.68
80667,1703,3855,126.68
89150,304,994,32.68
89150,305,994,32.68
89150,307,994,32.68
89150,705,841,27.68
102390,708,2060,67.68
102390,1812,1421,46.68
26112,1701,1542,50.68
26112,1703,1907,62.68
90459,305,1786,58.68
90459,1817,1115,36.68
29097,404,2121,69.68
76831,1801,2210,72.68
50519,306,1207,39.68
50519,1198,2241,73.68
50519,1801,1998,65.68
50519,1808,2241,73.68
50519,1898,1207,39.68
73853,198,1786,58.68
73853,202,1756,57.68
73853,1609,1756,57.68
73853,1634,1756,57.68
47268,1008,2394,78.68
47268,1617,1115,36.68
47268,1622,4343,142.68
47268,1801,2182,71.68
37833,798,1725,56.68
83173,421,1391,45.68
60885,305,1695,55.68
60885,306,933,30.68
60885,426,3947,129.68
60885,709,3794,124.68
60885,712,2363,77.68
60885,719,3582,117.68
60885,1805,4068,133.68
60885,1898,3947,129.68
3837,1817,811,26.68
86914,304,2607,85.68
86914,305,2607,85.68
86914,1801,3702,121.68
86914,1805,4068,133.68
86914,1810,4068,133.68
103578,1001,841,27.68
103578,1616,537,17.68
97525,423,1391,45.68
97525,426,1391,45.68
97525,1605,2668,87.68
97525,1898,1360,44.68
51551,1198,2241,73.68
40669,698,1207,39.68
22845,915,2941,96.68
42482,198,1330,43.68
42482,307,1968,64.68
42482,798,1146,37.68
42482,1111,1330,43.68
42482,1701,2547,83.68
58011,298,2791,91.68
16736,1640,4129,135.68
16736,1898,2668,87.68
85445,1619,1786,58.68
85445,1637,1511,49.68
98955,102,749,24.68
98955,202,3886,127.68
98955,410,1391,45.68
98955,426,1725,56.68
98955,1110,1786,58.68
98955,1605,4282,140.68
98955,1637,3521,115.68
98955,1701,3490,114.68
91267,108,1238,40.68
91267,406,1115,36.68
91267,414,1115,36.68
91267,1617,1603,52.68
91267,1637,1572,51.68
91267,1703,1391,45.68
43967,108,1238,40.68
43967,798,1542,50.68
75841,504,3794,124.68
75841,304,1238,40.68
75841,428,994,32.68
75841,504,3794,124.68
75841,1113,1238,40.68
75841,1205,964,31.68
37290,102,1633,53.68
37290,304,1268,41.68
37290,708,1725,56.68
37290,712,5012,164.68
37290,1113,1633,53.68
37290,1605,872,28.68
37290,1616,5224,171.68
37290,1617,2760,90.68
57887,108,3671,120.68
57887,202,2791,91.68
57887,406,2029,66.68
57887,1817,1268,41.68
97774,1698,2121,69.68
7322,412,1177,38.68
7322,712,1177,38.68
7322,1617,1391,45.68
34892,104,933,30.68
34892,109,3947,129.68
34892,305,1511,49.68
34892,1805,2425,79.68
34892,1817,2425,79.68
88952,426,1360,44.68
46122,712,2821,92.68
18976,1898,964,31.68
83433,1622,1299,42.68
88468,205,964,31.68
88468,306,4252,139.68
10465,1617,1360,44.68
96040,313,780,25.68
36721,108,1207,39.68
36721,423,1268,41.68
36721,1898,964,31.68
94137,305,749,24.68
94137,306,749,24.68
61972,118,1937,63.68
61972,306,3886,127.68
61972,1113,964,31.68
61972,1640,5073,166.68
58438,1112,1330,43.68
58438,1617,1633,53.68
95654,1112,780,25.68
95654,1198,721,23.68
95654,1816,1664,54.68
95654,1817,933,30.68
11524,304,902,29.68
11524,428,1268,41.68
11524,498,1998,65.68
11524,1812,902,29.68
11524,1898,902,29.68
76974,1704,1845,60.68
7851,1813,1238,40.68
23036,705,964,31.68
23036,710,902,29.68
83735,404,2121,69.68
83735,698,1299,42.68
83735,1629,2121,69.68
83735,1701,1907,62.68
83735,1703,1086,35.68
74253,108,4068,133.68
74253,504,994,32.68
74253,714,3824,125.68
13239,304,2455,80.68
13239,1801,2455,80.68
1461,103,2821,92.68
1461,298,1360,44.68
1461,915,1360,44.68
1461,1215,1146,37.68
1461,1703,5012,164.68
90309,1617,1480,48.68
19120,104,1177,38.68
19120,201,1177,38.68
19120,305,2972,97.68
19120,1801,2486,81.68
19120,1803,994,32.68
19120,1898,4678,153.68
78516,305,902,29.68
78516,306,902,29.68
78516,1619,2394,78.68
96567,1110,1511,49.68
69797,306,1360,44.68
69797,1112,2821,92.68
76537,426,1238,40.68
26260,107,1207,39.68
10820,1701,1055,34.68
17927,304,2151,70.68
17927,305,2151,70.68
17927,398,1937,63.68
17927,705,1299,42.68
17927,798,1299,42.68
5602,1598,3094,101.68
5602,1108,3094,101.68
5602,1110,3094,101.68
49033,1117,2090,68.68
1585,414,964,31.68
1585,1622,994,32.68
79235,104,1845,60.68
79235,205,690,22.68
79235,398,3064,100.68
79235,426,1391,45.68
79235,428,3064,100.68
79235,1215,2363,77.68
79235,1637,2425,79.68
94513,1801,2060,67.68
94751,201,1055,34.68
94751,202,1055,34.68
94751,405,1177,38.68
94751,498,841,27.68
94751,1117,1086,35.68
94751,1619,1025,33.68
94751,1801,1511,49.68
24973,1616,3398,111.68
4195,202,2394,78.68
4195,405,2455,80.68
4195,406,2455,80.68
4195,498,3278,107.68
4195,916,1330,43.68
4195,1105,2029,66.68
94402,108,749,24.68
29986,1614,1937,63.68
29986,1701,1115,36.68
2443,305,2607,85.68
2443,398,2607,85.68
2443,1113,2090,68.68
2443,1198,2090,68.68
2443,1617,4647,152.68
36509,504,841,27.68
36509,915,994,32.68
5924,428,2182,71.68
5924,898,2182,71.68
5924,1198,2182,71.68
68025,108,994,32.68
68025,1113,1055,34.68
68025,1698,1452,47.68
32226,198,6047,198.68
32226,1598,5682,186.68
32226,102,1664,54.68
32226,205,1146,37.68
32226,305,2121,69.68
32226,498,964,31.68
32226,809,2941,96.68
32226,1215,5408,177.68
32226,1798,5469,179.68
76955,498,1115,36.68
98412,202,629,20.68
98412,1605,629,20.68
89679,1640,2241,73.68
89679,1812,2121,69.68
71360,304,994,32.68
71360,809,2060,67.68
71360,1605,2852,93.68
94919,305,994,32.68
94919,612,1360,44.68
94919,713,2941,96.68
94919,1098,1876,61.68
94919,1198,1725,56.68
88092,504,5529,181.68
88092,504,5529,181.68
88092,916,964,31.68
75022,304,2913,95.68
75022,305,2182,71.68
75022,712,4951,162.68
75022,1407,872,28.68
75022,1605,2760,90.68
28619,1215,3156,103.68
28619,1816,3977,130.68
28619,1817,964,31.68
71806,201,1268,41.68
71806,1106,1268,41.68
71806,1801,3125,102.68
98836,202,1480,48.68
98836,423,660,21.68
98836,426,660,21.68
98836,1105,933,30.68
98836,1801,902,29.68
98836,1803,1480,48.68
99234,1705,2913,95.68
99234,1803,2760,90.68
35015,304,3337,109.68
35015,306,1937,63.68
35015,424,4252,139.68
35015,428,2363,77.68
35015,430,4402,144.68
35015,598,2272,74.68
35015,610,1360,44.68
35015,1215,2272,74.68
67758,1198,2425,79.68
67758,304,1025,33.68
67758,1117,2425,79.68
67758,1616,2547,83.68
84234,203,994,32.68
84234,1698,994,32.68
58675,304,1086,35.68
58675,305,1086,35.68
41237,101,6624,217.68
41237,426,1603,52.68
41237,1619,6624,217.68
41237,1801,6624,217.68
19105,512,1086,35.68
19105,809,2121,69.68
19105,1216,1025,33.68
19105,1701,2121,69.68
19105,1798,1391,45.68
60697,1903,1876,61.68
83935,1598,1998,65.68
83935,1117,1664,54.68
95680,303,3855,126.68
95680,498,3582,117.68
95680,304,1238,40.68
95680,305,1238,40.68
95680,311,3733,122.68
95680,714,3459,113.68
95680,1627,1268,41.68
95680,1801,2852,93.68
42553,432,3551,116.68
42553,1605,3217,105.68
42553,1617,3217,105.68
71069,306,2060,67.68
71069,1605,1786,58.68
71069,1817,1268,41.68
71069,1898,2060,67.68
87257,118,1633,53.68
87257,428,1633,53.68
87257,708,1452,47.68
97631,202,3702,121.68
97631,304,1299,42.68
97631,305,1299,42.68
97631,510,811,26.68
97631,598,749,24.68
97631,1637,1968,64.68
97631,1801,3733,122.68
80294,1617,1238,40.68
80294,1710,964,31.68
79208,1617,1756,57.68
77499,1813,933,30.68
77499,1817,1055,34.68
75834,1598,1572,51.68
83615,914,1086,35.68
83615,1198,1086,35.68
47490,498,1238,40.68
47490,708,1421,46.68
47490,709,1421,46.68
47490,798,841,27.68
43133,709,2210,72.68
43133,1627,1480,48.68
43133,1801,1299,42.68
87250,414,2913,95.68
87250,1110,5438,178.68
87250,1312,4767,156.68
87250,1601,2729,89.68
87250,1627,3763,123.68
87250,1801,2791,91.68
60917,1605,3671,120.68
60917,1704,1603,52.68
56280,1812,933,30.68
72651,306,872,28.68
72651,423,1391,45.68
89988,709,964,31.68
89988,713,933,30.68
89988,1701,2791,91.68
53770,411,2090,68.68
52773,304,933,30.68
52773,305,2029,66.68
52773,1801,1391,45.68
82969,305,1330,43.68
82969,705,1086,35.68
82969,1630,4678,153.68
42689,102,1421,46.68
42689,205,1330,43.68
42689,304,1421,46.68
42689,307,1421,46.68
42689,398,1268,41.68
42689,406,2090,68.68
42689,411,1421,46.68
42689,1801,3156,103.68
77338,112,2425,79.68
77338,424,2029,66.68
77338,1116,2394,78.68
77338,1634,2607,85.68
95707,108,749,24.68
95707,1617,749,24.68
63446,1117,1299,42.68
63446,1298,1299,42.68
35091,306,1055,34.68
92279,305,1817,59.68
92279,411,3824,125.68
1780,203,4221,138.68
1780,304,2455,80.68
1780,305,2455,80.68
1780,423,5163,169.68
1780,605,872,28.68
1780,1113,3186,104.68
1780,1627,4647,152.68
87269,432,629,20.68
97648,1634,1603,52.68
14995,202,1115,36.68
14995,412,1452,47.68
14995,1803,1998,65.68
14995,1816,1360,44.68
17379,298,872,28.68
17379,304,1025,33.68
17379,305,1025,33.68
17379,1701,3337,109.68
17379,1798,933,30.68
17379,1812,4433,145.68
88957,428,1268,41.68
77350,202,841,27.68
77350,423,841,27.68
48339,305,1998,65.68
48339,1622,2576,84.68
34395,403,2241,73.68
34395,1622,2333,76.68
34395,1817,2151,70.68
37455,202,1817,59.68
37455,203,1817,59.68
37455,412,1603,52.68
4693,198,1115,36.68
4693,1708,2516,82.68
4693,1898,1055,34.68
13770,304,1238,40.68
13770,709,1025,33.68
13770,809,5285,173.68
13770,916,1695,55.68
50829,1898,2455,80.68
65374,304,3125,102.68
80170,1637,1633,53.68
80170,1705,1177,38.68
79862,305,2486,81.68
79862,306,2486,81.68
79862,1634,3094,101.68
59481,1801,964,31.68
29127,198,1360,44.68
29127,110,1360,44.68
6626,498,872,28.68
6626,1105,1421,46.68
6626,1640,1603,52.68
58230,423,1238,40.68
58230,426,1238,40.68
58230,705,1146,37.68
58230,1617,2913,95.68
58230,1798,2486,81.68
58230,1898,1330,43.68
97031,1801,690,22.68
75054,115,2241,73.68
75054,304,1146,37.68
75054,305,2913,95.68
75054,310,2913,95.68
75054,809,1998,65.68
75054,916,902,29.68
75054,1623,1756,57.68
26709,104,3337,109.68
26709,198,3337,109.68
26709,512,1055,34.68
26709,1617,4586,150.68
14948,202,2760,90.68
14948,1701,2241,73.68
14948,1703,2852,93.68
92584,202,811,26.68
92584,305,2029,66.68
92584,412,811,26.68
53234,306,1725,56.68
53234,425,2607,85.68
53234,426,1360,44.68
53234,1117,1115,36.68
5947,1106,1115,36.68
28521,304,1360,44.68
80471,205,1115,36.68
80471,304,1115,36.68
80471,305,1115,36.68
80471,504,2302,75.68
80471,612,1268,41.68
80471,908,1572,51.68
80471,1298,3094,101.68
80471,1622,6169,202.68
80471,1801,4586,150.68
80471,1810,5285,173.68
80956,1198,1025,33.68
80956,423,1055,34.68
80956,708,872,28.68
80956,916,1115,36.68
80956,1108,1025,33.68
34581,108,933,30.68
34581,712,1603,52.68
34581,1617,3064,100.68
34581,1805,1633,53.68
84956,304,1025,33.68
84956,1898,902,29.68
34995,198,1268,41.68
34995,412,4068,133.68
34995,510,1268,41.68
34995,1817,4767,156.68
84432,1617,964,31.68
84432,1640,964,31.68
20992,305,1421,46.68
20992,498,1998,65.68
20992,916,5285,173.68
87112,304,1025,33.68
87112,305,1025,33.68
87112,306,1025,33.68
87112,307,1025,33.68
87112,432,2455,80.68
1527,406,3702,121.68
1527,498,2972,97.68
1527,504,1146,37.68
72496,107,964,31.68
40729,305,1786,58.68
40729,1614,1786,58.68
11702,1198,2760,90.68
11702,1117,2760,90.68
11702,1198,2760,90.68
53189,108,1299,42.68
53189,1798,1360,44.68
53189,1801,994,32.68
4571,1110,1086,35.68
4571,1705,1572,51.68
4571,1706,964,31.68
4571,1803,2210,72.68
4571,1812,1511,49.68
4571,1813,2333,76.68
56603,1810,1238,40.68
63299,411,2029,66.68
63299,1617,1756,57.68
74548,304,1452,47.68
74548,423,1268,41.68
5058,203,2729,89.68
5058,1634,2729,89.68
31535,426,1876,61.68
39305,1117,1876,61.68
39305,1614,2486,81.68
39305,1801,1786,58.68
11101,304,1330,43.68
36675,1112,3582,117.68
32997,1298,2607,85.68
32997,809,1115,36.68
32997,1215,2241,73.68
31601,406,1480,48.68
31601,426,1025,33.68
98882,707,994,32.68
98882,1605,1268,41.68
98882,1817,780,25.68
77918,120,3125,102.68
77918,304,2210,72.68
77918,430,3003,98.68
77918,1703,3064,100.68
77918,1801,1391,45.68
41504,108,1360,44.68
41504,305,1817,59.68
41504,307,1817,59.68
60769,415,3551,116.68
60769,1617,4037,132.68
60769,1817,1603,52.68
58235,305,1572,51.68
58235,306,1572,51.68
100860,798,749,24.68
100860,1634,690,22.68
5233,102,994,32.68
5233,202,1756,57.68
5233,304,2852,93.68
5233,305,1786,58.68
5233,307,964,31.68
5233,404,994,32.68
5233,504,2121,69.68
5233,914,964,31.68
5233,1605,4647,152.68
5233,1701,4464,146.68
91533,405,3156,103.68
70467,1817,1786,58.68
85400,202,1664,54.68
94896,415,1268,41.68
9931,1802,964,31.68
9931,1817,1786,58.68
9931,1898,2394,78.68
92340,1634,872,28.68
94052,304,1725,56.68
94052,504,1572,51.68
94052,713,1299,42.68
94052,1110,1299,42.68
94052,1634,3125,102.68
1132,305,1786,58.68
13674,406,1238,40.68
13674,1698,5835,191.68
45778,102,1480,48.68
45778,205,1480,48.68
45778,304,2547,83.68
45778,708,629,20.68
45778,908,1360,44.68
45778,1215,2121,69.68
45778,1605,2363,77.68
45778,1617,629,20.68
45778,1801,2547,83.68
5565,510,1603,52.68
5565,1704,1238,40.68
5565,1801,690,22.68
26628,102,2272,74.68
26628,201,1725,56.68
26628,304,2941,96.68
26628,305,2941,96.68
26628,423,1086,35.68
26628,1117,5224,171.68
26628,1898,5224,171.68
38504,108,1786,58.68
38504,206,1025,33.68
38504,707,5377,176.68
38504,712,5347,175.68
38504,1113,1695,55.68
38504,1627,1207,39.68
5426,504,3947,129.68
5426,102,2729,89.68
5426,304,2760,90.68
5426,305,1664,54.68
5426,504,3947,129.68
5426,612,3217,105.68
5426,914,3947,129.68
5426,1617,2638,86.68
5426,1801,1055,34.68
5426,1803,933,30.68
15941,202,1633,53.68
81545,1110,1268,41.68
93948,1640,1115,36.68
50845,1701,964,31.68
50845,1703,1025,33.68
25629,306,1845,60.68
40769,305,2182,71.68
40769,412,1115,36.68
40769,1701,2913,95.68
40769,1801,2363,77.68
66053,1811,3278,107.68
47529,202,902,29.68
47529,304,2791,91.68
47529,306,2821,92.68
25908,202,3429,112.68
7893,201,1055,34.68
7893,205,2241,73.68
7893,304,2972,97.68
7893,306,4374,143.68
7893,498,2607,85.68
7893,519,2486,81.68
7893,908,964,31.68
7893,1616,5408,177.68
7893,1701,3763,123.68
7893,1801,1238,40.68
7893,1810,4374,143.68
7893,1815,3886,127.68
7893,1898,5316,174.68
16622,411,1998,65.68
16622,432,1146,37.68
16622,1637,1756,57.68
16622,1802,1998,65.68
16622,1817,1115,36.68
86649,306,902,29.68
86649,718,1937,63.68
86649,998,2182,71.68
86649,1898,902,29.68
70652,305,3368,110.68
70652,306,3368,110.68
21019,1111,1360,44.68
542,1619,3947,129.68
68160,305,1055,34.68
68160,307,1055,34.68
68160,410,4555,149.68
68160,705,4951,162.68
9036,198,1542,50.68
9036,1612,933,30.68
10369,306,964,31.68
10369,1106,994,32.68
10369,1112,994,32.68
10369,1801,4555,149.68
10369,1803,994,32.68
10369,1805,994,32.68
65467,205,994,32.68
65467,305,2060,67.68
65467,306,2060,67.68
65467,426,1299,42.68
65467,1113,1907,62.68
65467,1802,1968,64.68
65467,1813,1086,35.68
12829,1622,1268,41.68
13526,1198,1664,54.68
13526,1805,3794,124.68
14551,198,4313,141.68
14551,304,4402,144.68
14551,305,1786,58.68
14551,408,3582,117.68
14551,610,5104,167.68
14551,1198,4678,153.68
14551,1616,4647,152.68
14551,1812,2029,66.68
22909,202,1146,37.68
22909,1116,2882,94.68
16049,108,902,29.68
16049,109,1511,49.68
16049,405,1177,38.68
16049,1640,1572,51.68
63687,432,4859,159.68
63687,713,7174,235.68
63687,1637,5316,174.68
88230,104,2852,93.68
88230,112,2852,93.68
88230,426,2151,70.68
88230,1119,3459,113.68
88230,1619,3551,116.68
88230,1817,1055,34.68
79385,202,2941,96.68
79385,306,1480,48.68
23834,1605,1664,54.68
23834,1810,1330,43.68
40658,304,2547,83.68
40658,307,2547,83.68
40658,908,1817,59.68
40658,1810,3763,123.68
1008,1634,2729,89.68
40609,1622,902,29.68
91674,305,3186,104.68
91674,310,4586,150.68
91674,432,3490,114.68
91674,519,1907,62.68
91674,708,994,32.68
91674,1008,3247,106.68
91674,1627,2425,79.68
91674,1698,3247,106.68
77240,305,2882,94.68
77240,428,2852,93.68
77240,519,1907,62.68
77240,1117,2882,94.68
77240,1801,3551,116.68
77240,1898,2729,89.68
27439,429,5804,190.68
27439,1609,5986,196.68
27439,1801,5590,183.68
43170,1804,2210,72.68
40567,108,994,32.68
40567,305,1086,35.68
40567,306,1086,35.68
40567,1605,3916,128.68
40567,1637,3916,128.68
10333,1801,2852,93.68
10333,1816,3763,123.68
27460,202,933,30.68
51998,304,994,32.68
51998,809,2516,82.68
51998,1705,3247,106.68
69777,713,3855,126.68
69777,798,872,28.68
69777,998,1055,34.68
69777,1113,872,28.68
69777,1601,2060,67.68
69777,1801,3763,123.68
18641,102,3551,116.68
18641,303,3551,116.68
18641,115,3551,116.68
18641,707,1177,38.68
18641,1605,3094,101.68
18641,1627,1664,54.68
18641,1703,1664,54.68
56302,415,1238,40.68
56302,1617,1330,43.68
87352,1815,2090,68.68
96474,714,902,29.68
96474,1622,3612,118.68
87961,305,2638,86.68
83224,425,1695,55.68
83224,1605,1876,61.68
83224,1704,1421,46.68
42978,305,1603,52.68
42978,512,841,27.68
24041,504,1786,58.68
24041,708,1817,59.68
24041,709,1817,59.68
24041,898,1817,59.68
37514,208,1115,36.68
37514,406,4282,140.68
37514,412,4282,140.68
37514,606,1115,36.68
37514,712,4282,140.68
37514,1105,2090,68.68
37514,1111,1086,35.68
37514,1113,1086,35.68
37514,1204,1086,35.68
37514,1215,1480,48.68
37514,1628,1480,48.68
13553,1198,1511,49.68
18887,504,2151,70.68
18887,504,2151,70.68
18887,1801,1542,50.68
92365,425,964,31.68
92365,1817,902,29.68
102103,398,2852,93.68
102103,1001,2821,92.68
102103,410,933,30.68
102103,411,964,31.68
102103,432,2241,73.68
102103,1605,1115,36.68
65963,405,4068,133.68
30981,411,933,30.68
30981,426,994,32.68
84216,405,1480,48.68
84216,713,1725,56.68
84216,1098,933,30.68
84216,1617,1786,58.68
84216,1816,1817,59.68
59296,601,1907,62.68
59296,602,1391,45.68
83744,1198,1330,43.68
83744,1312,1360,44.68
83744,1637,3733,122.68
83744,1698,1695,55.68
83744,1701,4464,146.68
79547,498,4343,142.68
79547,1609,1207,39.68
79547,1622,1207,39.68
6155,403,2425,79.68
6155,1001,2425,79.68
6155,1626,2425,79.68
48413,109,2182,71.68
48413,809,1664,54.68
48413,1113,1876,61.68
84457,408,1086,35.68
84457,1616,1086,35.68
84457,1617,1086,35.68
22452,1598,1968,64.68
22452,708,933,30.68
22452,1212,1968,64.68
22452,1617,1238,40.68
22452,1637,1695,55.68
7905,1801,2029,66.68
80196,1810,3064,100.68
80196,1816,3064,100.68
31710,107,933,30.68
31710,1801,2972,97.68
27111,1634,1086,35.68
90176,201,1360,44.68
90176,202,964,31.68
90176,426,964,31.68
59681,202,1055,34.68
59681,914,1786,58.68
59681,1634,1452,47.68
7789,411,4190,137.68
7789,432,3886,127.68
7789,1113,1421,46.68
620,423,1330,43.68
620,1637,1268,41.68
45574,432,841,27.68
48499,1704,1207,39.68
12380,1813,2882,94.68
76962,305,2516,82.68
83251,426,2882,94.68
83251,498,1330,43.68
83251,898,2029,66.68
83251,1113,1115,36.68
83251,1298,2882,94.68
83251,1801,1480,48.68
2995,116,2151,70.68
2995,202,1330,43.68
2995,306,2455,80.68
2995,914,5194,170.68
2995,1112,2090,68.68
2995,1617,1876,61.68
2995,1627,4252,139.68
23920,304,902,29.68
23920,306,902,29.68
23920,423,902,29.68
23920,1107,4617,151.68
8445,305,1572,51.68
8445,1634,2516,82.68
87894,406,3947,129.68
87894,407,3947,129.68
87894,424,841,27.68
87894,1113,2852,93.68
77326,712,3125,102.68
73454,306,2941,96.68
73454,421,2668,87.68
73454,1801,1817,59.68
91589,202,1146,37.68
16795,708,2302,75.68
16795,1703,1695,55.68
16795,1898,1998,65.68
64336,404,2425,79.68
64336,714,2394,78.68
64336,1312,2302,75.68
45271,104,3794,124.68
45271,112,3794,124.68
45271,407,3702,121.68
45271,713,3643,119.68
45271,1801,3947,129.68
45271,1808,3947,129.68
81600,423,1511,49.68
81600,712,1876,61.68
81600,1609,1876,61.68
81600,1616,1876,61.68
81600,1640,1876,61.68
89410,202,1299,42.68
89410,298,1299,42.68
46985,305,2029,66.68
46985,398,2029,66.68
58181,198,1086,35.68
58181,305,841,27.68
58181,426,3855,126.68
58181,713,4221,138.68
58181,1105,872,28.68
58181,1898,872,28.68
70510,102,1330,43.68
70510,201,1330,43.68
70510,304,3886,127.68
70510,305,1238,40.68
70510,1119,994,32.68
70510,1898,994,32.68
35656,1810,1299,42.68
96477,1710,1452,47.68
96477,1801,933,30.68
83311,202,2182,71.68
47756,1113,1146,37.68
79800,306,1511,49.68
79800,1802,902,29.68
50620,1605,3490,114.68
50620,1617,4374,143.68
50620,1801,1330,43.68
53098,1617,1115,36.68
83754,1640,1480,48.68
86195,102,1572,51.68
86195,423,3186,104.68
86195,1113,872,28.68
59405,428,1025,33.68
60478,304,1115,36.68
60478,305,1845,60.68
60478,428,1603,52.68
44427,307,1330,43.68
44427,1813,1937,63.68
81041,305,3855,126.68
44788,106,5863,192.68
44788,201,5863,192.68
44788,102,2182,71.68
44788,304,2913,95.68
44788,305,2913,95.68
44788,428,3643,119.68
44788,1198,2791,91.68
44788,1637,3278,107.68
44788,1701,1055,34.68
56407,304,1907,62.68
56407,305,1907,62.68
56407,311,2882,94.68
56407,398,2882,94.68
56407,1110,4343,142.68
56407,1117,4343,142.68
56407,1817,1845,60.68
23012,798,933,30.68
23012,1617,1725,56.68
23012,1637,1725,56.68
61409,305,2486,81.68
61409,306,2486,81.68
61409,610,2821,92.68
61409,1007,1055,34.68
61409,1605,2821,92.68
61409,1703,1633,53.68
61409,1898,2486,81.68
46434,1105,1998,65.68
46434,1710,2210,72.68
46434,1812,1542,50.68
91815,1111,964,31.68
91815,1803,964,31.68
1087,411,2394,78.68
1087,432,1115,36.68
1087,1627,1756,57.68
10857,1001,5590,183.68
10857,305,1146,37.68
10857,306,1146,37.68
10857,309,1146,37.68
10857,504,2090,68.68
10857,519,2090,68.68
10857,809,2913,95.68
10857,1105,1330,43.68
10857,1113,1330,43.68
10857,1117,5560,182.68
10857,1215,2913,95.68
10857,1703,4617,151.68
10857,1898,1330,43.68
90644,305,994,32.68
90644,306,994,32.68
90644,1619,1238,40.68
36867,305,2090,68.68
36867,1905,1115,36.68
51001,504,1421,46.68
51001,714,2760,90.68
51001,1112,2210,72.68
51001,1640,2882,94.68
51001,1801,5043,165.68
70701,109,1055,34.68
70701,411,3582,117.68
70701,705,1391,45.68
70701,709,5104,167.68
70701,1105,2913,95.68
4390,705,1845,60.68
4390,1898,2029,66.68
81966,1605,1146,37.68
102677,1810,6959,228.68
90657,205,841,27.68
90657,406,2090,68.68
90657,1801,964,31.68
90657,1812,902,29.68
26742,1198,933,30.68
100798,108,599,19.68
100798,305,4282,140.68
100798,410,2090,68.68
100798,1112,2029,66.68
100798,1805,4252,139.68
86678,202,629,20.68
86678,304,629,20.68
86678,305,1480,48.68
86678,313,3886,127.68
86678,405,3217,105.68
86678,407,3217,105.68
86678,408,3217,105.68
86678,423,3217,105.68
86678,426,3217,105.68
86678,705,2913,95.68
86678,916,872,28.68
86678,1113,1542,50.68
86678,1612,3217,105.68
21329,304,1055,34.68
21329,1113,1845,60.68
20415,498,2333,76.68
20415,712,2333,76.68
20415,1622,2333,76.68
54221,102,1391,45.68
54221,305,2121,69.68
54221,426,1786,58.68
54221,516,1299,42.68
54221,705,994,32.68
54221,908,2821,92.68
54221,1205,1360,44.68
54221,1809,994,32.68
6547,1803,1603,52.68
1551,202,1633,53.68
1551,304,2729,89.68
1551,708,3186,104.68
1551,798,2821,92.68
1551,1609,3977,130.68
1551,1617,3977,130.68
1551,1817,933,30.68
61410,306,964,31.68
61410,426,3947,129.68
61410,1627,2060,67.68
61410,1701,1664,54.68
61410,1801,2882,94.68
15436,721,902,29.68
15436,914,902,29.68
15436,1630,2302,75.68
52047,415,1633,53.68
52047,706,1391,45.68
1267,305,2210,72.68
1267,306,2210,72.68
1267,1801,1695,55.68
1267,1802,933,30.68
26571,1801,964,31.68
40214,1616,2699,88.68
53654,705,1725,56.68
27298,198,5682,186.68
27298,112,5743,188.68
27298,304,2394,78.68
27298,305,2394,78.68
27298,1801,4525,148.68
27298,1898,4282,140.68
68890,608,1207,39.68
68890,1118,3094,101.68
68890,1209,1055,34.68
68890,1211,1360,44.68
68890,1801,2821,92.68
54813,104,933,30.68
54813,109,933,30.68
54813,305,1055,34.68
54813,1014,5377,176.68
54813,1111,1177,38.68
54813,1215,933,30.68
50556,206,2547,83.68
50556,1105,2516,82.68
91071,1609,1421,46.68
65229,102,1542,50.68
65229,598,1177,38.68
90204,1205,841,27.68
90204,1215,4525,148.68
90204,1310,902,29.68
24503,398,1177,38.68
24503,1216,1421,46.68
9723,201,1268,41.68
9723,914,1360,44.68
83334,1804,1664,54.68
83334,1810,1756,57.68
34541,102,1603,52.68
34541,205,902,29.68
34541,306,3551,116.68
34541,411,1238,40.68
34541,424,1391,45.68
34541,428,902,29.68
34541,432,994,32.68
34541,708,2668,87.68
34541,713,3429,112.68
34541,914,1603,52.68
34541,915,902,29.68
34541,916,1603,52.68
34541,1198,3551,116.68
34541,1616,2668,87.68
34541,1622,5560,182.68
34541,1627,3916,128.68
34541,1634,5560,182.68
34541,1637,1998,65.68
34541,1898,3977,130.68
47941,1801,3217,105.68
47941,1812,3490,114.68
14565,1803,1603,52.68
9696,305,1086,35.68
9696,307,1511,49.68
9696,1619,2972,97.68
11495,304,1786,58.68
11495,305,1786,58.68
11495,1117,2302,75.68
52109,1705,2121,69.68
94499,415,1268,41.68
20811,915,1937,63.68
69469,112,4678,153.68
69469,1118,2607,85.68
69469,1119,2913,95.68
69469,1617,1391,45.68
69469,1898,2576,84.68
23356,206,2941,96.68
23356,412,1907,62.68
23356,426,1907,62.68
23356,712,1907,62.68
23356,1605,2941,96.68
23356,1698,2941,96.68
23356,1898,2941,96.68
84239,109,841,27.68
84239,1637,994,32.68
96497,412,2576,84.68
96497,909,1786,58.68
96497,1112,660,21.68
96497,1708,2576,84.68
98510,102,933,30.68
85406,504,1238,40.68
85406,1108,1238,40.68
85406,1701,2852,93.68
85406,1801,4647,152.68
85406,1802,4494,147.68
85406,1805,4313,141.68
85406,1813,3824,125.68
64627,305,1025,33.68
64627,306,1025,33.68
64627,1013,2516,82.68
64627,1112,1756,57.68
64627,1198,1268,41.68
64627,1812,1360,44.68
64627,1898,1756,57.68
40045,1898,1695,55.68
19699,705,1391,45.68
19699,915,2029,66.68
92675,305,2516,82.68
92675,398,2516,82.68
79241,1802,1330,43.68
8595,116,2486,81.68
8595,205,1146,37.68
8595,1113,2486,81.68
8595,1801,2821,92.68
103171,1898,1115,36.68
33289,1634,2852,93.68
33289,1637,964,31.68
33289,1701,1907,62.68
64666,705,2241,73.68
64666,1112,2121,69.68
64666,1312,1876,61.68
24595,104,2486,81.68
24595,109,2760,90.68
24595,305,1115,36.68
24595,601,2821,92.68
24595,1111,1055,34.68
24595,1609,2821,92.68
24595,1617,2699,88.68
24595,1898,1055,34.68
90461,202,1452,47.68
90461,304,2972,97.68
90461,412,3306,108.68
90461,415,3337,109.68
90461,426,3337,109.68
90461,432,3551,116.68
90461,708,2972,97.68
90461,712,2972,97.68
90461,714,1817,59.68
90461,1112,1876,61.68
90461,1215,2576,84.68
90461,1216,2576,84.68
90461,1627,2760,90.68
90461,1637,2394,78.68
90461,1708,1756,57.68
90461,1817,1725,56.68
59174,102,1511,49.68
59174,406,3733,122.68
59174,1305,2760,90.68
59174,1307,2241,73.68
59174,1312,3337,109.68
59174,1616,3733,122.68
59174,1634,3733,122.68
3895,1815,2882,94.68
89576,102,933,30.68
89576,205,933,30.68
89576,428,1086,35.68
89576,1113,2241,73.68
89576,1801,2272,74.68
19110,304,1055,34.68
19110,305,3337,109.68
19110,610,5316,174.68
20165,1105,964,31.68
20165,1817,1055,34.68
30670,406,2302,75.68
30670,411,2029,66.68
30670,705,2699,88.68
30670,1637,1633,53.68
30670,1813,3186,104.68
25740,305,2090,68.68
25740,1817,3156,103.68
17101,304,994,32.68
17101,307,994,32.68
17101,898,902,29.68
54105,1601,3733,122.68
54105,1626,3733,122.68
54105,1627,3733,122.68
54105,1798,3733,122.68
52664,198,1330,43.68
52664,305,1025,33.68
52664,1898,1025,33.68
9326,116,964,31.68
9326,304,1968,64.68
9326,305,1968,64.68
9326,306,1968,64.68
9326,715,2516,82.68
9326,1198,2941,96.68
9326,1704,5377,176.68
86181,304,1845,60.68
86181,305,1845,60.68
86181,809,1055,34.68
86181,1215,5163,169.68
41899,305,2913,95.68
41899,1108,3337,109.68
41899,1817,1391,45.68
53581,202,4708,154.68
53581,205,994,32.68
53581,305,1572,51.68
53581,313,5804,190.68
53581,412,2090,68.68
76576,1617,1817,59.68
76576,1624,1391,45.68
76576,1812,1330,43.68
76576,1898,964,31.68
29671,423,1876,61.68
29671,610,1146,37.68
29671,1617,1360,44.68
81441,304,1480,48.68
81441,411,1360,44.68
99568,198,629,20.68
99568,307,2668,87.68
99568,406,2333,76.68
99568,426,2333,76.68
99568,608,629,20.68
99568,708,964,31.68
99568,1198,629,20.68
99568,1211,629,20.68
99568,1801,3278,107.68
92422,423,964,31.68
92422,428,841,27.68
81007,304,994,32.68
81007,428,964,31.68
81007,1804,4767,156.68
81007,1810,4767,156.68
18546,102,2607,85.68
18546,202,1177,38.68
18546,205,1177,38.68
18546,207,1695,55.68
18546,304,1025,33.68
18546,305,1177,38.68
18546,306,3247,106.68
18546,307,1025,33.68
18546,404,1177,38.68
18546,798,1786,58.68
18546,914,902,29.68
18546,915,1025,33.68
18546,916,902,29.68
18546,1104,1511,49.68
18546,1113,2363,77.68
18546,1801,4221,138.68
18546,1898,994,32.68
90137,713,1603,52.68
90137,1617,1299,42.68
70337,915,3156,103.68
35154,102,3156,103.68
35154,307,1330,43.68
35154,423,3217,105.68
35154,705,3551,116.68
35154,714,1238,40.68
35154,1701,1603,52.68
15841,426,1055,34.68
56689,915,1207,39.68
56689,1113,1845,60.68
56689,1701,5255,172.68
56689,1705,1207,39.68
101102,405,690,22.68
101102,412,690,22.68
101102,1113,537,17.68
88107,498,902,29.68
88107,1215,1238,40.68
53492,304,1115,36.68
53492,305,1115,36.68
53492,423,1511,49.68
53492,428,1511,49.68
62282,304,2791,91.68
62282,1617,1876,61.68
62282,1626,3429,112.68
62282,1817,1664,54.68
60628,205,1299,42.68
60628,1216,1177,38.68
60628,1798,1998,65.68
60628,1810,5774,189.68
40386,1703,994,32.68
40386,1812,2363,77.68
87676,405,2547,83.68
87676,415,2547,83.68
87676,426,2547,83.68
5148,108,1330,43.68
5148,202,1177,38.68
5148,605,1330,43.68
5148,916,1299,42.68
59799,304,1664,54.68
51222,304,2363,77.68
51222,307,2363,77.68
51222,404,4313,141.68
51222,1110,3916,128.68
57277,401,1937,63.68
57277,498,1937,63.68
57277,426,994,32.68
57277,1704,1360,44.68
57277,1801,902,29.68
21077,304,2090,68.68
21077,305,2090,68.68
32839,301,2241,73.68
32839,1103,2241,73.68
32839,1609,2913,95.68
32839,1616,2913,95.68
32839,1637,2913,95.68
79769,809,2852,93.68
79769,1108,902,29.68
36679,1112,1968,64.68
36679,1616,1146,37.68
36679,1701,1086,35.68
36679,1898,1968,64.68
88171,423,1360,44.68
88171,1627,1480,48.68
81024,108,3247,106.68
81024,305,2638,86.68
81024,306,2638,86.68
81024,424,1603,52.68
81024,1605,1725,56.68
102616,426,994,32.68
102616,708,1391,45.68
102616,1215,599,19.68
102616,1617,2791,91.68
51321,414,1725,56.68
51321,1111,1268,41.68
51321,1698,1177,38.68
51321,1801,1633,53.68
4310,998,1817,59.68
4310,1810,1907,62.68
41728,1801,1452,47.68
91296,304,780,25.68
30634,1634,1511,49.68
67071,304,902,29.68
67071,1217,902,29.68
14482,304,2852,93.68
14482,1619,3398,111.68
14482,1627,3398,111.68
87285,1898,4008,131.68
12672,1118,2210,72.68
11289,428,2547,83.68
72561,304,1756,57.68
72561,412,994,32.68
72561,423,994,32.68
72561,713,2576,84.68
72561,714,841,27.68
72561,1108,2638,86.68
72561,1113,1845,60.68
72561,1198,2821,92.68
72561,1634,2821,92.68
72561,1637,2821,92.68
72561,1710,1238,40.68
72561,1804,2821,92.68
50723,1008,2638,86.68
89542,111,1115,36.68
89542,202,1115,36.68
89542,304,1452,47.68
89542,408,1452,47.68
36806,306,1480,48.68
36806,712,1480,48.68
36806,1605,1391,45.68
36806,1704,1086,35.68
36806,1801,1452,47.68
33728,101,1817,59.68
33728,102,1603,52.68
33728,118,1817,59.68
33728,304,2182,71.68
33728,305,2182,71.68
90064,304,964,31.68
90064,307,964,31.68
90064,809,1207,39.68
16220,304,1299,42.68
16220,305,1299,42.68
16220,306,1299,42.68
16220,916,1299,42.68
16220,1609,1299,42.68
16220,1617,1299,42.68
88590,107,3886,127.68
88590,202,1146,37.68
88590,605,6655,218.68
88590,803,5804,190.68
88590,807,5438,178.68
88590,1215,5804,190.68
88590,1817,964,31.68
40008,1817,2791,91.68
94688,202,1330,43.68
94688,205,1299,42.68
94688,304,721,23.68
94688,1817,2272,74.68
3352,1817,1146,37.68
73313,1798,1146,37.68
97725,1805,1907,62.68
97725,1817,1664,54.68
29443,305,1633,53.68
29443,512,1268,41.68
29443,612,4129,135.68
29443,1804,4129,135.68
20508,407,1299,42.68
6864,708,1876,61.68
35948,915,1480,48.68
83399,202,933,30.68
83399,498,933,30.68
83399,809,1572,51.68
83399,1609,933,30.68
83399,1616,4037,132.68
83399,1617,4037,132.68
85009,1817,1664,54.68
79017,202,1299,42.68
79017,415,1299,42.68
87267,1605,1330,43.68
87267,1637,1664,54.68
25283,311,1177,38.68
25283,1801,994,32.68
60508,108,4068,133.68
60508,304,1421,46.68
60508,305,1421,46.68
60508,1617,3033,99.68
60508,1634,4798,157.68
76080,305,2121,69.68
76080,306,2121,69.68
76080,708,2241,73.68
76080,1617,2241,73.68
76080,1704,2090,68.68
76080,1898,1695,55.68
50023,305,1086,35.68
3087,305,964,31.68
34891,205,1146,37.68
34891,713,2760,90.68
68012,306,964,31.68
68012,1105,1633,53.68
10670,304,2090,68.68
10670,423,3855,126.68
10670,714,2333,76.68
10670,1117,3702,121.68
10670,1215,2821,92.68
10670,1703,2029,66.68
10670,1898,4282,140.68
8217,1805,1572,51.68
1010,410,4798,157.68
1010,1810,5925,194.68
60076,1598,3094,101.68
99704,713,811,26.68
99704,1619,964,31.68
1914,914,933,30.68
1914,1198,933,30.68
1914,1898,1603,52.68
23925,103,2821,92.68
23925,198,2821,92.68
23925,1798,4678,153.68
63587,1701,1146,37.68
63587,1802,2425,79.68
88625,202,5194,170.68
88625,304,4494,147.68
88625,306,1480,48.68
88625,498,5863,192.68
88625,708,1725,56.68
88625,805,1330,43.68
88625,911,1664,54.68
88625,916,5863,192.68
88625,1015,5469,179.68
88625,1304,2090,68.68
88625,1622,6320,207.68
88625,1634,6320,207.68
88625,1640,5347,175.68
88625,1801,1268,41.68
94579,410,1268,41.68
94579,1605,1756,57.68
72274,1622,1207,39.68
72274,1634,1207,39.68
37347,504,2241,73.68
37347,510,2121,69.68
37347,519,2121,69.68
37347,1615,1817,59.68
37347,1623,3217,105.68
37347,1801,2547,83.68
37347,1904,1845,60.68
30015,1701,1907,62.68
57956,915,1633,53.68
54349,306,3064,100.68
54349,428,1025,33.68
54349,1701,1360,44.68
54349,1801,3306,108.68
12953,1619,2941,96.68
12953,1802,2941,96.68
12953,1812,2941,96.68
12953,1814,2941,96.68
97806,108,1086,35.68
97806,1634,1146,37.68
97806,1637,1146,37.68
97806,1805,811,26.68
316,1812,1055,34.68
73520,1605,1817,59.68
73520,1801,1207,39.68
78375,432,1542,50.68
78375,1813,1025,33.68
87830,708,1146,37.68
87830,709,1146,37.68
87830,1108,2151,70.68
87718,109,1086,35.68
87718,205,1452,47.68
87718,423,1876,61.68
87718,1612,3003,98.68
87718,1709,3003,98.68
10406,306,1391,45.68
10406,307,1391,45.68
10406,426,3551,116.68
10406,998,1115,36.68
10406,1703,4343,142.68
10406,1813,3886,127.68
10406,1816,3459,113.68
95388,198,1177,38.68
95388,428,2210,72.68
77241,1617,1633,53.68
77241,1630,1633,53.68
72284,423,1756,57.68
72284,708,1330,43.68
72284,914,1633,53.68
59331,102,1421,46.68
59331,608,1299,42.68
59331,610,5986,196.68
59331,1111,2547,83.68
59331,1112,1330,43.68
59331,1113,2182,71.68
59331,1210,2455,80.68
59331,1211,1452,47.68
59331,1298,964,31.68
59331,1605,6016,197.68
59331,1616,1452,47.68
59331,1627,2516,82.68
59331,1801,2425,79.68
41253,1105,1511,49.68
68424,198,3947,129.68
68424,202,3156,103.68
68424,304,3064,100.68
68424,305,3064,100.68
68424,426,3947,129.68
68424,1198,3947,129.68
68424,1812,1086,35.68
68424,1998,3643,119.68
96063,116,4433,145.68
96063,304,4433,145.68
96063,429,6200,203.68
96063,504,1207,39.68
96063,606,1633,53.68
96063,720,1876,61.68
96063,898,1817,59.68
96063,911,1876,61.68
96063,915,6169,202.68
69315,102,1360,44.68
69315,305,2272,74.68
69315,428,629,20.68
39077,304,1360,44.68
99574,1798,964,31.68
86980,305,3217,105.68
86980,404,1238,40.68
86980,719,3947,129.68
86980,1311,1268,41.68
78462,398,902,29.68
78462,404,2607,85.68
99331,102,1086,35.68
99331,304,1817,59.68
99331,306,1086,35.68
99331,1801,5408,177.68
99331,1810,5438,178.68
99331,1811,4951,162.68
36345,304,964,31.68
36345,1813,2486,81.68
61267,504,660,21.68
61267,1598,1146,37.68
61267,206,994,32.68
61267,306,749,24.68
61267,412,2821,92.68
61267,426,2913,95.68
61267,428,3094,101.68
61267,504,3094,101.68
61267,512,660,21.68
61267,712,2821,92.68
61267,914,3094,101.68
61267,1110,1146,37.68
61267,1113,1146,37.68
61267,1215,841,27.68
61267,1605,3094,101.68
61267,1617,994,32.68
61267,1816,2821,92.68
61267,1817,1360,44.68
69489,510,1360,44.68
69489,1105,1238,40.68
1074,304,1480,48.68
1074,1298,3521,115.68
1074,1812,2852,93.68
50345,202,2607,85.68
50345,411,3247,106.68
43359,412,2151,70.68
43359,426,2821,92.68
43359,709,2090,68.68
75390,1311,872,28.68
90017,201,4586,150.68
90017,426,1177,38.68
90017,705,1633,53.68
90017,1113,1238,40.68
93408,198,1177,38.68
93408,408,1695,55.68
93408,412,1603,52.68
93408,423,1695,55.68
93408,426,1695,55.68
93408,705,872,28.68
93408,706,1633,53.68
93408,1801,1968,64.68
93408,1812,1055,34.68
94699,116,1025,33.68
94699,1113,1876,61.68
94699,1407,1480,48.68
52208,405,1452,47.68
95367,304,872,28.68
95367,406,1330,43.68
95367,1617,1452,47.68
95367,1703,1146,37.68
95367,1798,841,27.68
7882,1105,2182,71.68
7882,1198,2029,66.68
58655,1805,3582,117.68
34413,1998,1055,34.68
66493,311,2913,95.68
66493,412,1572,51.68
66493,712,1572,51.68
66493,1813,2638,86.68
28063,304,841,27.68
28063,305,841,27.68
28063,307,841,27.68
28063,411,1786,58.68
28063,1113,1268,41.68
28063,1637,6869,225.68
28063,1805,3612,118.68
95290,916,690,22.68
92331,306,1786,58.68
92331,1298,1238,40.68
92331,1817,1207,39.68
17171,102,1725,56.68
17171,108,1725,56.68
17171,304,3916,128.68
17171,305,2821,92.68
17171,411,1725,56.68
17171,426,3916,128.68
17171,1701,1177,38.68
58066,202,1238,40.68
58066,428,1360,44.68
3832,202,1360,44.68
3832,209,1391,45.68
19455,498,1664,54.68
19455,413,1664,54.68
59975,1636,1238,40.68
41796,305,1238,40.68
41796,313,4525,148.68
41796,428,4494,147.68
41796,1117,3794,124.68
54567,1813,1025,33.68
67032,206,964,31.68
67032,406,1725,56.68
67032,415,1725,56.68
67032,423,1725,56.68
67032,708,2455,80.68
67032,712,1998,65.68
67032,719,2455,80.68
67032,1801,1207,39.68
67032,1812,1633,53.68
67032,1816,1115,36.68
93158,1798,2882,94.68
88282,1619,1055,34.68
11679,1617,1817,59.68
57456,1801,1391,45.68
57456,1812,1299,42.68
57456,1813,994,32.68
70781,424,2241,73.68
70781,708,2972,97.68
70781,712,2972,97.68
70781,713,3337,109.68
70781,1698,2241,73.68
70781,1701,1876,61.68
80850,398,1360,44.68
80850,1112,1817,59.68
80850,1198,1817,59.68
80850,1898,2151,70.68
61721,202,902,29.68
61721,412,902,29.68
3468,1117,3156,103.68
69960,102,1146,37.68
69960,202,4433,145.68
69960,1105,2425,79.68
9224,598,1542,50.68
9224,102,1177,38.68
9224,103,1177,38.68
9224,205,1115,36.68
9224,598,2272,74.68
9224,1801,2272,74.68
40358,1114,1603,52.68
86273,708,1360,44.68
86273,1110,4798,157.68
73563,1612,2121,69.68
73563,1622,2090,68.68
70498,304,1086,35.68
70498,305,841,27.68
70498,498,1086,35.68
70498,710,1115,36.68
70498,1812,1025,33.68
36239,198,1511,49.68
36239,304,4068,133.68
36239,305,2090,68.68
36239,313,4890,160.68
36239,408,2576,84.68
36239,705,964,31.68
36239,719,2852,93.68
36239,1698,2121,69.68
36239,1709,4767,156.68
36239,1817,1086,35.68
16659,102,1511,49.68
16659,304,1633,53.68
16659,410,1299,42.68
16659,709,2941,96.68
16659,1705,3582,117.68
74437,408,1391,45.68
17215,304,2060,67.68
17215,305,2060,67.68
17215,709,2576,84.68
97979,102,902,29.68
97979,304,3125,102.68
97979,1108,4313,141.68
97979,1815,902,29.68
86674,304,2668,87.68
86674,426,3247,106.68
86674,1812,1756,57.68
86674,1817,3916,128.68
3152,1617,1452,47.68
63376,306,1268,41.68
49377,1704,1268,41.68
49377,1705,1572,51.68
49377,1817,994,32.68
47732,305,902,29.68
47732,307,1391,45.68
47732,1111,1603,52.68
47732,1210,1603,52.68
66642,311,1268,41.68
65396,1612,4343,142.68
65396,1703,1817,59.68
6205,426,2760,90.68
6205,714,3186,104.68
6205,1801,2486,81.68
89292,304,1115,36.68
89292,405,3156,103.68
89292,408,3156,103.68
89292,410,3156,103.68
89292,423,3156,103.68
89292,915,2791,91.68
76870,498,994,32.68
76870,1798,964,31.68
40075,1812,994,32.68
92583,202,1876,61.68
92583,412,4739,155.68
92583,1801,1756,57.68
92583,1802,1756,57.68
89319,205,1421,46.68
89319,305,2791,91.68
89319,414,1480,48.68
89319,428,1391,45.68
89319,1113,994,32.68
1245,108,3612,118.68
1245,914,3247,106.68
1245,915,2638,86.68
1245,1112,2852,93.68
1245,1605,3186,104.68
1245,1802,902,29.68
1245,1810,1664,54.68
1245,1811,4402,144.68
82761,109,2972,97.68
82761,114,3306,108.68
82761,504,4798,157.68
71225,304,2941,96.68
71225,305,2941,96.68
58300,105,2760,90.68
58300,423,994,32.68
58300,428,1238,40.68
58300,698,1756,57.68
40072,102,1452,47.68
40072,1215,4678,153.68
40072,1817,3886,127.68
69201,307,902,29.68
69201,426,902,29.68
89587,412,3278,107.68
89587,426,3278,107.68
50355,305,1786,58.68
50355,798,3217,105.68
50355,1801,1268,41.68
47884,1198,2913,95.68
47884,1117,2913,95.68
47884,1605,2913,95.68
47884,1801,2333,76.68
60743,304,1876,61.68
60743,305,1876,61.68
60743,1809,2029,66.68
60743,1813,2029,66.68
87207,304,994,32.68
87207,305,994,32.68
87207,412,964,31.68
87207,423,964,31.68
87207,432,994,32.68
87207,1117,1268,41.68
103147,432,507,16.68
103147,713,780,25.68
103147,1616,721,23.68
103147,1619,1177,38.68
103147,1809,811,26.68
983,1198,2333,76.68
983,1111,2425,79.68
983,1117,2333,76.68
88976,304,964,31.68
88976,1812,964,31.68
30909,709,2272,74.68
30909,911,1025,33.68
30909,1110,2333,76.68
30909,1312,1025,33.68
30909,1627,2333,76.68
60138,304,964,31.68
60138,305,2425,79.68
60138,306,2425,79.68
60138,410,2425,79.68
60138,411,2425,79.68
60138,432,2425,79.68
60138,916,1268,41.68
60138,998,1817,59.68
60138,1215,2363,77.68
60138,1614,2425,79.68
60138,1619,2425,79.68
60138,1801,1330,43.68
60138,1803,1146,37.68
74715,102,1756,57.68
74715,104,2852,93.68
74715,109,3125,102.68
74715,201,1817,59.68
74715,313,6412,210.68
74715,510,1968,64.68
74715,511,1968,64.68
74715,605,1207,39.68
74715,612,933,30.68
74715,914,3094,101.68
74715,1111,1025,33.68
74715,1112,1025,33.68
74715,1627,3916,128.68
74715,1814,6078,199.68
74715,1898,2760,90.68
59537,412,1238,40.68
59537,426,994,32.68
59537,712,1330,43.68
72533,304,1511,49.68
72533,407,3217,105.68
72533,504,2060,67.68
72533,1601,2607,85.68
72533,1630,4433,145.68
72533,1634,3337,109.68
72533,1812,2913,95.68
72533,1816,872,28.68
65624,108,3855,126.68
65624,306,1025,33.68
65624,1215,4282,140.68
65624,1601,1695,55.68
44790,428,1725,56.68
44790,1113,1725,56.68
93304,307,749,24.68
93304,498,902,29.68
93304,914,1055,34.68
93304,916,1055,34.68
93304,1117,749,24.68
93304,1701,902,29.68
40300,610,1086,35.68
74239,108,1207,39.68
65085,911,841,27.68
65085,1701,841,27.68
65085,1812,1055,34.68
65085,1817,1968,64.68
65085,1898,2090,68.68
9329,202,902,29.68
9329,298,902,29.68
9329,304,1330,43.68
9329,424,1207,39.68
41908,304,1786,58.68
41908,405,2486,81.68
41908,408,2486,81.68
41908,709,2576,84.68
49163,202,902,29.68
49163,426,1998,65.68
49163,1105,1845,60.68
96271,1198,3947,129.68
96271,425,4739,155.68
96271,809,721,23.68
96271,915,1452,47.68
96271,1105,3612,118.68
96271,1106,1786,58.68
96271,1110,3612,118.68
96271,1698,4739,155.68
84652,202,1086,35.68
84652,423,1025,33.68
84652,426,1025,33.68
84652,1105,1025,33.68
84652,1801,1055,34.68
91454,202,5713,187.68
91454,304,4374,143.68
91454,305,4374,143.68
91454,898,1330,43.68
91454,1106,3916,128.68
91454,1113,2821,92.68
91454,1613,5713,187.68
93900,313,3306,108.68
93900,798,3247,106.68
93900,1107,3306,108.68
93900,1701,3125,102.68
62484,306,1055,34.68
62484,432,902,29.68
62484,1112,1055,34.68
62484,1407,3337,109.68
62484,1601,1055,34.68
62484,1622,3337,109.68
62484,1627,2363,77.68
62484,1640,3337,109.68
62484,1801,1025,33.68
62484,1809,2029,66.68
62484,1812,3064,100.68
62484,1898,3156,103.68
36442,205,1177,38.68
36442,305,1542,50.68
36442,428,1177,38.68
36442,1118,1542,50.68
36442,1802,1633,53.68
46836,410,5408,177.68
46836,412,5408,177.68
46836,423,5408,177.68
46836,426,5408,177.68
46836,712,5408,177.68
46836,1105,3977,130.68
46836,1110,1146,37.68
89018,304,933,30.68
89018,504,933,30.68
89018,898,933,30.68
83763,202,1086,35.68
54090,1617,3064,100.68
54090,1627,1725,56.68
54090,1701,872,28.68
27289,304,1086,35.68
27289,426,1633,53.68
87791,104,1360,44.68
87791,412,1177,38.68
87791,705,902,29.68
87791,1017,2029,66.68
87791,1605,933,30.68
87873,1801,2394,78.68
52870,1598,3551,116.68
52870,423,2791,91.68
52870,428,3125,102.68
52870,705,2363,77.68
52870,798,3094,101.68
52870,1110,3094,101.68
52870,1113,902,29.68
52870,1816,3671,120.68
59373,1804,2455,80.68
81661,501,2852,93.68
81661,507,2852,93.68
81661,507,2852,93.68
81661,518,2852,93.68
81661,1105,2060,67.68
10847,1609,1725,56.68
10847,1617,1725,56.68
25782,1117,1998,65.68
44540,305,1817,59.68
88977,407,1817,59.68
88977,1809,3125,102.68
88977,1810,1756,57.68
31448,304,721,23.68
31448,916,1268,41.68
87346,712,2852,93.68
87346,715,1998,65.68
43909,305,841,27.68
43909,307,841,27.68
43909,605,933,30.68
43909,1898,4678,153.68
11136,202,994,32.68
11136,306,2121,69.68
39058,304,994,32.68
61520,410,3186,104.68
61520,809,1146,37.68
61520,916,2486,81.68
61520,1015,5194,170.68
61520,1113,1542,50.68
45321,1812,1238,40.68
83367,1805,1876,61.68
89824,1798,2363,77.68
81179,915,2486,81.68
81179,1312,1268,41.68
30486,205,1603,52.68
30486,304,2394,78.68
30486,406,4647,152.68
30486,1105,1360,44.68
50266,428,1025,33.68
84885,102,1511,49.68
84885,201,994,32.68
84885,504,1360,44.68
84885,1801,2972,97.68
90444,1617,1238,40.68
46676,101,933,30.68
46676,116,1177,38.68
46676,712,1633,53.68
46676,798,1633,53.68
46676,1798,1633,53.68
100887,102,568,18.68
100887,202,1876,61.68
100887,304,1876,61.68
57001,406,964,31.68
57001,1605,1756,57.68
99886,112,3094,101.68
99886,202,3947,129.68
99886,304,1330,43.68
99886,307,1330,43.68
99886,406,3886,127.68
99886,423,3886,127.68
99886,1113,1330,43.68
99886,1605,629,20.68
99886,1701,3733,122.68
11640,916,964,31.68
59458,608,1360,44.68
84685,101,2821,92.68
84685,102,3094,101.68
84685,205,1330,43.68
84685,1205,902,29.68
84685,1619,3278,107.68
91684,102,1055,34.68
91684,1801,2486,81.68
91684,1802,2486,81.68
72715,304,2090,68.68
72715,305,1937,63.68
72715,306,1756,57.68
72715,705,2791,91.68
72715,1801,3064,100.68
72715,1802,2425,79.68
59730,1898,1756,57.68
4158,1198,1907,62.68
4158,305,1025,33.68
4158,1117,2182,71.68
4158,1312,3337,109.68
4158,1817,2486,81.68
4158,1898,1025,33.68
81863,1601,2182,71.68
22193,411,841,27.68
22193,916,841,27.68
22193,1704,2852,93.68
72408,306,4617,151.68
72408,415,1268,41.68
72408,432,5347,175.68
72408,608,2791,91.68
72408,915,4617,151.68
72408,916,964,31.68
72408,1119,964,31.68
72408,1204,2425,79.68
72408,1211,2425,79.68
72408,1627,5347,175.68
72408,1637,5469,179.68
72408,1703,4647,152.68
23487,1215,1603,52.68
23487,1605,2060,67.68
23487,1619,2394,78.68
100958,306,1695,55.68
100958,1113,1511,49.68
100958,1198,1695,55.68
100958,1810,1695,55.68
46095,304,2607,85.68
46095,406,2760,90.68
46095,408,2699,88.68
46095,705,3094,101.68
46095,709,2394,78.68
46095,1616,2241,73.68
46095,1701,1817,59.68
46095,1817,2060,67.68
39113,304,1876,61.68
39113,424,2182,71.68
39113,1105,1238,40.68
39113,1898,1238,40.68
65844,1701,1391,45.68
65844,1704,1360,44.68
65844,1798,1115,36.68
61731,504,7235,237.68
61731,1601,2760,90.68
61731,1802,2821,92.68
61731,1810,4313,141.68
78763,202,2791,91.68
78763,424,2425,79.68
78763,426,2425,79.68
78763,1898,1146,37.68
103326,406,568,18.68
103326,1605,1299,42.68
103326,1627,994,32.68
76986,411,2090,68.68
76986,426,2151,70.68
76986,1198,2241,73.68
76986,1605,2363,77.68
6228,1703,1664,54.68
26663,206,1177,38.68
26663,1113,1207,39.68
26663,1813,3671,120.68
26663,1816,1207,39.68
98909,107,1086,35.68
98909,1113,660,21.68
98909,1617,660,21.68
98909,1812,1542,50.68
93238,1634,933,30.68
1237,102,1115,36.68
1237,104,3064,100.68
1237,198,1115,36.68
1237,407,1238,40.68
1237,424,1238,40.68
1237,426,4160,136.68
1237,428,1360,44.68
1237,432,3429,112.68
1237,504,1207,39.68
1237,519,1146,37.68
1237,911,1391,45.68
1237,914,1603,52.68
1237,1111,3337,109.68
1237,1198,1664,54.68
1237,1210,3337,109.68
1237,1312,3217,105.68
1237,1616,5285,173.68
1237,1698,3337,109.68
1237,1701,4890,160.68
1237,1801,4190,137.68
65162,1701,1330,43.68
28545,305,2241,73.68
28545,1619,1664,54.68
80211,102,1207,39.68
80211,116,2882,94.68
80211,304,5621,184.68
80211,306,2241,73.68
80211,908,811,26.68
80211,1015,5925,194.68
80211,1898,2121,69.68
83019,504,3094,101.68
83019,306,2151,70.68
83019,411,3094,101.68
83019,423,2607,85.68
83019,426,2607,85.68
83019,428,1177,38.68
83019,498,1177,38.68
83019,504,3094,101.68
83019,712,2547,83.68
83019,1614,1207,39.68
83019,1617,2638,86.68
83019,1627,1207,39.68
83019,1798,2516,82.68
54477,426,1299,42.68
54477,432,1025,33.68
54477,708,1299,42.68
54477,712,1299,42.68
54477,1605,1086,35.68
54477,1617,1268,41.68
66038,304,1633,53.68
66038,305,1633,53.68
66038,307,1633,53.68
6109,304,1207,39.68
71848,102,1177,38.68
71848,1113,1115,36.68
93800,1812,3490,114.68
1480,705,1055,34.68
1480,1634,3033,99.68
1480,1640,3033,99.68
75372,1617,1633,53.68
15870,1703,1299,42.68
15870,1812,2333,76.68
82861,915,3763,123.68
82861,1198,3947,129.68
82861,1312,1055,34.68
82861,1637,933,30.68
84693,304,1146,37.68
84693,306,1146,37.68
84693,405,1055,34.68
84693,712,2182,71.68
84693,1801,2668,87.68
90945,412,2486,81.68
93648,1812,1360,44.68
29807,1640,2821,92.68
83335,306,902,29.68
83335,1898,902,29.68
10356,432,1572,51.68
10356,1609,2668,87.68
10356,1617,2668,87.68
10356,1622,2668,87.68
10356,1627,1603,52.68
10356,1812,2455,80.68
32108,304,933,30.68
32108,1801,2090,68.68
32108,1805,2516,82.68
47162,103,2486,81.68
47162,202,933,30.68
47162,304,4678,153.68
47162,307,4678,153.68
47162,423,5774,189.68
47162,428,5043,165.68
47162,504,2029,66.68
47162,598,1968,64.68
47162,605,1572,51.68
47162,1118,2151,70.68
47162,1215,4494,147.68
47162,1312,6534,214.68
63141,108,1664,54.68
63141,298,1725,56.68
63141,1640,2151,70.68
54746,916,1115,36.68
100424,202,902,29.68
100424,205,721,23.68
100424,304,721,23.68
100424,305,721,23.68
100424,504,721,23.68
100424,714,902,29.68
100424,1113,721,23.68
100424,1601,721,23.68
100424,1701,811,26.68
79190,107,4374,143.68
79190,305,1086,35.68
79190,510,2699,88.68
79190,1802,2821,92.68
23187,998,1664,54.68
23187,498,1207,39.68
51717,202,4617,151.68
93831,405,749,24.68
93831,1805,902,29.68
70192,198,964,31.68
70192,498,1421,46.68
70192,1627,4252,139.68
83554,108,1055,34.68
181,1617,1480,48.68
90482,198,690,22.68
90482,304,660,21.68
90482,414,3551,116.68
90482,998,4890,160.68
90482,1498,629,20.68
90482,1617,2791,91.68
90482,1637,1268,41.68
90482,1704,4374,143.68
90482,1809,5163,169.68
71469,498,902,29.68
71469,604,2425,79.68
71469,1630,2760,90.68
71469,1801,2151,70.68
65498,202,933,30.68
65498,426,1330,43.68
65498,1110,1480,48.68
65498,1701,1452,47.68
99634,206,1299,42.68
99634,404,1299,42.68
99634,412,1086,35.68
99634,512,811,26.68
99634,519,811,26.68
76782,111,3064,100.68
76782,705,2272,74.68
76782,1898,994,32.68
64829,1109,1786,58.68
97667,430,933,30.68
67650,1704,1025,33.68
33649,307,872,28.68
33649,1605,872,28.68
81493,306,1998,65.68
81493,406,2821,92.68
81493,426,2821,92.68
81493,1634,3612,118.68
81493,1798,2821,92.68
13844,415,3217,105.68
13844,1617,2821,92.68
13844,1801,1330,43.68
86872,1898,1086,35.68
61736,1704,1998,65.68
12456,101,1452,47.68
61199,104,3247,106.68
61199,202,2852,93.68
61199,205,2852,93.68
61199,304,3278,107.68
61199,305,3278,107.68
61199,709,1452,47.68
61199,1808,5469,179.68
81197,1198,994,32.68
6330,415,1238,40.68
6330,1701,1115,36.68
90543,305,1786,58.68
90543,306,1786,58.68
90543,313,3643,119.68
102728,304,749,24.68
102728,306,749,24.68
102728,310,749,24.68
102728,1113,660,21.68
102728,1627,749,24.68
60144,915,1055,34.68
60144,1605,2121,69.68
42671,306,2090,68.68
42671,608,1756,57.68
42671,1111,2576,84.68
42671,1113,3278,107.68
42671,1210,2576,84.68
42671,1211,1664,54.68
42671,1312,2882,94.68
42671,1605,2547,83.68
42671,1802,3855,126.68
42671,1898,2576,84.68
5561,304,3671,120.68
5561,498,2151,70.68
5561,705,3582,117.68
5561,1813,2425,79.68
38921,602,3551,116.68
43681,108,994,32.68
43681,1817,1086,35.68
88403,712,2972,97.68
88403,1605,2060,67.68
88403,1813,994,32.68
41109,306,3064,100.68
41109,719,2241,73.68
41109,1110,3582,117.68
41109,1312,3368,110.68
41109,1801,1786,58.68
90802,108,994,32.68
90802,404,933,30.68
90802,423,933,30.68
90802,610,1115,36.68
90802,1617,1146,37.68
79044,202,1207,39.68
79044,415,1391,45.68
79044,1619,1360,44.68
98747,202,721,23.68
98747,412,2241,73.68
9851,312,1025,33.68
9851,1614,1025,33.68
9851,1627,1025,33.68
9851,1802,3643,119.68
44616,1801,872,28.68
1672,305,2607,85.68
57684,304,1572,51.68
57684,705,1207,39.68
57684,809,2210,72.68
57684,1898,4647,152.68
65008,304,1268,41.68
11050,120,1115,36.68
11050,205,1115,36.68
11050,305,964,31.68
11050,1803,1756,57.68
11050,1809,1756,57.68
96559,202,4313,141.68
96559,304,1055,34.68
96559,407,3064,100.68
96559,1113,2210,72.68
103555,608,599,19.68
103555,915,4252,139.68
103555,1211,599,19.68
18983,423,933,30.68
18983,1801,902,29.68
33514,306,1238,40.68
33514,424,1086,35.68
33514,426,1086,35.68
33514,803,1115,36.68
33514,1110,4678,153.68
33514,1817,1664,54.68
83159,304,1572,51.68
83159,432,2210,72.68
83159,504,537,17.68
83159,707,1756,57.68
83159,898,568,18.68
83159,1198,2852,93.68
83159,1812,3156,103.68
9449,1801,902,29.68
30651,1617,1238,40.68
30651,1634,1207,39.68
8286,116,3156,103.68
8286,201,1268,41.68
8286,304,3886,127.68
8286,714,3763,123.68
8286,1898,3947,129.68
63324,1216,1086,35.68
63324,1619,1817,59.68
97178,108,964,31.68
97178,1617,1421,46.68
6343,916,2363,77.68
6343,1617,2486,81.68
6343,1703,902,29.68
84248,1817,994,32.68
87377,202,1725,56.68
87377,298,1725,56.68
87377,1898,1330,43.68
67041,1117,1695,55.68
43074,101,1452,47.68
43074,102,1876,61.68
43074,514,2455,80.68
43074,908,2425,79.68
43074,911,2425,79.68
43074,1118,4798,157.68
50691,610,1391,45.68
50691,1118,1391,45.68
20840,102,2151,70.68
20840,111,6624,217.68
20840,504,2516,82.68
20840,513,2516,82.68
20840,514,2516,82.68
63079,202,1025,33.68
51174,1698,3643,119.68
63328,305,1725,56.68
63328,1105,2090,68.68
63328,1108,2821,92.68
93747,798,811,26.68
18052,415,964,31.68
18052,1113,1876,61.68
48051,1701,1876,61.68
25643,102,1695,55.68
25643,119,5804,190.68
25643,205,1695,55.68
25643,426,6808,223.68
25643,809,1177,38.68
25643,1112,841,27.68
25643,1113,1268,41.68
89181,198,872,28.68
89181,430,2607,85.68
89181,432,1391,45.68
89181,1805,2852,93.68
89816,202,872,28.68
89816,304,1115,36.68
89816,305,1360,44.68
25084,1617,3278,107.68
68484,304,1876,61.68
68484,305,1177,38.68
68484,504,4464,146.68
68484,1117,4464,146.68
68484,1805,2333,76.68
99565,712,660,21.68
32764,705,1055,34.68
32764,709,1572,51.68
32764,1609,2333,76.68
24284,304,1268,41.68
24284,908,1268,41.68
24284,1615,3186,104.68
24284,1801,2760,90.68
24284,1812,2516,82.68
56791,426,1756,57.68
56791,1617,1937,63.68
56791,1801,1786,58.68
56791,1813,2029,66.68
72655,304,1115,36.68
12447,1113,1817,59.68
12447,1812,3217,105.68
91153,304,964,31.68
91153,1312,3702,121.68
91153,1701,4099,134.68
26678,305,2516,82.68
26678,306,2516,82.68
7223,713,1603,52.68
94246,102,1876,61.68
94246,304,1876,61.68
94246,1111,3977,130.68
94005,1114,994,32.68
88105,305,994,32.68
88105,504,2699,88.68
88105,709,994,32.68
88105,714,1452,47.68
20970,304,872,28.68
20970,305,872,28.68
20970,426,1391,45.68
20970,602,1391,45.68
20970,798,1268,41.68
78964,304,2333,76.68
91866,1640,1391,45.68
62241,202,902,29.68
62241,719,2182,71.68
62241,915,1238,40.68
76929,112,1360,44.68
76929,426,1025,33.68
76929,1110,1299,42.68
76929,1607,1299,42.68
33701,108,933,30.68
7571,713,1146,37.68
7571,1630,5073,166.68
3826,201,1725,56.68
3826,304,4708,154.68
3826,305,4708,154.68
3826,407,1725,56.68
3826,428,1421,46.68
3826,504,1238,40.68
3826,519,1238,40.68
3826,604,1299,42.68
3826,605,1299,42.68
3826,1305,2363,77.68
3826,1898,6047,198.68
52623,310,4982,163.68
52623,1622,5438,178.68
52356,305,2241,73.68
52356,916,1876,61.68
52356,1616,1452,47.68
52356,1627,1998,65.68
52356,1801,1876,61.68
68756,412,1025,33.68
68756,426,1025,33.68
68756,1105,2333,76.68
68756,1801,3094,101.68
68756,1809,1664,54.68
87582,713,841,27.68
86639,108,841,27.68
86639,203,5408,177.68
86639,205,1177,38.68
86639,304,5408,177.68
86639,305,2363,77.68
86639,411,5408,177.68
86639,424,4982,163.68
86639,709,3886,127.68
86639,715,2060,67.68
86639,914,1177,38.68
86639,915,1177,38.68
86639,1298,1146,37.68
86639,1817,1421,46.68
72833,305,994,32.68
80019,304,2576,84.68
80019,306,1055,34.68
80019,1637,2941,96.68
80019,1817,1391,45.68
33618,712,1086,35.68
33618,1601,902,29.68
79091,116,1876,61.68
79091,202,2607,85.68
79091,205,1845,60.68
79091,298,872,28.68
79091,1106,2941,96.68
79091,1111,1146,37.68
79091,1113,2210,72.68
79091,1216,1025,33.68
79091,1802,12044,395.68
79091,1810,2029,66.68
79091,1898,1845,60.68
93349,705,933,30.68
93349,1634,1238,40.68
37703,1013,1086,35.68
37703,1622,2516,82.68
37703,1898,2394,78.68
1749,116,2941,96.68
1749,201,1511,49.68
1749,304,1725,56.68
1749,305,2455,80.68
1749,306,1115,36.68
1749,424,6108,200.68
1749,713,1115,36.68
1749,803,3278,107.68
1749,916,3612,118.68
1749,1117,6108,200.68
1749,1119,2455,80.68
1749,1605,5012,164.68
1749,1704,2821,92.68
1749,1801,6504,213.68
1749,1817,3643,119.68
88224,707,1876,61.68
68242,406,2029,66.68
68242,408,2241,73.68
68242,412,2182,71.68
68242,415,2182,71.68
68242,425,2182,71.68
68242,428,2182,71.68
83510,423,3612,118.68
83510,1307,994,32.68
83510,1701,3824,125.68
83510,1898,3886,127.68
19903,304,1207,39.68
63904,430,2363,77.68
63904,1605,1086,35.68
63904,1609,902,29.68
63904,1623,1268,41.68
63904,1801,994,32.68
59541,304,872,28.68
59541,408,1146,37.68
59541,1817,1055,34.68
20579,1704,1025,33.68
27727,202,2151,70.68
27727,705,1998,65.68
27727,710,2151,70.68
27727,998,2151,70.68
27727,1015,1603,52.68
27727,1701,1177,38.68
70169,916,1633,53.68
70169,1704,3886,127.68
95058,898,1907,62.68
95058,1638,1907,62.68
60439,306,2607,85.68
60439,1117,4798,157.68
91534,202,841,27.68
91534,423,811,26.68
91534,714,841,27.68
91534,1801,2699,88.68
83271,109,933,30.68
83271,1801,3702,121.68
83271,1816,3702,121.68
22643,1701,1086,35.68
1021,610,841,27.68
1021,713,1817,59.68
60444,423,1330,43.68
60444,432,1330,43.68
60444,1312,1421,46.68
76444,108,4586,150.68
76444,110,2607,85.68
76444,202,1998,65.68
76444,306,2151,70.68
76444,425,4739,155.68
76444,426,902,29.68
76444,519,1299,42.68
76444,1298,1299,42.68
76444,1605,4708,154.68
76444,1609,4708,154.68
76444,1626,2394,78.68
76444,1708,4617,151.68
76444,1803,2394,78.68
30499,1617,3278,107.68
96965,705,1330,43.68
96965,1622,2060,67.68
96965,1701,780,25.68
89574,103,841,27.68
89574,1813,1786,58.68
49119,1117,1542,50.68
28163,1198,2029,66.68
28163,1117,2029,66.68
28163,1605,1452,47.68
95575,1801,1664,54.68
2862,1113,2668,87.68
2862,1798,3763,123.68
84895,415,1146,37.68
58506,198,4129,135.68
58506,404,1756,57.68
58506,428,2090,68.68
58506,1198,2090,68.68
54973,1605,1391,45.68
54973,1617,1452,47.68
54973,1801,1055,34.68
57087,1105,1025,33.68
57087,1215,3337,109.68
57087,1312,3337,109.68
56111,1801,902,29.68
54218,916,1725,56.68
54218,1798,2607,85.68
54218,1898,1268,41.68
55320,915,1299,42.68
55320,916,841,27.68
55320,1105,1756,57.68
55320,1810,5043,165.68
44943,305,1146,37.68
44943,309,1115,36.68
44943,804,3368,110.68
44943,809,1360,44.68
44943,1801,3521,115.68
84037,426,3247,106.68
94952,398,2791,91.68
94952,510,780,25.68
94952,511,780,25.68
94952,1014,872,28.68
94952,1217,1360,44.68
94952,1705,780,25.68
713,406,1421,46.68
72649,406,2425,79.68
72649,426,1756,57.68
72649,1627,2455,80.68
28221,102,1633,53.68
28221,205,1633,53.68
28221,504,1998,65.68
28221,1898,1998,65.68
95547,102,1146,37.68
95547,304,2791,91.68
95547,1113,964,31.68
95547,1801,2791,91.68
95547,1812,3125,102.68
95547,1817,3186,104.68
76022,412,1817,59.68
34711,198,2760,90.68
34711,430,2699,88.68
34711,1801,1725,56.68
68701,705,1238,40.68
68701,1105,2852,93.68
68701,1117,2852,93.68
68701,1614,1421,46.68
68701,1622,3217,105.68
85058,1113,1360,44.68
85058,1614,2576,84.68
52515,498,5316,174.68
52515,1112,1633,53.68
52515,1113,1633,53.68
1605,426,2455,80.68
1605,911,872,28.68
1605,1605,2547,83.68
1605,1805,872,28.68
5926,1637,1115,36.68
32580,311,1330,43.68
32580,1607,1025,33.68
32580,1617,1330,43.68
39929,304,4190,137.68
39929,1113,1086,35.68
39929,1614,3429,112.68
39929,1813,3094,101.68
58242,304,1146,37.68
58242,519,3064,100.68
58242,1112,1511,49.68
58242,1698,4920,161.68
58242,1801,3977,130.68
58242,1812,1146,37.68
58242,1898,1725,56.68
5050,1614,1756,57.68
5050,1701,1177,38.68
78768,518,964,31.68
78768,1801,1817,59.68
98851,398,841,27.68
98851,1801,2333,76.68
98851,1807,1207,39.68
98851,1812,1238,40.68
58059,428,1146,37.68
58059,1801,2363,77.68
89675,305,994,32.68
89675,1801,4068,133.68
89675,1817,3156,103.68
88808,512,1268,41.68
88808,1011,1207,39.68
88808,1113,1268,41.68
48817,305,964,31.68
48817,1637,1299,42.68
56698,304,994,32.68
56698,1627,3490,114.68
33129,1605,1207,39.68
20931,1605,1998,65.68
20931,1710,1238,40.68
72712,705,2151,70.68
72712,713,2516,82.68
72712,1605,2516,82.68
72712,1701,1542,50.68
72712,1817,2455,80.68
95424,304,902,29.68
92983,102,1207,39.68
92983,201,1542,50.68
92983,423,6200,203.68
92983,705,811,26.68
92983,1113,1876,61.68
92983,1630,6443,211.68
92983,1805,6290,206.68
78082,102,1146,37.68
78082,202,1452,47.68
78082,411,1238,40.68
78082,426,1025,33.68
78082,1106,1207,39.68
78082,1112,1207,39.68
78082,1798,1238,40.68
78082,1817,964,31.68
56578,298,3582,117.68
56578,428,1421,46.68
56578,713,1421,46.68
56578,1105,1207,39.68
72523,1617,2333,76.68
49963,610,1695,55.68
49963,1605,1695,55.68
49963,1998,2486,81.68
68946,304,2882,94.68
68946,305,2882,94.68
68946,411,872,28.68
68946,708,994,32.68
68946,908,1391,45.68
68946,1304,1330,43.68
68946,1903,2882,94.68
13542,109,1238,40.68
13542,305,1299,42.68
13542,1701,964,31.68
13542,1703,964,31.68
74922,1626,2394,78.68
50385,304,1480,48.68
50385,306,1876,61.68
50385,408,2852,93.68
50385,411,2455,80.68
50385,414,2821,92.68
50385,504,1845,60.68
50385,512,1845,60.68
50385,1305,1845,60.68
67330,1198,1603,52.68
67330,304,2699,88.68
67330,1117,1603,52.68
12201,1614,933,30.68
12201,1705,1845,60.68
94245,203,1055,34.68
94245,206,1907,62.68
94245,304,1876,61.68
94245,405,1786,58.68
94245,408,1025,33.68
94245,1605,1876,61.68
40291,426,2547,83.68
40291,432,2486,81.68
40291,1627,2029,66.68
40291,1701,1421,46.68
40291,1817,933,30.68
729,428,902,29.68
729,914,1633,53.68
729,1605,1937,63.68
16169,202,3125,102.68
16169,408,3125,102.68
16169,412,3125,102.68
16169,1617,4099,134.68
16169,1698,3551,116.68
16169,1812,3521,115.68
63953,102,1421,46.68
63953,305,1786,58.68
63953,914,1572,51.68
24363,202,2791,91.68
24363,1105,1238,40.68
24363,1898,1238,40.68
25125,1112,1968,64.68
25125,1601,1845,60.68
71227,198,1937,63.68
71227,411,1603,52.68
71227,423,1937,63.68
71227,1601,1115,36.68
71227,1619,3671,120.68
75179,1312,2272,74.68
79432,304,1268,41.68
79432,305,1268,41.68
79432,426,4525,148.68
79432,1312,872,28.68
79432,1626,994,32.68
79432,1898,2029,66.68
26517,498,1086,35.68
26517,1617,1511,49.68
64071,1215,3671,120.68
64071,1709,3247,106.68
64071,1801,4767,156.68
23426,102,1633,53.68
23426,201,1177,38.68
23426,304,2760,90.68
23426,698,902,29.68
23426,1112,1756,57.68
23426,1698,3824,125.68
64658,1113,1146,37.68
81378,202,964,31.68
81378,1108,2363,77.68
81378,1114,2363,77.68
81378,1117,2363,77.68
52500,202,4374,143.68
52500,714,3156,103.68
78302,1801,964,31.68
43298,1609,1572,51.68
43298,1616,1572,51.68
63205,428,1025,33.68
63205,1810,3429,112.68
79068,1801,2090,68.68
26382,304,902,29.68
26382,428,2791,91.68
26382,1616,3977,130.68
93904,1198,749,24.68
93904,1704,3429,112.68
57282,298,3398,111.68
57282,304,3398,111.68
57282,305,2791,91.68
57282,405,3398,111.68
57282,407,3398,111.68
57282,415,3398,111.68
57282,426,3398,111.68
57282,798,3337,109.68
34592,102,1845,60.68
34592,206,1391,45.68
34592,1110,994,32.68
34592,1113,994,32.68
34592,1312,1330,43.68
34592,1703,2425,79.68
7165,202,3156,103.68
44085,102,5347,175.68
44085,198,5347,175.68
44085,405,3368,110.68
44085,407,1360,44.68
44085,898,2972,97.68
44085,911,1421,46.68
44085,1701,4982,163.68
85094,305,2029,66.68
85094,410,4586,150.68
87864,1617,2607,85.68
87864,1817,1207,39.68
87864,1998,1207,39.68
62262,104,1330,43.68
62262,304,1330,43.68
62262,498,1330,43.68
57466,1810,2455,80.68
6430,408,3247,106.68
6430,1637,2029,66.68
3544,408,964,31.68
85717,1198,1603,52.68
85717,1802,2576,84.68
85717,1809,2821,92.68
85717,1817,1876,61.68
73800,1634,1603,52.68
14274,424,3247,106.68
14274,714,2333,76.68
14274,914,4282,140.68
14274,1113,3671,120.68
14274,1203,1025,33.68
83943,304,749,24.68
15603,202,3977,130.68
15603,408,3977,130.68
15603,1105,1025,33.68
15603,1113,1025,33.68
73708,116,994,32.68
73708,202,1664,54.68
73708,205,872,28.68
73708,405,1664,54.68
73708,406,1664,54.68
73708,412,902,29.68
73708,602,872,28.68
73708,1898,1238,40.68
10789,414,1330,43.68
13235,1110,4494,147.68
13235,1117,4494,147.68
13235,1619,2455,80.68
92459,202,4920,161.68
92459,412,4920,161.68
92459,426,4920,161.68
92459,430,5651,185.68
92459,713,5529,181.68
92459,1701,5408,177.68
92459,1703,5651,185.68
92459,1709,902,29.68
92459,1811,5408,177.68
92459,1812,4494,147.68
9832,205,994,32.68
9832,512,1845,60.68
9832,605,994,32.68
9832,998,1907,62.68
12751,406,994,32.68
12751,432,1786,58.68
12751,798,1876,61.68
12751,1116,1725,56.68
36131,1113,1146,37.68
36131,1119,1876,61.68
36131,1312,2668,87.68
36131,1617,3886,127.68
26815,412,3582,117.68
26815,426,3582,117.68
74868,102,964,31.68
74868,208,2241,73.68
74868,304,2060,67.68
74868,305,2060,67.68
74868,498,2060,67.68
74868,605,1907,62.68
74868,798,1695,55.68
74868,1098,1998,65.68
75346,304,2972,97.68
75346,306,2972,97.68
75346,705,3916,128.68
75346,809,4282,140.68
75346,908,1055,34.68
75346,1106,4037,132.68
75346,1113,4037,132.68
75346,1898,1086,35.68
1891,432,2821,92.68
1891,1105,3337,109.68
1891,1106,1086,35.68
1891,1108,1086,35.68
1891,1113,1086,35.68
1891,1617,3794,124.68
1891,1898,3337,109.68
5209,298,1391,45.68
5209,1617,1207,39.68
5223,101,964,31.68
5223,714,2121,69.68
5223,1298,2852,93.68
12046,1598,3064,100.68
12046,110,3064,100.68
12046,408,2729,89.68
12046,423,1633,53.68
12046,1701,1115,36.68
37922,201,1756,57.68
37922,202,964,31.68
37922,426,5408,177.68
37922,428,2486,81.68
37922,915,1391,45.68
37922,1210,2699,88.68
35858,1108,690,22.68
35858,1801,2272,74.68
91048,305,1115,36.68
91048,1110,964,31.68
91048,1113,964,31.68
91048,1701,1542,50.68
91048,1801,1055,34.68
16629,306,4374,143.68
16629,504,3064,100.68
16629,1812,4190,137.68
16629,1815,3064,100.68
4919,202,1207,39.68
4919,712,2668,87.68
4919,719,2668,87.68
3816,916,1391,45.68
80366,398,2090,68.68
80366,410,2241,73.68
80366,1605,3033,99.68
80366,1706,1633,53.68
65651,304,1299,42.68
46915,116,1299,42.68
46915,406,2760,90.68
46915,410,2760,90.68
13318,1118,1268,41.68
13318,1810,4920,161.68
23535,1102,1299,42.68
23535,202,1086,35.68
23535,405,964,31.68
23535,498,964,31.68
23535,1117,1086,35.68
57809,304,964,31.68
95110,306,1725,56.68
95110,714,2729,89.68
13268,1110,1968,64.68
13268,1111,1968,64.68
68267,108,1115,36.68
68267,412,1756,57.68
68267,714,1421,46.68
68267,1605,1695,55.68
18240,1108,8420,276.68
20810,112,1511,49.68
20810,1616,1391,45.68
88655,1803,1756,57.68
18535,109,811,26.68
42351,1617,2363,77.68
42351,1812,902,29.68
68195,304,1086,35.68
68195,405,2363,77.68
68195,426,2363,77.68
68195,504,1025,33.68
68195,911,1452,47.68
68195,1801,1330,43.68
92835,1630,3521,115.68
86750,102,841,27.68
86750,304,3643,119.68
86750,1215,3612,118.68
13242,998,1391,45.68
13242,112,1360,44.68
13242,909,1391,45.68
13242,911,1391,45.68
13242,915,1025,33.68
13242,916,1542,50.68
13242,1634,1633,53.68
13242,1804,1633,53.68
19246,406,1817,59.68
19246,426,1817,59.68
19246,719,2060,67.68
19246,916,1603,52.68
19246,1111,1421,46.68
19246,1113,994,32.68
19246,1703,3886,127.68
42171,998,1360,44.68
42171,1617,1421,46.68
42171,1798,1360,44.68
60511,307,964,31.68
54080,202,1817,59.68
54080,1614,994,32.68
76388,202,964,31.68
76388,305,2852,93.68
76388,426,3855,126.68
76388,914,1756,57.68
76388,1111,4555,149.68
76388,1802,1268,41.68
90417,102,1268,41.68
90417,201,1146,37.68
90417,305,3125,102.68
90417,504,1268,41.68
90417,1801,2455,80.68
99559,426,2394,78.68
99559,1614,933,30.68
99559,1619,2760,90.68
99559,1701,1115,36.68
99559,1802,629,20.68
50181,1637,1725,56.68
5537,1110,1876,61.68
5537,1801,2060,67.68
27040,715,1238,40.68
27040,1812,1360,44.68
41187,426,841,27.68
54608,498,1268,41.68
87459,112,2121,69.68
87459,405,2121,69.68
87459,915,1876,61.68
87459,1701,1937,63.68
88761,1701,902,29.68
95036,1605,1542,50.68
95036,1805,2210,72.68
91495,1634,2760,90.68
94020,598,2121,69.68
94020,1898,1025,33.68
99020,1701,1725,56.68
99020,1812,2455,80.68
55755,304,902,29.68
55755,305,902,29.68
68178,305,1725,56.68
68178,1801,2486,81.68
17705,1106,4037,132.68
17705,1810,4798,157.68
38063,202,1146,37.68
49473,1198,1542,50.68
49473,1110,1542,50.68
49473,1622,1330,43.68
43057,306,902,29.68
43057,798,1603,52.68
43057,1619,2302,75.68
31176,305,1603,52.68
31176,915,1115,36.68
31176,1605,1572,51.68
33049,305,2210,72.68
57142,304,568,18.68
57142,605,507,16.68
57142,713,4555,149.68
57142,1801,2363,77.68
95996,426,994,32.68
95996,1898,841,27.68
82028,306,1452,47.68
82028,1617,5012,164.68
82028,1701,4099,134.68
58984,1198,933,30.68
58984,1701,933,30.68
58984,1817,964,31.68
7713,511,1633,53.68
7713,512,902,29.68
82069,202,1664,54.68
82069,406,1633,53.68
82069,414,1633,53.68
82069,426,1633,53.68
82069,1701,1115,36.68
24122,304,1480,48.68
24122,305,1480,48.68
24122,1622,1480,48.68
96439,1898,4190,137.68
88882,1117,2576,84.68
88882,1298,1360,44.68
12617,110,2882,94.68
12617,304,4433,145.68
12617,1898,2699,88.68
87121,115,1937,63.68
87121,426,1268,41.68
87121,798,2394,78.68
87121,1898,1695,55.68
51020,104,2972,97.68
51020,109,2972,97.68
51020,305,3702,121.68
90389,201,6504,213.68
90389,1708,5408,177.68
90849,108,1055,34.68
51876,1898,1025,33.68
12106,203,1845,60.68
12106,426,1664,54.68
12106,1605,1937,63.68
12106,1703,1421,46.68
78767,1607,872,28.68
54333,203,964,31.68
83515,705,1360,44.68
83515,1105,1086,35.68
83515,1898,1086,35.68
55048,202,872,28.68
60014,398,1817,59.68
60014,1617,1876,61.68
21018,714,1391,45.68
21018,798,1207,39.68
21018,916,2029,66.68
22110,1617,3763,123.68
22110,1801,1907,62.68
22110,1816,3156,103.68
51819,304,872,28.68
58704,1627,1725,56.68
85544,709,902,29.68
64909,498,964,31.68
64909,1798,2516,82.68
64909,1898,1907,62.68
93183,306,1664,54.68
93183,432,3733,122.68
93183,1117,3064,100.68
45057,1801,2547,83.68
56080,102,3156,103.68
56080,304,1786,58.68
56080,305,1786,58.68
56080,306,3521,115.68
56080,405,3794,124.68
56080,407,3794,124.68
56080,411,3855,126.68
56080,504,1603,52.68
56080,915,2272,74.68
56080,916,1238,40.68
56080,1110,3064,100.68
56080,1112,3064,100.68
56080,1113,3064,100.68
56080,1801,3521,115.68
86837,1013,2516,82.68
61780,1637,2425,79.68
16674,401,2241,73.68
16674,306,1115,36.68
16674,1105,1633,53.68
16674,1617,2060,67.68
12818,504,1421,46.68
12818,1111,3612,118.68
12818,1619,5804,190.68
67126,915,1725,56.68
67126,1705,933,30.68
74206,498,902,29.68
74206,798,1664,54.68
74206,1637,1695,55.68
11859,423,2210,72.68
11859,608,964,31.68
11859,1110,1511,49.68
11859,1211,964,31.68
11859,1215,4678,153.68
99738,304,690,22.68
83039,305,1756,57.68
83039,428,1542,50.68
83039,504,872,28.68
29107,423,2547,83.68
29107,426,2547,83.68
29107,916,1115,36.68
65138,1216,933,30.68
34935,1640,3977,130.68
49925,405,2699,88.68
49925,428,3094,101.68
93167,1017,749,24.68
93167,1612,841,27.68
93167,1617,780,25.68
55280,304,1207,39.68
70504,101,1025,33.68
82697,407,1633,53.68
82697,414,1055,34.68
82697,428,994,32.68
82697,798,1603,52.68
935,428,964,31.68
935,705,1146,37.68
935,1011,2455,80.68
935,1614,1572,51.68
27566,915,4586,150.68
27566,916,4586,150.68
27566,1112,4402,144.68
27566,1113,1786,58.68
70668,108,1025,33.68
70668,426,1330,43.68
70668,712,1330,43.68
70668,1605,1480,48.68
2043,1627,1603,52.68
34268,304,964,31.68
26429,426,2486,81.68
26429,1801,2760,90.68
21164,412,1207,39.68
21164,712,1207,39.68
21164,1812,1725,56.68
101188,710,599,19.68
40561,304,2121,69.68
40561,1118,1391,45.68
40561,1627,2668,87.68
40561,1637,1695,55.68
74097,998,2913,95.68
74097,426,2607,85.68
74097,705,2516,82.68
72112,102,1695,55.68
72112,304,964,31.68
72112,305,964,31.68
72112,514,964,31.68
72112,606,6047,198.68
72112,898,1330,43.68
72112,908,964,31.68
72112,1113,1695,55.68
72112,1708,6381,209.68
21604,305,1146,37.68
21604,306,1146,37.68
21604,498,2394,78.68
21604,504,1268,41.68
21604,1105,2363,77.68
21604,1805,1572,51.68
21604,1810,1572,51.68
21604,1898,2394,78.68
38589,104,1876,61.68
38589,202,1725,56.68
38589,407,1725,56.68
38589,504,507,16.68
87828,304,1299,42.68
87828,305,1299,42.68
87828,605,841,27.68
87828,610,841,27.68
87828,914,2791,91.68
87828,1017,5163,169.68
87828,1617,902,29.68
87828,1622,872,28.68
4602,504,4008,131.68
4602,1801,1633,53.68
81085,304,1480,48.68
81085,305,1480,48.68
81085,313,4767,156.68
81085,708,2791,91.68
81085,914,1664,54.68
81085,1704,4221,138.68
67308,1198,3702,121.68
67308,304,1360,44.68
67308,305,1360,44.68
67308,407,1725,56.68
67308,1117,3702,121.68
35093,203,994,32.68
100282,304,811,26.68
100282,916,599,19.68
5971,202,2090,68.68
5971,406,2516,82.68
5971,1113,2090,68.68
5971,1605,2547,83.68
5971,1817,933,30.68
49234,202,1421,46.68
49234,423,902,29.68
49234,1007,4008,131.68
49234,1014,1664,54.68
49234,1622,1421,46.68
43855,1804,1360,44.68
43855,1898,1511,49.68
34218,1813,1177,38.68
72439,306,1633,53.68
72439,1098,2425,79.68
72439,1705,2182,71.68
19801,409,1391,45.68
19801,1312,2121,69.68
19801,1801,1695,55.68
19801,1902,1391,45.68
57554,102,1572,51.68
57554,305,1177,38.68
57554,1307,1421,46.68
57554,1816,5986,196.68
57554,1898,6228,204.68
89026,306,1603,52.68
89026,705,1817,59.68
89026,1617,2821,92.68
89026,1898,1603,52.68
10553,198,1115,36.68
10553,304,1146,37.68
10553,306,1146,37.68
10553,311,4708,154.68
10553,405,994,32.68
10553,910,1115,36.68
10553,914,1664,54.68
10553,1305,1115,36.68
97375,407,1086,35.68
97375,423,964,31.68
97375,426,964,31.68
97375,798,1268,41.68
97375,998,749,24.68
97375,1617,1299,42.68
90929,304,1055,34.68
22299,305,1452,47.68
45444,510,1968,64.68
45444,1198,2333,76.68
73978,916,1330,43.68
67763,1605,1817,59.68
67763,1616,1907,62.68
80699,304,1086,35.68
80699,306,1086,35.68
80699,1630,3186,104.68
80699,1701,2852,93.68
88717,1701,1177,38.68
91429,102,1664,54.68
91429,205,1115,36.68
91429,1617,4525,148.68
91429,1634,4525,148.68
91429,1817,1146,37.68
57192,1198,1633,53.68
28238,198,1299,42.68
28238,202,4068,133.68
28238,205,1511,49.68
28238,206,4068,133.68
28238,1105,2821,92.68
28238,1312,2821,92.68
28238,1803,2455,80.68
28238,1817,811,26.68
28238,1898,2821,92.68
59534,916,780,25.68
64282,432,2760,90.68
64282,498,2363,77.68
64282,998,964,31.68
64282,1615,6381,209.68
64282,1801,6412,210.68
64282,1803,4525,148.68
65849,313,3003,98.68
65849,412,1238,40.68
65849,426,1238,40.68
65849,504,933,30.68
43583,102,1845,60.68
43583,305,2029,66.68
43583,498,902,29.68
43583,504,902,29.68
43583,713,3643,119.68
43583,809,2363,77.68
43583,1106,2547,83.68
43583,1113,1480,48.68
43583,1801,4282,140.68
56608,304,1055,34.68
56608,1617,2090,68.68
45464,412,2607,85.68
49528,304,3125,102.68
49528,305,3125,102.68
49528,307,3125,102.68
49528,407,1177,38.68
49528,504,3125,102.68
49528,916,3003,98.68
85331,304,2182,71.68
8420,1215,4678,153.68
8420,1216,3824,125.68
36170,203,1207,39.68
36170,1605,2729,89.68
36170,1616,1817,59.68
36170,1798,2272,74.68
83578,423,2151,70.68
24510,1113,1360,44.68
24510,1804,2821,92.68
24510,1812,2486,81.68
24095,304,964,31.68
24095,305,964,31.68
24095,309,964,31.68
24095,428,841,27.68
24095,1113,1146,37.68
24095,1215,964,31.68
20696,304,2241,73.68
20696,411,2791,91.68
81405,426,2363,77.68
81405,1312,2425,79.68
13586,304,1421,46.68
13586,305,1421,46.68
13586,1605,1511,49.68
23382,1816,4982,163.68
23382,1817,3886,127.68
50822,304,1756,57.68
7517,203,3824,125.68
7517,1627,4555,149.68
7517,1801,2791,91.68
29251,411,964,31.68
29251,916,2210,72.68
15238,405,2333,76.68
15238,1617,2060,67.68
56948,304,1115,36.68
56948,423,2029,66.68
56948,1215,1664,54.68
63635,1605,1391,45.68
14725,305,1207,39.68
14725,914,2272,74.68
90135,305,2852,93.68
90135,306,2852,93.68
90135,425,3824,125.68
70579,202,1360,44.68
70579,406,1238,40.68
60197,1617,1086,35.68
71037,304,1330,43.68
71037,305,1330,43.68
60834,305,1452,47.68
60834,306,1452,47.68
60834,311,2394,78.68
5156,1113,2060,67.68
5156,1617,3125,102.68
47222,201,1207,39.68
47222,304,3003,98.68
47222,1817,2821,92.68
27744,116,994,32.68
27744,304,964,31.68
27744,306,3094,101.68
27744,708,994,32.68
27744,1113,994,32.68
79408,304,2821,92.68
79408,708,1511,49.68
79408,1113,2241,73.68
70414,111,1452,47.68
70414,1105,1025,33.68
22602,1605,2852,93.68
22602,1640,3247,106.68
63671,1701,3794,124.68
8989,305,2060,67.68
8989,405,3217,105.68
8989,1701,2941,96.68
8989,1801,1207,39.68
17921,1798,1998,65.68
10048,108,2182,71.68
10048,112,2090,68.68
10048,304,1238,40.68
10048,307,1238,40.68
10048,405,2121,69.68
10048,705,1421,46.68
10048,1617,2151,70.68
10048,1801,1207,39.68
70683,1609,1207,39.68
70683,1617,1207,39.68
70683,1705,872,28.68
62592,304,1480,48.68
62592,305,1480,48.68
26614,1198,2547,83.68
26614,203,1725,56.68
26614,1110,2394,78.68
87030,202,1452,47.68
87030,407,1299,42.68
38765,1105,1542,50.68
38765,1113,1603,52.68
64921,298,1360,44.68
64921,498,1055,34.68
62841,1627,1115,36.68
50543,198,1480,48.68
50543,412,2151,70.68
50543,1801,1633,53.68
85423,102,2821,92.68
85423,205,1725,56.68
85423,405,4647,152.68
85423,498,4647,152.68
85423,504,1876,61.68
85423,602,2455,80.68
85423,1110,4647,152.68
85423,1113,4647,152.68
68980,411,872,28.68
78833,305,933,30.68
78833,798,1299,42.68
78833,1803,1177,38.68
20467,1198,3763,123.68
20467,304,1086,35.68
20467,307,1086,35.68
20467,423,1086,35.68
20467,898,933,30.68
20467,1117,3794,124.68
43652,108,2090,68.68
43652,1617,2363,77.68
44925,1617,2029,66.68
44925,1701,1207,39.68
56988,202,2455,80.68
56988,1817,1177,38.68
29364,406,2972,97.68
29364,1710,2941,96.68
29364,1812,1025,33.68
29364,1898,1603,52.68
21503,504,933,30.68
21503,1117,1725,56.68
21503,1801,1360,44.68
74054,202,872,28.68
74054,304,902,29.68
74054,311,1968,64.68
74054,412,1725,56.68
74054,426,1817,59.68
74054,432,1055,34.68
74054,916,1086,35.68
74054,1609,2121,69.68
74054,1624,2121,69.68
74054,1803,964,31.68
60666,1605,1937,63.68
60666,1634,1937,63.68
60666,1812,1937,63.68
60666,1813,1937,63.68
100070,304,1391,45.68
100070,305,1391,45.68
100070,307,1391,45.68
100070,510,1817,59.68
100070,1118,1756,57.68
62511,304,2486,81.68
62511,305,2394,78.68
62511,306,2394,78.68
9171,1108,872,28.68
59071,305,1633,53.68
59071,310,4129,135.68
59071,914,872,28.68
59071,1801,1391,45.68
83930,311,1086,35.68
72335,915,2241,73.68
72335,1617,3337,109.68
88133,102,1146,37.68
88133,306,2241,73.68
88133,1113,1511,49.68
88133,1898,1115,36.68
91334,107,4525,148.68
91334,307,1998,65.68
68448,1622,2363,77.68
26719,101,1146,37.68
26719,198,1146,37.68
90813,398,2729,89.68
90813,706,841,27.68
90813,1616,3156,103.68
90813,1701,2882,94.68
58083,305,3886,127.68
58083,1801,2729,89.68
58083,1898,2668,87.68
100156,102,721,23.68
100156,202,690,22.68
100156,304,660,21.68
100156,504,660,21.68
100156,605,629,20.68
100156,606,5743,188.68
100156,1898,3916,128.68
84413,202,841,27.68
84413,1605,1207,39.68
84413,1617,2182,71.68
84413,1801,1391,45.68
5887,304,994,32.68
5887,423,2668,87.68
5887,1105,1391,45.68
5887,1898,1391,45.68
56434,1813,1086,35.68
23561,208,3916,128.68
23561,304,3217,105.68
23561,306,1452,47.68
23561,404,2486,81.68
23561,411,4617,151.68
23561,712,4343,142.68
23561,1113,2486,81.68
23561,1705,3186,104.68
23561,1804,4890,160.68
46772,104,1633,53.68
46772,305,1603,52.68
46772,498,2455,80.68
26883,1627,3368,110.68
70704,498,1086,35.68
92582,202,1330,43.68
92582,1627,1998,65.68
92582,1634,2638,86.68
92582,1817,1330,43.68
59482,305,1177,38.68
59482,410,1695,55.68
59482,1601,2029,66.68
100566,404,1876,61.68
100566,1198,1603,52.68
33380,1627,1177,38.68
92553,408,1391,45.68
92553,423,1391,45.68
92553,705,1391,45.68
92553,711,1480,48.68
92553,712,1391,45.68
92553,1630,1756,57.68
9136,102,2821,92.68
9136,205,1360,44.68
9136,304,1115,36.68
9136,305,1115,36.68
9136,307,1115,36.68
9136,432,964,31.68
9136,1617,1695,55.68
8130,1801,2090,68.68
41987,304,2455,80.68
41987,406,933,30.68
41987,1118,1511,49.68
41987,1216,1055,34.68
41987,1701,4221,138.68
72345,809,1480,48.68
72345,915,1207,39.68
72345,1407,964,31.68
72345,1817,2425,79.68
1382,108,3551,116.68
1382,202,1025,33.68
1382,1801,1299,42.68
1382,1998,1452,47.68
85856,809,1907,62.68
85856,1801,1937,63.68
80609,107,1633,53.68
80609,426,1421,46.68
80609,428,1268,41.68
80609,432,1238,40.68
80609,708,964,31.68
26583,1622,1480,48.68
26583,1704,1330,43.68
19698,305,1421,46.68
19698,306,1421,46.68
19698,1112,1055,34.68
81995,1198,2029,66.68
81995,1108,2029,66.68
81995,1614,2425,79.68
81995,1801,1421,46.68
81995,1804,2029,66.68
5880,1108,2455,80.68
5880,1622,2151,70.68
5880,1627,2151,70.68
5880,1898,1055,34.68
94708,201,1391,45.68
94708,1598,1299,42.68
94708,313,1480,48.68
94708,425,1391,45.68
94708,1117,1299,42.68
94708,1617,1633,53.68
94708,1634,1480,48.68
89137,1101,1845,60.68
89137,498,1115,36.68
20860,411,2729,89.68
20860,432,2547,83.68
20860,1637,2729,89.68
20860,1817,1177,38.68
39270,504,902,29.68
39438,107,1146,37.68
52770,202,2425,79.68
48044,404,1968,64.68
48044,808,1845,60.68
48044,1617,2060,67.68
53914,198,4190,137.68
53914,1301,1421,46.68
53914,102,1572,51.68
53914,107,4190,137.68
53914,202,1572,51.68
53914,304,1421,46.68
53914,307,994,32.68
53914,405,4160,136.68
53914,428,1421,46.68
53914,1105,2272,74.68
53914,1198,1907,62.68
53914,1312,1421,46.68
53914,1601,3763,123.68
53914,1627,3763,123.68
4670,202,902,29.68
4670,1108,1845,60.68
4670,1113,1115,36.68
10704,415,2425,79.68
10704,1605,1845,60.68
87151,198,2029,66.68
87151,117,2029,66.68
87151,304,1086,35.68
87151,305,1086,35.68
87151,1113,933,30.68
87151,1310,1725,56.68
87151,1617,4982,163.68
87151,1812,1299,42.68
93440,304,1421,46.68
93440,428,1968,64.68
93440,432,1391,45.68
19321,109,2394,78.68
19321,298,902,29.68
19321,1617,4068,133.68
19321,1798,3977,130.68
19321,1801,1086,35.68
6572,415,1360,44.68
6572,1105,1086,35.68
73974,1634,2272,74.68
44847,1204,872,28.68
66490,914,1725,56.68
12981,202,1360,44.68
12981,1634,2302,75.68
12981,1640,2302,75.68
12981,1701,2272,74.68
12981,1798,2029,66.68
12981,1801,1725,56.68
79288,304,1115,36.68
79288,305,1115,36.68
79288,713,2486,81.68
81358,307,933,30.68
81358,398,933,30.68
81358,405,2791,91.68
81358,504,933,30.68
81358,998,1725,56.68
81358,1198,1025,33.68
81358,1212,1025,33.68
81358,1622,1025,33.68
81358,1801,1146,37.68
77497,1617,1055,34.68
36794,1617,1876,61.68
36794,1817,1177,38.68
57084,411,2121,69.68
57084,432,2121,69.68
82632,304,2029,66.68
82632,408,4678,153.68
82632,1704,4555,149.68
25122,1630,1268,41.68
85898,713,1725,56.68
85898,1605,2151,70.68
85898,1637,2182,71.68
85898,1816,933,30.68
90939,1634,2090,68.68
26150,914,1542,50.68
26150,915,1542,50.68
26150,916,1542,50.68
26150,1619,4343,142.68
95012,412,1086,35.68
95012,415,1086,35.68
48493,424,4282,140.68
48493,712,4982,163.68
48493,898,4252,139.68
48493,1412,1055,34.68
48493,1617,5347,175.68
74933,424,4282,140.68
74933,426,4282,140.68
74933,1105,3278,107.68
74933,1113,3278,107.68
74933,1801,2638,86.68
74933,1813,3429,112.68
74933,1816,3794,124.68
74933,1898,3278,107.68
91630,708,2516,82.68
91630,1619,3156,103.68
91630,1622,1360,44.68
91630,1701,3094,101.68
91630,1812,2882,94.68
97396,602,933,30.68
83529,108,1115,36.68
83529,120,1391,45.68
83529,304,1115,36.68
83529,305,1115,36.68
83529,306,2210,72.68
83529,307,1115,36.68
83529,1617,2821,92.68
89693,108,1086,35.68
89693,1298,1207,39.68
89693,1898,994,32.68
85003,102,1146,37.68
85003,304,2882,94.68
85003,305,2882,94.68
85003,398,1146,37.68
85003,426,1421,46.68
85003,1205,1115,36.68
85003,1215,1299,42.68
85003,1298,1299,42.68
85003,1801,1695,55.68
85003,1812,2516,82.68
7935,205,933,30.68
7935,304,2486,81.68
7935,305,994,32.68
66805,1622,1968,64.68
90154,304,5804,190.68
90154,428,3794,124.68
90154,512,1299,42.68
90154,1113,2882,94.68
90154,1298,2821,92.68
45549,406,1299,42.68
45549,998,994,32.68
45549,1110,1937,63.68
45549,1605,1937,63.68
45549,1898,994,32.68
17754,708,1664,54.68
41602,304,3247,106.68
41602,305,3247,106.68
41602,612,1725,56.68
41602,1105,1725,56.68
25711,1105,3337,109.68
17248,205,1511,49.68
17248,298,3247,106.68
17248,304,3977,130.68
17248,305,3977,130.68
17248,612,3247,106.68
17248,709,2882,94.68
17248,1117,4708,154.68
17248,1802,2699,88.68
87789,426,994,32.68
87789,498,902,29.68
57677,305,1756,57.68
37949,406,1756,57.68
37949,407,1756,57.68
37949,423,1756,57.68
37949,1630,3886,127.68
5440,304,1542,50.68
5440,415,2272,74.68
12840,306,2913,95.68
12840,1216,1876,61.68
15868,108,933,30.68
15868,398,2210,72.68
15868,1105,3551,116.68
15868,1106,2455,80.68
15868,1113,2455,80.68
15868,1312,872,28.68
15868,1617,902,29.68
15868,1801,1756,57.68
15868,1802,3156,103.68
28404,708,2425,79.68
28404,1810,3094,101.68
11282,426,2151,70.68
11282,1701,1664,54.68
11282,1703,1664,54.68
16382,1630,4343,142.68
16382,1701,3306,108.68
16382,1801,2060,67.68
6147,1804,3977,130.68
6147,1810,3977,130.68
31196,498,994,32.68
31196,1622,1055,34.68
31196,1698,994,32.68
85067,413,2821,92.68
85067,1605,1664,54.68
71637,304,964,31.68
84613,305,1025,33.68
31829,101,1360,44.68
31829,116,1360,44.68
31829,201,1360,44.68
31829,426,1268,41.68
31829,1616,1207,39.68
27784,304,1511,49.68
27784,305,1511,49.68
91349,914,1268,41.68
91349,1634,2699,88.68
91349,1703,1695,55.68
89136,1112,1511,49.68
89136,1617,994,32.68
76569,1113,964,31.68
76569,1812,1025,33.68
76569,1898,994,32.68
36929,201,3186,104.68
36929,109,1207,39.68
86222,1812,1391,45.68
4354,202,4160,136.68
4354,305,964,31.68
4354,307,964,31.68
4354,705,3186,104.68
4354,1634,3125,102.68
4354,1803,4252,139.68
4354,1816,4252,139.68
53185,709,4252,139.68
53185,1637,4586,150.68
53185,1703,1480,48.68
53185,1801,2882,94.68
53185,1803,1055,34.68
53185,1812,4555,149.68
53185,1816,4494,147.68
53185,1817,4617,151.68
69986,1612,1998,65.68
2998,108,2210,72.68
2998,898,2151,70.68
2998,1812,1786,58.68
86660,1817,964,31.68
73460,203,1146,37.68
73460,305,964,31.68
73460,1117,1177,38.68
24907,304,933,30.68
24907,305,933,30.68
24907,307,933,30.68
24907,408,872,28.68
24907,914,872,28.68
93340,712,1391,45.68
93340,713,1268,41.68
93340,1704,1207,39.68
70281,1117,3794,124.68
74992,708,3521,115.68
74992,1112,2090,68.68
74992,1813,2638,86.68
30379,711,1876,61.68
89118,1198,6777,222.68
89118,102,1391,45.68
89118,205,1633,53.68
89118,208,1572,51.68
89118,304,5682,186.68
89118,305,5498,180.68
89118,426,6412,210.68
89118,514,1086,35.68
89118,606,1572,51.68
89118,708,780,25.68
89118,709,780,25.68
89118,809,3217,105.68
89118,908,1086,35.68
89118,911,1086,35.68
89118,915,1086,35.68
89118,1117,6777,222.68
89118,1205,1452,47.68
89118,1210,2394,78.68
73226,1001,3156,103.68
22580,101,1330,43.68
22580,103,3278,107.68
22580,201,1391,45.68
22580,414,1146,37.68
22580,1310,4008,131.68
93653,206,1664,54.68
4645,202,994,32.68
16409,307,994,32.68
16409,898,933,30.68
16409,1108,1664,54.68
83650,1801,1695,55.68
87935,306,3278,107.68
87935,412,872,28.68
87935,713,1876,61.68
87935,1110,2121,69.68
82963,498,1391,45.68
82963,915,1633,53.68
7910,102,1817,59.68
7910,406,1845,60.68
7910,407,1845,60.68
7910,414,1086,35.68
7910,809,1391,45.68
7910,910,1391,45.68
7910,1215,1086,35.68
7910,1305,1086,35.68
7910,1802,1664,54.68
10825,304,1480,48.68
10825,305,1511,49.68
10825,307,1511,49.68
10825,311,1876,61.68
10825,404,2241,73.68
10825,1801,1238,40.68
10825,1817,1876,61.68
69798,107,1633,53.68
84694,202,933,30.68
84694,304,933,30.68
84694,305,1330,43.68
84694,310,2210,72.68
84694,423,1146,37.68
84694,426,1146,37.68
84694,1117,1146,37.68
40005,504,1146,37.68
40005,1298,1146,37.68
40005,498,933,30.68
40005,504,1146,37.68
40005,510,1055,34.68
40005,708,1299,42.68
40005,1215,1146,37.68
40005,1698,933,30.68
25792,411,3490,114.68
25792,425,1511,49.68
79997,1105,872,28.68
79997,1304,1086,35.68
79997,1601,1876,61.68
79997,1637,964,31.68
25764,202,964,31.68
25764,407,1146,37.68
88287,426,1845,60.68
88287,914,902,29.68
88287,1112,1664,54.68
88287,1612,1845,60.68
88287,1801,1177,38.68
2150,1113,2210,72.68
2150,1801,2090,68.68
2150,1812,872,28.68
82230,1601,1268,41.68
101990,298,3186,104.68
101990,1216,1146,37.68
9169,306,1146,37.68
9169,504,1025,33.68
9169,798,994,32.68
9169,1112,1330,43.68
11933,1619,3916,128.68
18292,202,3217,105.68
18292,304,1055,34.68
18292,407,1664,54.68
18292,1898,3125,102.68
41860,712,1695,55.68
31492,1617,1511,49.68
99479,1110,1421,46.68
99479,1898,1480,48.68
28797,908,902,29.68
28797,1701,4617,151.68
83051,906,2791,91.68
83051,1622,3217,105.68
83051,1704,2791,91.68
24962,209,933,30.68
24962,612,4282,140.68
24962,1798,2302,75.68
24962,1809,2455,80.68
83698,305,1146,37.68
83698,313,1177,38.68
83698,1637,1146,37.68
102139,426,2607,85.68
102139,1617,2241,73.68
29152,304,1238,40.68
29152,305,1086,35.68
29152,421,902,29.68
29152,429,1238,40.68
29152,1710,964,31.68
97252,107,1876,61.68
97252,430,2182,71.68
97252,1605,721,23.68
97252,1616,2182,71.68
97252,1617,2182,71.68
1895,108,2455,80.68
1895,405,994,32.68
1895,426,994,32.68
1895,432,4494,147.68
1895,1617,1664,54.68
1895,1812,1907,62.68
43119,708,1360,44.68
43119,709,1360,44.68
76415,504,1756,57.68
76415,1630,4068,133.68
17779,305,933,30.68
17779,306,933,30.68
61526,201,2090,68.68
61526,305,2576,84.68
61526,1801,902,29.68
16291,426,933,30.68
16291,914,994,32.68
16291,916,994,32.68
16291,1015,994,32.68
67499,306,2821,92.68
63526,708,3186,104.68
63526,709,3186,104.68
91905,304,872,28.68
91905,305,3886,127.68
91905,306,3886,127.68
91905,423,5347,175.68
91905,426,5347,175.68
91905,1117,4982,163.68
91905,1215,4920,161.68
91905,1617,3125,102.68
32357,206,2394,78.68
32357,307,964,31.68
32357,406,1695,55.68
32357,423,1664,54.68
32357,602,1299,42.68
32357,1312,1633,53.68
32357,1627,1786,58.68
17943,304,1603,52.68
48581,1701,1480,48.68
57044,205,2425,79.68
57044,304,4647,152.68
57044,305,3247,106.68
57044,411,3156,103.68
57044,713,5194,170.68
57044,809,2882,94.68
57044,914,4555,149.68
57044,1113,2486,81.68
57044,1215,1695,55.68
57044,1605,4739,155.68
57044,1615,2882,94.68
57044,1617,5713,187.68
57044,1637,5408,177.68
57044,1704,3125,102.68
57044,1801,5347,175.68
59980,1617,1664,54.68
59980,1798,1695,55.68
93834,898,1817,59.68
93834,1704,3337,109.68
93834,1817,2333,76.68
37114,1598,1268,41.68
37114,108,1664,54.68
37114,202,964,31.68
37114,412,1603,52.68
37114,432,1695,55.68
37114,708,1177,38.68
37114,712,1542,50.68
37114,719,1603,52.68
37114,1110,1299,42.68
37114,1617,1572,51.68
58755,205,1511,49.68
58755,206,1542,50.68
58755,423,1207,39.68
58755,998,1207,39.68
15302,1637,4464,146.68
96635,107,780,25.68
34884,304,2486,81.68
34884,1640,5104,167.68
34884,1701,2821,92.68
33075,405,2455,80.68
103596,1105,1207,39.68
103596,1801,2941,96.68
76793,1617,1452,47.68
96840,708,872,28.68
96840,1617,841,27.68
67107,305,1756,57.68
67107,1817,1664,54.68
89446,1634,1786,58.68
89446,1798,1876,61.68
89446,1809,1055,34.68
89446,1812,1055,34.68
14434,304,4068,133.68
14434,307,4068,133.68
14434,605,1876,61.68
14434,712,1998,65.68
101220,305,568,18.68
101220,306,568,18.68
101220,1105,1876,61.68
7048,1898,2182,71.68
17701,1617,1146,37.68
78207,916,1055,34.68
96138,202,2486,81.68
96138,423,2363,77.68
96138,1017,2486,81.68
96138,1605,1511,49.68
96138,1634,2516,82.68
17343,713,872,28.68
17343,1703,1845,60.68
17343,1704,1725,56.68
92552,1198,1086,35.68
92552,1816,1086,35.68
53187,1701,1907,62.68
88305,1801,841,27.68
91913,424,933,30.68
87221,1626,1725,56.68
54519,109,1845,60.68
54519,198,1845,60.68
54519,713,4767,156.68
54519,910,3398,111.68
40334,209,964,31.68
40334,423,1421,46.68
40334,426,1421,46.68
40334,705,1025,33.68
40334,1111,1725,56.68
40334,1701,1115,36.68
40334,1703,964,31.68
41026,411,1207,39.68
41026,412,1542,50.68
41026,1701,1177,38.68
41026,1798,1786,58.68
41026,1801,1725,56.68
26735,306,1786,58.68
26735,423,2425,79.68
26735,915,1876,61.68
26735,1709,2547,83.68
55547,306,2363,77.68
55547,1113,1025,33.68
55547,1198,2425,79.68
95969,116,2151,70.68
95969,304,3337,109.68
95969,407,3278,107.68
95969,698,3824,125.68
95969,1113,2729,89.68
15122,406,994,32.68
15122,705,1238,40.68
15122,1605,4647,152.68
59164,109,1055,34.68
59164,1105,933,30.68
59164,1617,1695,55.68
59164,1708,4221,138.68
91295,1801,3671,120.68
66191,304,1115,36.68
66191,412,1299,42.68
66191,426,1299,42.68
66191,1215,1391,45.68
18379,305,902,29.68
18379,1798,2425,79.68
30995,504,2394,78.68
30995,305,2394,78.68
30995,504,2394,78.68
30995,1701,1725,56.68
12559,414,1998,65.68
12559,1812,1603,52.68
95097,405,1633,53.68
95097,1627,3278,107.68
83290,412,1360,44.68
83290,424,1330,43.68
83290,428,1360,44.68
83290,1801,1695,55.68
22622,305,2182,71.68
22622,306,2182,71.68
22622,1098,2638,86.68
22622,1898,2182,71.68
18610,202,964,31.68
18610,415,964,31.68
18610,713,4068,133.68
18610,1108,4433,145.68
18610,1637,2210,72.68
18610,1701,3337,109.68
62617,708,964,31.68
62617,709,964,31.68
62617,712,964,31.68
62617,1215,1937,63.68
70080,202,994,32.68
70080,1605,1817,59.68
12265,304,1391,45.68
12265,305,1391,45.68
12265,307,1391,45.68
12265,1898,1695,55.68
16540,112,1572,51.68
55647,1812,1238,40.68
55647,1898,1238,40.68
93314,1617,749,24.68
10396,498,1330,43.68
10396,404,1330,43.68
70248,915,964,31.68
70248,1634,1025,33.68
72771,405,1542,50.68
72771,1627,1725,56.68
72771,1816,1756,57.68
78105,406,1146,37.68
78105,705,2821,92.68
78105,1616,3125,102.68
78105,1798,2760,90.68
93840,311,1695,55.68
60431,102,2090,68.68
60431,104,2090,68.68
60431,713,2913,95.68
103221,423,4282,140.68
103221,1298,2090,68.68
103221,1801,1146,37.68
74474,1614,1238,40.68
57995,304,964,31.68
25807,201,4708,154.68
25807,102,2151,70.68
25807,708,3033,99.68
25807,1110,2302,75.68
25807,1113,2302,75.68
25807,1119,2302,75.68
25807,1205,841,27.68
25807,1704,2121,69.68
25807,1801,1664,54.68
25807,1812,3429,112.68
25807,1898,4678,153.68
99224,501,1633,53.68
99224,504,1664,54.68
99224,511,1146,37.68
99224,518,1664,54.68
90846,1001,3278,107.68
90846,198,1086,35.68
90846,203,1542,50.68
90846,304,1177,38.68
90846,313,3003,98.68
90846,708,1055,34.68
50894,205,1177,38.68
50894,708,964,31.68
50894,1113,1572,51.68
8210,1605,1207,39.68
9543,304,1845,60.68
9543,305,1845,60.68
9543,908,1845,60.68
88361,203,3916,128.68
88361,605,3582,117.68
88361,1605,3582,117.68
42573,202,964,31.68
42573,304,2547,83.68
42573,305,2547,83.68
42573,306,2547,83.68
42573,428,1207,39.68
42573,705,3094,101.68
42573,1113,964,31.68
42573,1701,1299,42.68
42573,1705,1299,42.68
42573,1898,3156,103.68
227,1109,4402,144.68
1616,109,2852,93.68
1616,206,1695,55.68
1616,1113,2241,73.68
93656,304,964,31.68
93656,305,964,31.68
93656,432,994,32.68
93656,1626,994,32.68
51655,304,780,25.68
51655,306,629,20.68
13686,102,2151,70.68
13686,304,1421,46.68
13686,305,1421,46.68
13686,306,1421,46.68
13686,1817,5651,185.68
55501,202,1207,39.68
55501,1801,1299,42.68
87764,304,1299,42.68
87764,305,1299,42.68
87764,710,1055,34.68
87764,1113,1025,33.68
90288,713,872,28.68
90288,1817,841,27.68
75730,205,1299,42.68
75730,305,2607,85.68
75730,409,4798,157.68
75730,424,1238,40.68
75730,914,1511,49.68
75730,1312,1876,61.68
75730,1902,4798,157.68
13522,202,1572,51.68
13522,432,1725,56.68
84195,1617,994,32.68
9984,305,1268,41.68
9984,306,1268,41.68
56715,104,1268,41.68
56715,108,2029,66.68
56715,110,2241,73.68
56715,198,2210,72.68
56715,406,3337,109.68
56715,408,3337,109.68
56715,426,2882,94.68
56715,428,1391,45.68
56715,914,1452,47.68
56715,1634,3278,107.68
56715,1801,2151,70.68
56490,306,994,32.68
56490,1616,2425,79.68
56490,1627,4647,152.68
56490,1812,2699,88.68
91957,305,2516,82.68
91957,1198,1725,56.68
28862,202,1998,65.68
28862,304,1756,57.68
28862,713,2029,66.68
28862,1616,1817,59.68
28862,1803,2029,66.68
96099,1601,933,30.68
18014,405,933,30.68
18014,425,4402,144.68
18014,714,1177,38.68
18014,1017,2060,67.68
18014,1817,1633,53.68
71568,426,994,32.68
71568,1617,994,32.68
89188,1598,5894,193.68
89188,411,1025,33.68
82098,406,1207,39.68
82098,410,1391,45.68
82098,414,1603,52.68
82098,1215,2821,92.68
82098,1618,1603,52.68
82098,1630,5132,168.68
14190,914,749,24.68
79910,915,1845,60.68
79910,1817,1330,43.68
96476,403,1360,44.68
96476,306,690,22.68
96476,1609,1360,44.68
98074,798,1542,50.68
99160,426,629,20.68
99160,1110,780,25.68
93074,202,2516,82.68
100621,1616,690,22.68
96513,298,1146,37.68
96513,304,780,25.68
45411,405,1115,36.68
56700,102,1725,56.68
56700,298,1452,47.68
56700,698,1391,45.68
56700,1701,1177,38.68
28740,306,1025,33.68
28740,498,1421,46.68
57416,202,4982,163.68
57416,405,4982,163.68
95142,198,841,27.68
95142,306,841,27.68
95142,1105,1421,46.68
85170,704,2029,66.68
85170,304,872,28.68
85170,313,2029,66.68
85170,1605,2029,66.68
85170,1634,2029,66.68
85170,1701,1391,45.68
56546,202,1238,40.68
56546,423,1330,43.68
56546,424,1299,42.68
56546,708,1330,43.68
56546,1609,1360,44.68
14306,304,4829,158.68
14306,307,1055,34.68
14306,410,2394,78.68
14306,411,2394,78.68
14306,423,2394,78.68
14306,911,1055,34.68
14306,1312,1055,34.68
14306,1637,5316,174.68
14306,1710,964,31.68
14306,1898,3916,128.68
14306,1901,1055,34.68
11443,306,2363,77.68
11443,604,811,26.68
11443,605,902,29.68
11443,915,2607,85.68
11443,1605,2729,89.68
11443,1616,2241,73.68
11443,1630,2791,91.68
11443,1801,2182,71.68
11443,1898,2029,66.68
102063,1801,2486,81.68
102063,1898,2425,79.68
49741,306,964,31.68
49741,1817,1452,47.68
1917,1801,1055,34.68
86384,411,2791,91.68
86384,1619,5104,167.68
86384,1622,5104,167.68
86384,1817,3886,127.68
27676,426,872,28.68
95017,1801,780,25.68
5770,305,1937,63.68
5770,426,3459,113.68
5770,915,902,29.68
5770,1110,5163,169.68
5770,1113,2121,69.68
5770,1617,5408,177.68
5770,1627,4647,152.68
5770,1801,3521,115.68
5770,1812,5043,165.68
5770,1998,2182,71.68
4682,1298,1086,35.68
44562,504,964,31.68
44562,1619,5682,186.68
74411,610,1756,57.68
74411,1617,1480,48.68
83458,1898,1146,37.68
49918,1804,1330,43.68
87454,205,994,32.68
87454,305,2121,69.68
87454,504,994,32.68
87454,1627,994,32.68
87454,1801,933,30.68
27345,305,2060,67.68
27345,306,2060,67.68
27345,898,1817,59.68
27345,1609,3643,119.68
27345,1801,629,20.68
18358,306,1086,35.68
6569,404,1725,56.68
6569,407,1725,56.68
6569,411,1725,56.68
6569,426,2455,80.68
6569,1701,1542,50.68
6569,1801,4037,132.68
84933,398,2516,82.68
84590,1619,1360,44.68
84590,1634,1360,44.68
84590,1640,1360,44.68
91281,202,629,20.68
91281,407,1177,38.68
91281,514,1968,64.68
91281,908,1968,64.68
91281,1617,1817,59.68
91281,1627,1968,64.68
69812,408,1786,58.68
69812,426,1786,58.68
55740,423,1086,35.68
55740,432,1055,34.68
82140,202,811,26.68
82140,407,1177,38.68
82140,1812,1146,37.68
47344,116,2241,73.68
47344,201,1725,56.68
47344,304,3916,128.68
47344,708,3337,109.68
47344,709,3337,109.68
47344,1106,3337,109.68
47344,1111,3337,109.68
47344,1113,3337,109.68
47344,1117,2607,85.68
96403,1609,749,24.68
33349,306,3643,119.68
33349,1634,2791,91.68
60458,198,1207,39.68
60458,432,1238,40.68
60458,708,1207,39.68
60458,709,1207,39.68
60458,1605,1238,40.68
60458,1617,1177,38.68
60458,1803,1025,33.68
34275,1628,2182,71.68
34275,1811,1086,35.68
3791,198,1330,43.68
3791,304,1055,34.68
3791,1619,1452,47.68
3791,1698,1330,43.68
64303,304,476,15.68
64303,305,476,15.68
64303,1701,1845,60.68
64303,1703,1391,45.68
65932,306,1725,56.68
65932,307,1725,56.68
65932,398,1725,56.68
65932,428,1725,56.68
65932,1616,1511,49.68
65932,1698,1511,49.68
65932,1705,5743,188.68
48492,202,3064,100.68
48492,298,1542,50.68
48492,1898,3125,102.68
26326,1110,1330,43.68
26326,1114,1299,42.68
87567,412,1452,47.68
87567,708,1572,51.68
87567,712,1452,47.68
87567,1108,1299,42.68
87567,1634,1572,51.68
68402,1617,2576,84.68
68402,1704,2486,81.68
68402,1813,2029,66.68
83100,306,1207,39.68
83100,898,1725,56.68
83100,1298,2455,80.68
83100,1617,5073,166.68
83100,1817,3794,124.68
77089,304,964,31.68
77089,1110,1360,44.68
77089,1801,3186,104.68
77089,1812,3278,107.68
77089,1813,4678,153.68
27635,311,2060,67.68
27635,1117,2060,67.68
1808,1634,1086,35.68
81865,411,1633,53.68
81865,415,1511,49.68
40489,101,994,32.68
40489,406,3217,105.68
40489,423,2821,92.68
40489,426,2852,93.68
102875,916,507,16.68
102875,1898,476,15.68
5264,1616,4617,151.68
5264,1622,4617,151.68
5264,1701,1330,43.68
5264,1801,1998,65.68
56253,202,994,32.68
56253,307,1115,36.68
56253,504,994,32.68
56253,916,1876,61.68
79495,426,2090,68.68
79495,498,933,30.68
79495,708,1238,40.68
79495,1802,1664,54.68
79495,1817,2060,67.68
39360,304,964,31.68
39360,305,1786,58.68
39360,306,1786,58.68
39360,398,1786,58.68
39360,713,1177,38.68
39360,798,2272,74.68
39360,1801,1633,53.68
34460,108,2455,80.68
34460,202,1055,34.68
34460,1105,2060,67.68
34460,1898,2241,73.68
47323,107,902,29.68
47323,1701,933,30.68
4088,713,3247,106.68
4088,1801,3855,126.68
85521,708,902,29.68
80401,905,1177,38.68
80401,905,1177,38.68
90414,398,3643,119.68
90414,428,2729,89.68
3099,109,1391,45.68
3099,311,1207,39.68
3099,405,1391,45.68
3099,1113,1907,62.68
3099,1198,3064,100.68
3099,1312,964,31.68
84909,1001,1452,47.68
84909,1605,1360,44.68
84909,1634,1360,44.68
8377,107,1238,40.68
8377,109,1238,40.68
15920,109,933,30.68
15920,1804,4129,135.68
92351,714,1086,35.68
83241,1627,1725,56.68
13754,205,1572,51.68
13754,304,1238,40.68
13754,305,1238,40.68
13754,1105,1146,37.68
13754,1898,1146,37.68
33419,116,1876,61.68
33419,202,1876,61.68
33419,410,1907,62.68
33419,708,2151,70.68
33419,1118,1876,61.68
33419,1710,1086,35.68
33419,1801,4068,133.68
13782,102,1756,57.68
13782,108,5012,164.68
13782,1113,2852,93.68
101930,1113,690,22.68
93744,914,1876,61.68
93744,1616,780,25.68
103387,411,1086,35.68
16186,424,964,31.68
16186,1817,1086,35.68
632,1615,2516,82.68
632,1617,2791,91.68
632,1634,2121,69.68
632,1898,2547,83.68
93788,198,1756,57.68
93788,304,780,25.68
93788,305,780,25.68
93788,306,780,25.68
93788,1618,1238,40.68
93788,1627,3186,104.68
28370,313,2668,87.68
103530,1701,660,21.68
103530,1704,994,32.68
103530,1801,1268,41.68
55285,415,933,30.68
55285,1898,933,30.68
56839,108,3671,120.68
56839,1622,4190,137.68
56839,1626,1480,48.68
56839,1634,4190,137.68
62848,1801,902,29.68
95661,108,721,23.68
95661,1630,1025,33.68
19433,108,3337,109.68
19433,202,3278,107.68
19433,406,3247,106.68
19433,916,3278,107.68
19433,1703,2060,67.68
50376,304,2791,91.68
50376,305,2791,91.68
50376,414,1756,57.68
50376,504,1299,42.68
50376,809,3278,107.68
50376,1113,1360,44.68
50376,1305,1268,41.68
78735,304,1238,40.68
78735,306,1603,52.68
78735,423,1968,64.68
78735,426,3429,112.68
78735,898,2151,70.68
78735,1312,2941,96.68
78735,1801,3125,102.68
40731,306,1360,44.68
40731,423,1664,54.68
40731,1113,1845,60.68
94184,426,933,30.68
94184,713,1360,44.68
31166,305,1633,53.68
31166,426,1937,63.68
31166,1117,1968,64.68
13518,202,1360,44.68
13518,898,902,29.68
13518,1627,2151,70.68
13518,1710,1542,50.68
49450,102,1146,37.68
49450,304,2547,83.68
49450,414,7021,230.68
49450,1217,1633,53.68
49450,1813,1756,57.68
49450,1817,5043,165.68
100206,712,1055,34.68
100206,718,1055,34.68
100206,1627,1876,61.68
100206,1801,1937,63.68
100206,1808,1937,63.68
85822,916,872,28.68
6453,898,2060,67.68
6453,808,2060,67.68
37968,306,1817,59.68
37968,426,2363,77.68
37968,612,1756,57.68
37968,706,2394,78.68
37968,708,2425,79.68
46661,1701,2272,74.68
46661,1898,3977,130.68
90340,504,4767,156.68
90340,305,1086,35.68
90340,405,1452,47.68
90340,504,4767,156.68
90340,713,2941,96.68
90340,916,4739,155.68
27495,415,2060,67.68
27495,426,2060,67.68
27495,1108,2090,68.68
44957,102,2090,68.68
44957,605,2363,77.68
44957,1113,2151,70.68
44957,1198,1786,58.68
44957,1216,1268,41.68
44957,1298,1268,41.68
44957,1701,2638,86.68
22708,408,1299,42.68
22708,1622,1786,58.68
20657,712,1756,57.68
20657,1817,994,32.68
75356,1627,3429,112.68
75356,1708,3643,119.68
36221,202,933,30.68
36221,428,933,30.68
36221,709,1845,60.68
69974,202,3306,108.68
69974,407,964,31.68
69974,1113,1511,49.68
69974,1312,1025,33.68
69974,1605,3551,116.68
69974,1817,2760,90.68
18770,203,2090,68.68
18770,305,1725,56.68
18770,306,2090,68.68
84472,1630,1299,42.68
45352,504,4099,134.68
45352,104,872,28.68
45352,304,3794,124.68
45352,504,4160,136.68
45352,510,4160,136.68
65316,1105,3247,106.68
65316,1898,3247,106.68
936,304,994,32.68
936,1113,994,32.68
936,1215,5163,169.68
936,1605,1086,35.68
61502,1105,4282,140.68
61502,1298,2363,77.68
61502,1801,1633,53.68
61502,1898,2302,75.68
28331,103,933,30.68
28331,1106,2060,67.68
28331,1110,2060,67.68
28331,1813,5012,164.68
52813,202,841,27.68
52813,310,2760,90.68
52813,406,872,28.68
52813,916,994,32.68
98098,1609,1086,35.68
77784,304,872,28.68
77784,313,3521,115.68
77784,1817,2821,92.68
28484,504,1146,37.68
39413,304,841,27.68
39413,313,6473,212.68
39413,407,902,29.68
39413,709,2821,92.68
39413,1113,1695,55.68
39413,1117,5986,196.68
39413,1205,1391,45.68
39413,1817,1360,44.68
100984,107,599,19.68
56308,305,1330,43.68
56308,1215,1845,60.68
56308,1619,4767,156.68
56308,1817,964,31.68
62068,306,994,32.68
62068,410,994,32.68
62068,910,1268,41.68
62068,916,1055,34.68
62068,1817,1421,46.68
78506,202,1756,57.68
78506,298,1756,57.68
56572,411,1238,40.68
56572,1811,1268,41.68
23551,1801,2029,66.68
14502,305,1268,41.68
14502,1617,1299,42.68
14502,1698,1664,54.68
14502,1812,1452,47.68
84601,1198,1238,40.68
10459,1605,872,28.68
10459,1622,2852,93.68
10459,1798,2182,71.68
31574,1801,872,28.68
64917,202,1452,47.68
64917,304,1391,45.68
64917,305,1391,45.68
64917,307,1391,45.68
64917,1215,1177,38.68
64917,1617,3977,130.68
10334,306,1572,51.68
10334,1498,1572,51.68
10334,1809,1572,51.68
10334,1810,1572,51.68
10334,1812,1572,51.68
88177,304,1452,47.68
88177,305,1452,47.68
67340,1605,2029,66.68
15697,102,1725,56.68
15697,298,902,29.68
15697,304,2821,92.68
15697,313,5377,176.68
15697,411,4647,152.68
15697,1605,4647,152.68
36452,1617,2272,74.68
78252,708,1391,45.68
78252,1617,1391,45.68
78252,1630,3337,109.68
59714,1798,2121,69.68
66484,1617,2791,91.68
36512,304,1238,40.68
36512,1816,1421,46.68
75853,108,872,28.68
75853,202,1845,60.68
75853,304,1086,35.68
75853,305,1086,35.68
75853,311,3551,116.68
75853,423,872,28.68
75853,705,872,28.68
75853,915,2210,72.68
82957,306,2090,68.68
82957,398,2090,68.68
82957,914,4374,143.68
82957,1710,2821,92.68
88123,307,1725,56.68
88123,1801,1968,64.68
88123,1816,902,29.68
55340,408,3186,104.68
55340,1627,2029,66.68
23648,406,994,32.68
23648,408,994,32.68
23648,411,964,31.68
23648,432,933,30.68
23648,1098,1421,46.68
23648,1810,1452,47.68
48029,1605,1664,54.68
86751,104,1725,56.68
86751,305,1025,33.68
86751,306,1025,33.68
7123,205,1177,38.68
7123,305,1725,56.68
7123,428,4433,145.68
7123,504,1177,38.68
7123,608,1177,38.68
7123,1211,1177,38.68
56693,108,2121,69.68
56693,304,994,32.68
56693,305,994,32.68
56693,410,1391,45.68
56693,612,1511,49.68
56693,1105,964,31.68
56693,1605,3582,117.68
56693,1803,994,32.68
91956,708,1086,35.68
91956,1634,1207,39.68
91956,1801,1207,39.68
27803,514,2182,71.68
27803,803,2182,71.68
27803,805,2029,66.68
27803,911,2182,71.68
27803,915,2972,97.68
27803,1305,2241,73.68
27803,1622,2852,93.68
27803,1801,2425,79.68
27803,1805,1603,52.68
27803,1817,2941,96.68
62620,426,1268,41.68
4336,306,1391,45.68
4336,711,1876,61.68
4336,915,1876,61.68
4336,1111,1876,61.68
4336,1210,1876,61.68
4336,1898,1876,61.68
49629,202,1421,46.68
49629,405,2852,93.68
49629,406,2852,93.68
49629,408,2852,93.68
49629,1113,1421,46.68
38519,304,2210,72.68
38519,305,2210,72.68
38519,306,2210,72.68
38519,423,1572,51.68
38519,605,1146,37.68
38519,698,1146,37.68
38519,916,1360,44.68
80355,432,3278,107.68
80355,1801,2486,81.68
48178,305,3217,105.68
48178,309,3217,105.68
48178,705,1025,33.68
48178,713,3763,123.68
48178,1817,4859,159.68
41408,1623,1360,44.68
62074,798,2060,67.68
62074,915,1937,63.68
55226,102,1268,41.68
55226,202,933,30.68
23038,426,902,29.68
17712,408,1146,37.68
17712,1605,1268,41.68
17712,1622,1360,44.68
76643,305,1421,46.68
76643,398,1421,46.68
76643,424,1177,38.68
76643,1111,1907,62.68
76643,1210,1907,62.68
76643,1617,4920,161.68
76643,1622,4920,161.68
94433,1111,3337,109.68
87204,504,2455,80.68
87204,704,2455,80.68
87204,415,964,31.68
87204,504,2455,80.68
87204,1701,2363,77.68
87204,1801,2425,79.68
87204,1812,1907,62.68
87204,1817,2182,71.68
99174,102,872,28.68
99174,304,4617,151.68
99174,306,4617,151.68
99174,915,2972,97.68
99174,1215,4647,152.68
99174,1298,3521,115.68
99174,1801,1998,65.68
99174,1812,3916,128.68
83745,298,994,32.68
83745,1298,1025,33.68
83745,1601,994,32.68
59791,411,2729,89.68
59791,428,4068,133.68
59791,1637,2668,87.68
85577,102,4313,141.68
85577,304,1086,35.68
85577,305,1086,35.68
85577,415,3977,130.68
85577,602,1207,39.68
85577,605,1207,39.68
85577,709,2791,91.68
85577,1812,4617,151.68
4700,304,1115,36.68
4700,305,1115,36.68
4700,1805,1480,48.68
90015,1801,1968,64.68
90015,1810,3582,117.68
71745,1705,2516,82.68
93153,1017,2729,89.68
91083,1110,1664,54.68
29382,305,1238,40.68
29382,406,1330,43.68
29382,426,1330,43.68
29382,1705,1542,50.68
5742,428,1391,45.68
5742,1198,1664,54.68
5742,1704,3947,129.68
5742,1905,1664,54.68
74925,415,1360,44.68
74925,426,1998,65.68
74925,916,1817,59.68
84573,1617,994,32.68
96692,714,902,29.68
96692,1630,8785,288.68
6538,1113,933,30.68
6538,1701,5377,176.68
6538,1705,5377,176.68
6224,304,1633,53.68
6224,432,4647,152.68
6224,1198,1330,43.68
6224,1617,1786,58.68
58908,298,1845,60.68
58908,1617,1055,34.68
58908,1701,1238,40.68
58908,1710,1603,52.68
95614,1616,964,31.68
82966,1634,1360,44.68
82966,1705,1268,41.68
20117,1609,1360,44.68
73387,102,1725,56.68
73387,1105,3551,116.68
73387,1801,4068,133.68
85439,209,1725,56.68
85439,304,841,27.68
85439,408,2791,91.68
85439,412,4129,135.68
85439,712,4037,132.68
85439,1117,2821,92.68
85439,1305,841,27.68
12601,809,3977,130.68
12601,1113,1511,49.68
12601,1801,2791,91.68
12601,1803,4920,161.68
12601,1813,3855,126.68
73662,1112,933,30.68
73662,1198,902,29.68
73662,1609,1115,36.68
77700,198,1937,63.68
77700,112,1937,63.68
77700,1634,2060,67.68
6278,108,1268,41.68
6278,426,1025,33.68
6278,713,1115,36.68
6278,1605,1299,42.68
82346,1198,4402,144.68
82346,304,2151,70.68
82346,305,2151,70.68
82346,306,1330,43.68
82346,408,2547,83.68
82346,1637,4767,156.68
49563,307,1542,50.68
49563,432,2760,90.68
49563,1312,1391,45.68
49563,1798,4586,150.68
40278,1801,3156,103.68
56809,102,1725,56.68
56809,206,994,32.68
56809,304,994,32.68
56809,411,1025,33.68
56809,1105,3033,99.68
56809,1812,3916,128.68
14445,310,1725,56.68
14445,1605,1268,41.68
14445,1617,1756,57.68
19944,201,1146,37.68
19944,426,3337,109.68
19944,798,2972,97.68
19944,1113,1725,56.68
19944,1801,1115,36.68
19944,1805,2699,88.68
73733,1815,1725,56.68
40998,304,964,31.68
40998,305,964,31.68
40998,1617,3551,116.68
40998,1698,1115,36.68
11718,410,1695,55.68
11718,1630,2210,72.68
69882,1802,1725,56.68
69882,1898,1968,64.68
71382,423,1207,39.68
71382,426,1238,40.68
30594,408,933,30.68
30594,713,902,29.68
30594,1616,2821,92.68
30594,1617,2821,92.68
96758,1008,841,27.68
96758,1609,841,27.68
100183,102,780,25.68
100183,304,964,31.68
100183,1812,690,22.68
79587,202,1511,49.68
79587,916,1786,58.68
92364,1605,1146,37.68
61124,305,2060,67.68
61124,998,841,27.68
61124,1801,1725,56.68
22327,306,1055,34.68
22327,1705,1480,48.68
82446,1622,2363,77.68
41925,305,1207,39.68
41925,406,2060,67.68
41925,1708,994,32.68
41925,1805,1360,44.68
32117,798,1330,43.68
32117,1698,1786,58.68
68119,206,994,32.68
68119,411,2151,70.68
68119,430,3125,102.68
68119,712,1817,59.68
68119,1801,1937,63.68
74604,304,933,30.68
74604,306,933,30.68
74604,313,5408,177.68
74604,407,933,30.68
74604,410,933,30.68
74604,411,933,30.68
70944,305,4282,140.68
70944,306,4282,140.68
70944,498,1330,43.68
35689,1813,1360,44.68
76518,109,3064,100.68
76518,205,1452,47.68
76518,803,1115,36.68
76518,1617,1330,43.68
76518,1706,3064,100.68
76518,1817,4008,131.68
76477,102,1511,49.68
76477,304,1146,37.68
76477,405,2455,80.68
76477,426,2455,80.68
76477,705,1511,49.68
76477,1106,1725,56.68
76477,1117,1725,56.68
76477,1616,1968,64.68
76477,1701,1268,41.68
65775,304,1115,36.68
65775,305,1115,36.68
102894,1105,1756,57.68
102894,1112,902,29.68
102894,1605,2607,85.68
102894,1817,599,19.68
52923,202,4433,145.68
52923,809,994,32.68
52923,908,2182,71.68
52923,916,4374,143.68
52923,1312,1817,59.68
52923,1634,994,32.68
52923,1701,4920,161.68
52923,1801,3156,103.68
80755,205,1146,37.68
80755,1613,4982,163.68
80755,1898,1086,35.68
31453,406,3490,114.68
31453,428,994,32.68
31453,504,994,32.68
31453,1701,4099,134.68
13309,704,1633,53.68
13309,1598,1633,53.68
13309,202,1207,39.68
13309,412,1115,36.68
13309,1015,1633,53.68
13309,1703,1146,37.68
13309,1801,964,31.68
49592,203,1025,33.68
3230,504,994,32.68
3230,1215,2090,68.68
3230,1298,2090,68.68
3230,1809,2090,68.68
96031,305,4739,155.68
3331,206,1572,51.68
3331,432,933,30.68
3331,1113,1207,39.68
11626,798,1452,47.68
11626,1622,964,31.68
11626,1710,1817,59.68
64385,304,1452,47.68
97523,713,749,24.68
97523,1617,994,32.68
97523,1801,811,26.68
44845,1605,2182,71.68
44845,1701,1207,39.68
100226,198,2729,89.68
100226,405,4890,160.68
100226,408,4890,160.68
100226,1705,902,29.68
19090,305,2913,95.68
19090,306,2729,89.68
19090,1105,2029,66.68
19090,1898,2029,66.68
4678,1634,1725,56.68
68014,428,1391,45.68
68014,1110,1391,45.68
68014,1112,1391,45.68
68014,1113,1391,45.68
68014,1119,1391,45.68
68014,1616,4068,133.68
68014,1698,4068,133.68
70360,412,2302,75.68
70360,423,2302,75.68
70360,426,2302,75.68
91787,304,2090,68.68
91787,305,2090,68.68
91787,1305,2455,80.68
73514,426,2090,68.68
73514,612,1786,58.68
73514,1617,4586,150.68
31368,405,5163,169.68
31368,908,5132,168.68
31368,1813,994,32.68
31368,1817,1907,62.68
35787,305,1633,53.68
35787,1803,1391,45.68
74721,710,1391,45.68
74721,713,1330,43.68
88989,1801,872,28.68
88989,1812,2060,67.68
94013,203,749,24.68
94013,410,994,32.68
94013,708,3247,106.68
94013,709,3247,106.68
10249,430,1330,43.68
10249,708,1268,41.68
10249,1617,1268,41.68
47010,406,1572,51.68
47010,407,1572,51.68
47010,713,1177,38.68
47010,914,1664,54.68
47010,915,1603,52.68
47010,916,1542,50.68
96129,304,1817,59.68
96129,1703,2607,85.68
36048,406,2972,97.68
45889,201,1725,56.68
45889,305,2210,72.68
45889,605,1725,56.68
45889,612,1725,56.68
45889,1113,1725,56.68
45889,1801,1725,56.68
6578,306,1177,38.68
6578,708,872,28.68
24757,304,2333,76.68
24757,305,1025,33.68
24757,798,2090,68.68
24757,1298,4160,136.68
24757,1605,2302,75.68
24757,1640,3521,115.68
24757,1802,4068,133.68
24757,1817,3582,117.68
79775,405,902,29.68
79775,426,902,29.68
79775,1617,2029,66.68
79775,1637,1998,65.68
79775,1817,872,28.68
84117,209,1055,34.68
84117,412,933,30.68
84117,601,1055,34.68
84117,607,1055,34.68
55115,202,994,32.68
85008,426,3977,130.68
85008,1114,4282,140.68
85008,1622,1330,43.68
85008,1803,4343,142.68
1445,202,2516,82.68
1445,712,2060,67.68
1445,1801,1756,57.68
1445,1810,2729,89.68
11251,112,2272,74.68
39132,1898,1695,55.68
25866,809,1055,34.68
90382,304,902,29.68
90382,305,902,29.68
90382,423,2607,85.68
90382,432,2151,70.68
90382,1701,1907,62.68
72483,305,2913,95.68
72483,406,4739,155.68
72483,407,4739,155.68
72483,423,4739,155.68
72483,914,2029,66.68
84387,1627,3064,100.68
84387,1801,1542,50.68
84387,1812,2333,76.68
93487,102,749,24.68
93487,118,749,24.68
93487,304,749,24.68
93487,504,749,24.68
93487,915,749,24.68
93487,1113,749,24.68
93487,1616,1207,39.68
72659,428,5438,178.68
72659,498,5438,178.68
72659,1106,5377,176.68
72659,1112,5438,178.68
72659,1198,4982,163.68
85010,1598,1817,59.68
85010,305,1330,43.68
85010,313,2576,84.68
85010,1117,1845,60.68
85010,1617,2547,83.68
9615,307,1360,44.68
9615,710,1633,53.68
9615,1118,2210,72.68
9615,1614,2333,76.68
9615,1627,2882,94.68
9615,1703,1725,56.68
9615,1812,4221,138.68
3485,1605,872,28.68
91109,108,872,28.68
91109,398,872,28.68
91109,426,902,29.68
100275,1617,660,21.68
100275,1898,599,19.68
92097,410,2455,80.68
88619,304,1725,56.68
88619,305,1725,56.68
49956,1704,1452,47.68
49956,1798,2363,77.68
92564,102,2882,94.68
92564,201,2060,67.68
92564,304,3947,129.68
92564,305,3947,129.68
92564,406,933,30.68
92564,498,1817,59.68
92564,612,1086,35.68
92564,1113,2791,91.68
92564,1215,6869,225.68
92564,1701,7386,242.68
92564,1802,4343,142.68
92564,1803,811,26.68
75669,1701,841,27.68
75669,1703,1876,61.68
75669,1705,1330,43.68
7541,404,994,32.68
7541,412,1421,46.68
7541,414,994,32.68
7541,423,1421,46.68
7541,432,1025,33.68
7541,498,1207,39.68
7541,713,1480,48.68
7541,1617,1664,54.68
50991,304,1086,35.68
50991,1812,4647,152.68
1296,305,1786,58.68
1296,405,2913,95.68
55019,514,1146,37.68
55019,908,1146,37.68
55019,1619,2394,78.68
58155,108,902,29.68
58155,198,902,29.68
58155,1605,1115,36.68
93903,304,2913,95.68
93903,305,1786,58.68
93903,898,1817,59.68
93903,1801,4525,148.68
41205,305,1452,47.68
97742,202,902,29.68
97742,713,3794,124.68
100995,202,5469,179.68
100995,205,1937,63.68
100995,206,2425,79.68
100995,412,4920,161.68
100995,712,4920,161.68
100995,1627,4617,151.68
100995,1817,2121,69.68
14364,120,1086,35.68
14364,305,1299,42.68
14364,504,1664,54.68
77877,1105,872,28.68
1999,102,1876,61.68
1999,304,1391,45.68
1999,305,1391,45.68
1999,1812,2729,89.68
76610,202,1330,43.68
76610,1609,1086,35.68
76610,1627,1480,48.68
76610,1640,1480,48.68
76610,1816,1480,48.68
1928,304,1664,54.68
1928,305,1664,54.68
1928,423,2029,66.68
1928,426,2029,66.68
1928,1605,2791,91.68
1928,1698,933,30.68
86551,1208,1695,55.68
86551,1210,1695,55.68
86551,1212,1695,55.68
86551,1298,1695,55.68
86551,1801,3612,118.68
86551,1898,1695,55.68
21178,704,2272,74.68
21178,110,1725,56.68
25476,1215,3459,113.68
62565,102,1115,36.68
62565,1113,1452,47.68
85579,305,2210,72.68
85579,605,2699,88.68
85579,1817,1876,61.68
47156,305,4068,133.68
47156,916,2060,67.68
22395,412,1786,58.68
22395,1619,3156,103.68
17162,1198,1025,33.68
17162,1601,2182,71.68
17162,1617,1968,64.68
43609,304,1330,43.68
43609,1205,1360,44.68
58107,1817,1817,59.68
2585,708,994,32.68
2585,709,994,32.68
2585,1105,4708,154.68
2585,1110,4708,154.68
963,304,1786,58.68
963,305,1786,58.68
71097,311,1086,35.68
71097,1622,1238,40.68
47183,203,1299,42.68
47183,411,1086,35.68
17146,424,994,32.68
17146,1617,2547,83.68
17146,1622,2547,83.68
17146,1627,1330,43.68
17146,1801,2151,70.68
31340,202,1511,49.68
31340,1813,1633,53.68
59671,406,872,28.68
59671,1198,2607,85.68
62034,714,1177,38.68
62034,1811,1299,42.68
54093,1817,2060,67.68
54093,1898,5469,179.68
90077,423,1786,58.68
90077,1817,1786,58.68
37285,604,933,30.68
37285,605,1115,36.68
37285,1198,3247,106.68
30046,304,994,32.68
30046,398,994,32.68
30046,1617,994,32.68
3248,108,1391,45.68
69370,305,1299,42.68
69370,1812,3824,125.68
87289,208,4464,146.68
74464,202,2151,70.68
103515,426,629,20.68
87356,306,1025,33.68
87356,1111,872,28.68
87356,1619,3217,105.68
87356,1801,2821,92.68
59643,203,1268,41.68
59643,305,1146,37.68
59643,306,1146,37.68
59643,504,2455,80.68
59643,809,1998,65.68
59643,1113,2090,68.68
59643,1801,1725,56.68
53304,1110,3671,120.68
53304,1817,2455,80.68
34045,112,2913,95.68
34045,1619,3003,98.68
34045,1634,3003,98.68
96623,428,660,21.68
96623,908,1603,52.68
96623,1627,1572,51.68
46835,1801,1725,56.68
46835,1817,1299,42.68
83315,914,1603,52.68
83315,1614,872,28.68
80533,108,872,28.68
87233,304,933,30.68
87233,1619,3247,106.68
94218,404,780,25.68
94218,423,780,25.68
94218,1617,2210,72.68
35339,202,2029,66.68
98689,298,1055,34.68
98689,1198,2060,67.68
98689,1312,690,22.68
34906,404,2852,93.68
34906,1105,1055,34.68
70104,304,964,31.68
70104,1306,902,29.68
70104,1701,1876,61.68
70104,1704,2060,67.68
70104,1801,841,27.68
70104,1817,1572,51.68
95276,408,933,30.68
95276,1812,1725,56.68
92513,1614,1055,34.68
92684,1704,2972,97.68
87823,404,1268,41.68
87823,410,1268,41.68
87823,1622,3306,108.68
87823,1634,3306,108.68
87823,1637,3306,108.68
87823,1898,3306,108.68
2675,305,1664,54.68
2675,407,1511,49.68
2675,426,1845,60.68
2675,1098,4068,133.68
2675,1198,3337,109.68
2675,1312,1756,57.68
2675,1637,1146,37.68
2675,1798,2151,70.68
29879,1815,4890,160.68
29879,1904,2791,91.68
43602,1813,2182,71.68
39807,109,1391,45.68
39807,1605,1633,53.68
50825,1598,4982,163.68
50825,304,2182,71.68
50825,1117,4982,163.68
50825,1701,4647,152.68
52300,304,1452,47.68
52300,307,1452,47.68
52300,404,1845,60.68
52300,405,1845,60.68
52300,406,1845,60.68
52300,426,1845,60.68
52300,504,6169,202.68
52300,709,5804,190.68
52300,916,1025,33.68
52300,1106,1452,47.68
52300,1698,994,32.68
52300,1701,1756,57.68
52300,1813,5774,189.68
51936,1198,1968,64.68
51936,426,1360,44.68
51936,1110,1998,65.68
51936,1617,1391,45.68
51936,1817,1664,54.68
92876,108,841,27.68
92876,202,1086,35.68
92876,708,933,30.68
7966,1798,1876,61.68
33989,102,3977,130.68
33989,304,3977,130.68
33989,714,1998,65.68
91021,426,2333,76.68
12352,304,1299,42.68
12352,305,1177,38.68
12352,306,1177,38.68
12352,1304,2699,88.68
97999,430,1391,45.68
97999,1817,841,27.68
97999,1898,1055,34.68
53754,407,964,31.68
53754,713,1025,33.68
53754,1609,2638,86.68
53754,1801,2425,79.68
85468,908,1480,48.68
85468,1817,841,27.68
85468,1898,1542,50.68
92758,102,902,29.68
65044,305,1664,54.68
65044,708,1695,55.68
65044,809,1603,52.68
65044,1111,1572,51.68
65044,1210,1572,51.68
65044,1812,1664,54.68
65044,1898,2455,80.68
103472,202,749,24.68
103472,1015,1299,42.68
10507,1701,1238,40.68
10507,1817,2455,80.68
20856,1813,2638,86.68
88672,1617,902,29.68
88672,1803,811,26.68
81626,1898,2272,74.68
62769,406,2029,66.68
62769,426,2029,66.68
62769,432,994,32.68
82016,708,2241,73.68
65143,1701,1025,33.68
26076,1105,1542,50.68
26076,1198,1421,46.68
26076,1617,2760,90.68
7670,304,1786,58.68
7670,305,1786,58.68
7670,1605,2638,86.68
7670,1812,994,32.68
31796,426,2090,68.68
31796,916,1086,35.68
58825,1617,1330,43.68
32240,712,1086,35.68
32240,916,1238,40.68
64714,1603,1756,57.68
64714,1630,4343,142.68
64714,1698,4343,142.68
96048,304,994,32.68
96048,306,994,32.68
96048,410,1207,39.68
96048,411,1207,39.68
96048,1622,1146,37.68
96048,1802,1025,33.68
96048,1898,780,25.68
13589,1113,1572,51.68
13589,1812,4982,163.68
42378,504,4008,131.68
42378,305,1086,35.68
42378,306,3551,116.68
42378,504,5073,166.68
42378,705,4859,159.68
42378,1801,3947,129.68
42378,1817,3643,119.68
15255,102,1664,54.68
15255,304,4798,157.68
15255,504,4890,160.68
15255,1205,1542,50.68
15255,1817,1695,55.68
40348,498,841,27.68
40348,914,1299,42.68
40348,1605,1268,41.68
40348,1704,1756,57.68
92304,432,2029,66.68
92304,1815,1664,54.68
81402,914,1876,61.68
81402,1617,1786,58.68
81402,1898,2090,68.68
2081,202,6443,211.68
2081,304,2821,92.68
2081,405,6078,199.68
2081,423,2060,67.68
2081,426,2060,67.68
2081,504,4678,153.68
2081,1617,7112,233.68
2081,1701,4494,147.68
50455,428,1299,42.68
50455,1817,1633,53.68
69302,305,2394,78.68
69302,306,2394,78.68
69302,407,5469,179.68
69302,411,5529,181.68
69302,1113,1695,55.68
69302,1622,5529,181.68
69302,1634,5529,181.68
69302,1637,5529,181.68
69302,1817,2121,69.68
57900,298,2060,67.68
57900,429,1603,52.68
57900,809,1937,63.68
57900,1898,1268,41.68
83405,101,1937,63.68
83405,105,1937,63.68
49443,1705,2760,90.68
49443,1898,3977,130.68
89227,102,1391,45.68
89227,104,902,29.68
89227,206,4739,155.68
89227,405,6200,203.68
89227,407,6200,203.68
89227,423,6200,203.68
89227,426,6200,203.68
39749,915,1817,59.68
39749,1015,2516,82.68
39749,1640,2455,80.68
39749,1801,1391,45.68
37591,504,1299,42.68
63181,205,1391,45.68
63181,305,2121,69.68
63181,307,994,32.68
63181,809,933,30.68
63181,914,1360,44.68
63181,1113,933,30.68
63181,1801,4190,137.68
63181,1898,4402,144.68
4935,108,3186,104.68
4935,915,4859,159.68
4935,916,4920,161.68
4935,1801,4343,142.68
21813,202,1025,33.68
20557,202,1360,44.68
20557,514,1086,35.68
20557,1215,1086,35.68
20557,1637,2852,93.68
20557,1817,2363,77.68
91600,306,3278,107.68
91600,313,3886,127.68
91600,504,2363,77.68
91600,1215,2272,74.68
7490,405,1360,44.68
7490,798,2941,96.68
7490,1105,1817,59.68
4302,1609,1330,43.68
58411,108,1817,59.68
58411,202,1695,55.68
58411,304,994,32.68
58411,498,2272,74.68
58411,713,933,30.68
58411,914,2151,70.68
58411,1634,2638,86.68
2683,1614,3490,114.68
2683,1802,1207,39.68
73545,1817,1330,43.68
98068,198,690,22.68
98068,1701,721,23.68
52074,202,2791,91.68
52074,414,2638,86.68
52074,711,1299,42.68
52074,809,2151,70.68
52074,898,1238,40.68
52074,915,1299,42.68
52074,1105,2576,84.68
52074,1110,2576,84.68
52074,1111,1238,40.68
52074,1113,2576,84.68
52074,1210,1238,40.68
52074,1701,1421,46.68
52074,1801,2821,92.68
52074,1803,1725,56.68
52074,1898,1360,44.68
93993,1198,2576,84.68
93993,1110,2576,84.68
93993,1215,1633,53.68
93993,1605,2151,70.68
93993,1617,1603,52.68
93993,1898,2060,67.68
17904,708,1725,56.68
17904,1609,1725,56.68
17904,1616,1725,56.68
70109,1624,1299,42.68
39671,720,1330,43.68
93447,201,902,29.68
93447,432,2941,96.68
93447,504,902,29.68
93447,519,872,28.68
93447,605,1511,49.68
93447,1701,2972,97.68
54418,1105,2241,73.68
54418,1113,2486,81.68
54418,1801,3916,128.68
8308,305,1086,35.68
12325,1801,3033,99.68
62749,1616,1268,41.68
62749,1617,1330,43.68
68458,1798,3824,125.68
26322,298,1603,52.68
26322,410,2729,89.68
26322,426,1603,52.68
26322,604,1907,62.68
26322,1701,1177,38.68
32168,304,1421,46.68
32168,305,1421,46.68
32168,798,2972,97.68
81836,202,1330,43.68
81836,406,1330,43.68
53670,305,994,32.68
53670,426,4008,131.68
53670,1622,4464,146.68
53670,1634,4464,146.68
53670,1701,3643,119.68
53670,1898,1452,47.68
88809,1605,872,28.68
89909,304,1664,54.68
94826,803,1633,53.68
94826,910,1268,41.68
94826,1817,1572,51.68
4831,411,1025,33.68
4831,1616,2090,68.68
4831,1637,1025,33.68
12956,1634,1330,43.68
64638,205,1603,52.68
64638,304,2333,76.68
64638,307,1603,52.68
64638,404,1238,40.68
64638,411,1238,40.68
64638,423,2333,76.68
64638,610,1452,47.68
64638,809,1207,39.68
64638,1637,1207,39.68
45372,304,1480,48.68
61391,498,933,30.68
13501,305,1876,61.68
13501,1215,2607,85.68
43772,304,2516,82.68
43772,428,872,28.68
90148,1701,1268,41.68
50175,414,2029,66.68
50175,708,1511,49.68
50175,1298,933,30.68
50175,1801,902,29.68
36348,202,2821,92.68
37474,1102,3733,122.68
41160,304,872,28.68
41160,305,872,28.68
41160,1117,902,29.68
51691,809,872,28.68
88219,202,964,31.68
88219,1616,994,32.68
44985,305,2821,92.68
44985,1816,1115,36.68
44985,1817,1360,44.68
102604,406,1238,40.68
102604,908,872,28.68
102604,1110,872,28.68
91311,201,3855,126.68
1783,498,902,29.68
1783,916,3306,108.68
1783,998,3306,108.68
1783,1105,2516,82.68
1783,1111,1177,38.68
1783,1198,1876,61.68
1783,1817,2972,97.68
57117,504,1360,44.68
57117,304,1330,43.68
57117,306,1330,43.68
57117,504,1299,42.68
57117,1617,4221,138.68
63073,407,994,32.68
75275,304,1360,44.68
75275,1111,2090,68.68
75275,1298,2394,78.68
75275,1312,3094,101.68
75275,1609,4282,140.68
57976,304,964,31.68
57976,305,964,31.68
57976,1111,3643,119.68
57976,1113,811,26.68
57976,1210,3643,119.68
59935,202,2941,96.68
59935,415,1330,43.68
59935,1802,2941,96.68
59935,1812,3306,108.68
24644,1634,1725,56.68
62035,423,902,29.68
64822,708,2455,80.68
36892,414,3702,121.68
36892,915,3916,128.68
36892,1698,4920,161.68
38659,202,1299,42.68
38659,407,1299,42.68
38659,708,841,27.68
38659,915,2210,72.68
38659,1813,4433,145.68
38659,1898,1786,58.68
70765,504,3094,101.68
70765,305,902,29.68
70765,504,3094,101.68
70765,1616,1695,55.68
70765,1619,3094,101.68
70765,1701,1391,45.68
70765,1705,1391,45.68
47852,704,2913,95.68
47852,298,2151,70.68
47852,428,1452,47.68
47852,708,2302,75.68
47852,1701,1756,57.68
91902,504,2241,73.68
91902,698,2607,85.68
91902,1198,1998,65.68
91902,102,1876,61.68
91902,304,5163,169.68
91902,305,1633,53.68
91902,504,2668,87.68
91902,512,1238,40.68
91902,612,2699,88.68
91902,898,2029,66.68
91902,1105,1876,61.68
91902,1117,1876,61.68
91902,1298,2121,69.68
73132,1617,1207,39.68
50707,1627,4160,136.68
50707,1701,3429,112.68
11736,108,1238,40.68
80206,101,1360,44.68
80206,306,2363,77.68
80206,426,1086,35.68
80206,1111,2302,75.68
80206,1304,1146,37.68
80206,1617,2791,91.68
80206,1801,1360,44.68
80206,1817,2638,86.68
51079,1801,1025,33.68
63926,1614,1725,56.68
63926,1801,1299,42.68
45753,1622,1845,60.68
87569,305,1725,56.68
87569,1619,2760,90.68
73307,108,1299,42.68
73307,304,1360,44.68
73307,305,1360,44.68
73307,307,1360,44.68
73307,610,3003,98.68
73307,708,933,30.68
73307,709,933,30.68
73307,1623,3003,98.68
22532,306,2425,79.68
22532,1801,3855,126.68
22532,1812,2852,93.68
44517,304,1725,56.68
44517,504,1725,56.68
44517,914,1177,38.68
44517,1117,1725,56.68
44517,1614,1725,56.68
44517,1640,1907,62.68
83155,310,6016,197.68
83155,425,1055,34.68
83155,608,1360,44.68
83155,916,1360,44.68
83155,1211,1360,44.68
83155,1407,2394,78.68
83155,1698,1055,34.68
83155,1898,2272,74.68
76247,1812,994,32.68
102492,202,476,15.68
4183,116,1633,53.68
4183,304,1146,37.68
4183,428,1756,57.68
4183,705,2699,88.68
4183,706,1817,59.68
4183,1609,5073,166.68
4183,1630,5104,167.68
99069,408,721,23.68
99069,705,1360,44.68
99069,713,2302,75.68
79336,198,1603,52.68
79336,306,2121,69.68
79336,504,1055,34.68
79336,604,2972,97.68
79336,605,2972,97.68
79336,703,2821,92.68
79336,798,2821,92.68
79336,805,2668,87.68
79336,908,2821,92.68
79336,998,2699,88.68
79336,1312,2821,92.68
81855,601,1817,59.68
81855,798,1817,59.68
81855,405,3186,104.68
81855,412,3247,106.68
81855,426,3217,105.68
81855,498,3064,100.68
81855,712,3247,106.68
81855,719,3217,105.68
81855,721,1817,59.68
79255,103,902,29.68
79255,428,902,29.68
79255,713,1756,57.68
79255,1801,1633,53.68
79255,1817,1695,55.68
10785,426,1817,59.68
54098,108,2972,97.68
54098,202,4433,145.68
54098,304,2241,73.68
54098,307,1146,37.68
54098,313,4464,146.68
54098,406,4190,137.68
54098,412,4068,133.68
54098,498,2241,73.68
89791,1803,5743,188.68
88376,998,1055,34.68
80769,116,2029,66.68
80769,304,1664,54.68
80769,411,3459,113.68
80769,432,2638,86.68
80769,705,2272,74.68
80769,1304,1421,46.68
80769,1637,2913,95.68
80769,1698,1756,57.68
82658,305,1511,49.68
82658,498,1146,37.68
42826,202,3977,130.68
42826,405,3977,130.68
42826,719,3977,130.68
42826,1701,1633,53.68
42826,1801,2821,92.68
42826,1817,4008,131.68
5826,915,933,30.68
5826,1298,1542,50.68
5826,1627,2699,88.68
5826,1810,2607,85.68
31205,1598,1360,44.68
31205,304,1421,46.68
31205,407,964,31.68
31205,425,3278,107.68
31205,432,964,31.68
31205,705,994,32.68
31205,915,1330,43.68
31205,1015,3459,113.68
31205,1108,1330,43.68
31205,1710,2941,96.68
31205,1813,1968,64.68
49909,405,2516,82.68
49909,407,2516,82.68
49909,424,2516,82.68
49909,1212,1207,39.68
49909,1898,1207,39.68
14223,1801,1786,58.68
3155,202,2941,96.68
86252,504,2241,73.68
86252,198,2241,73.68
86252,423,872,28.68
86252,504,2241,73.68
86252,1622,902,29.68
94078,202,933,30.68
94078,410,994,32.68
94078,411,994,32.68
94078,432,749,24.68
94078,709,811,26.68
84587,1605,872,28.68
84587,1617,902,29.68
71990,305,1572,51.68
71990,713,2333,76.68
71990,1617,2090,68.68
71990,1812,1786,58.68
69942,305,1511,49.68
78765,108,1086,35.68
78765,709,1115,36.68
78765,1815,1055,34.68
94570,405,2576,84.68
94570,406,2576,84.68
94570,423,2576,84.68
94570,424,690,22.68
94570,426,690,22.68
32420,1698,964,31.68
32420,1817,1238,40.68
82552,304,1055,34.68
82552,1609,1086,35.68
82552,1622,1086,35.68
82552,1634,1086,35.68
82552,1637,1086,35.68
82552,1640,1086,35.68
97255,426,1238,40.68
97255,914,690,22.68
97255,1701,690,22.68
80241,1798,964,31.68
9478,198,2060,67.68
9478,1616,1695,55.68
9478,1804,3217,105.68
9478,1805,3217,105.68
9478,1898,3217,105.68
75347,112,1876,61.68
75347,1112,872,28.68
75347,1215,994,32.68
467,305,994,32.68
467,398,994,32.68
467,708,1876,61.68
467,1622,1876,61.68
15033,304,1268,41.68
15033,305,1268,41.68
15033,423,5894,193.68
15033,428,1511,49.68
20730,1801,1025,33.68
20908,304,2972,97.68
20908,915,3916,128.68
20908,1802,3551,116.68
20908,1898,3824,125.68
17941,428,2425,79.68
17941,1605,3337,109.68
93133,305,2121,69.68
93133,306,2486,81.68
93133,411,2060,67.68
93133,432,841,27.68
93133,1804,2486,81.68
93133,1817,1786,58.68
93133,1898,2486,81.68
67647,108,1268,41.68
67647,405,2029,66.68
67647,410,2394,78.68
67647,426,1998,65.68
67647,1110,2272,74.68
67647,1605,2121,69.68
67647,1616,2486,81.68
67647,1622,2486,81.68
67647,1817,1664,54.68
50430,202,1633,53.68
50430,1617,1238,40.68
12061,1627,3186,104.68
46269,406,2121,69.68
46269,1113,2486,81.68
97082,916,994,32.68
79815,304,1177,38.68
79815,708,3582,117.68
79815,1634,3886,127.68
22394,304,4068,133.68
22394,411,3217,105.68
22394,598,1115,36.68
22394,1198,3217,105.68
22394,1215,933,30.68
22394,1705,1817,59.68
43413,1412,811,26.68
43413,1605,4008,131.68
43413,1617,3186,104.68
43413,1813,3794,124.68
39549,809,2547,83.68
39549,1498,1695,55.68
84306,1622,2241,73.68
79557,1609,933,30.68
79557,1617,1360,44.68
28197,101,4647,152.68
28197,102,1845,60.68
28197,610,6990,229.68
16779,116,2121,69.68
16779,304,1177,38.68
16779,305,1177,38.68
16779,504,2486,81.68
69702,426,2882,94.68
69702,711,964,31.68
69702,1113,933,30.68
69702,1804,4678,153.68
69702,1898,5804,190.68
5956,1812,1452,47.68
5956,1817,2090,68.68
16385,1617,2941,96.68
16385,1817,1268,41.68
3802,498,1756,57.68
3802,1105,1299,42.68
3802,1616,1968,64.68
3802,1623,1876,61.68
3802,1628,1268,41.68
3802,1634,1968,64.68
3802,1898,1299,42.68
63739,411,1055,34.68
63739,432,1330,43.68
63739,1616,1664,54.68
63739,1701,1786,58.68
63739,1801,1421,46.68
6655,1113,1055,34.68
6655,1803,1115,36.68
54246,712,3763,123.68
54246,719,3763,123.68
54246,1801,2302,75.68
4667,412,1633,53.68
4667,1110,994,32.68
4667,1619,1876,61.68
4667,1801,2638,86.68
4646,432,1817,59.68
84756,305,2638,86.68
84756,408,5163,169.68
84756,428,2241,73.68
84756,714,3306,108.68
84756,916,902,29.68
84756,1111,6990,229.68
34849,305,964,31.68
34849,404,3337,109.68
34849,411,2455,80.68
34849,412,3337,109.68
34849,432,1695,55.68
34849,1603,3337,109.68
34849,1622,3337,109.68
34849,1817,964,31.68
34849,1898,1603,52.68
75374,708,902,29.68
75374,1106,933,30.68
75374,1216,2121,69.68
89498,202,1695,55.68
89498,411,2425,79.68
89498,1698,1572,51.68
89498,1701,964,31.68
87499,902,2547,83.68
87499,902,2547,83.68
87499,916,933,30.68
87499,1617,1025,33.68
87499,1817,1177,38.68
14796,208,1207,39.68
14796,304,1207,39.68
14796,305,1207,39.68
73422,102,1542,50.68
73422,304,1876,61.68
73422,915,933,30.68
73422,998,933,30.68
28010,916,476,15.68
92490,510,2060,67.68
92490,1215,2241,73.68
92490,1634,1391,45.68
92490,1801,1572,51.68
79521,1813,964,31.68
27550,1801,2913,95.68
61122,304,2151,70.68
61122,311,2151,70.68
61122,1105,933,30.68
61122,1117,933,30.68
94801,119,1055,34.68
94801,120,1055,34.68
5986,304,1086,35.68
5986,305,2060,67.68
5986,307,2060,67.68
5986,1614,2060,67.68
5986,1619,2060,67.68
21401,198,933,30.68
21401,428,2791,91.68
21401,708,3643,119.68
21401,709,3643,119.68
21401,1198,1603,52.68
21401,1617,4221,138.68
21401,1801,1238,40.68
20148,102,1968,64.68
20148,304,1115,36.68
20148,305,1115,36.68
20148,1801,2882,94.68
20148,1817,1817,59.68
4723,306,1391,45.68
4723,1113,1115,36.68
4723,1616,5560,182.68
4723,1627,5560,182.68
29233,202,933,30.68
89648,104,1025,33.68
89648,305,4343,142.68
89648,504,1845,60.68
89648,1113,2729,89.68
89648,1215,1025,33.68
35559,102,902,29.68
35559,202,4282,140.68
35559,426,964,31.68
35559,1106,1055,34.68
35559,1703,2425,79.68
35559,1810,1968,64.68
76029,304,1664,54.68
76029,426,2029,66.68
76029,1605,2760,90.68
76029,1627,2272,74.68
2575,404,1055,34.68
24969,412,933,30.68
24969,426,933,30.68
17690,202,2241,73.68
39887,1801,2241,73.68
68186,202,3490,114.68
68186,206,1086,35.68
68186,713,2576,84.68
68186,1701,1086,35.68
68186,1798,2882,94.68
28533,1312,1115,36.68
28533,1627,2151,70.68
56733,205,2121,69.68
56733,304,1299,42.68
56733,305,1299,42.68
56733,307,1299,42.68
56733,410,3824,125.68
56733,411,2302,75.68
56733,498,1360,44.68
56733,706,5804,190.68
56733,708,1633,53.68
56733,998,902,29.68
56733,1107,902,29.68
56733,1637,5651,185.68
93101,1113,872,28.68
3022,304,2576,84.68
3022,305,2576,84.68
3022,307,2576,84.68
3022,705,2791,91.68
3022,911,1115,36.68
3022,1619,5377,176.68
102101,202,568,18.68
102101,798,811,26.68
102101,1640,872,28.68
41502,202,964,31.68
41502,1113,1177,38.68
41502,1801,1177,38.68
41502,1817,1177,38.68
11717,304,3521,115.68
11717,305,3551,116.68
11717,415,3094,101.68
11717,1105,2791,91.68
11717,1106,3125,102.68
4746,304,1207,39.68
4746,305,1207,39.68
4746,307,1207,39.68
4746,708,1876,61.68
4746,711,1876,61.68
4746,1111,1146,37.68
57654,507,1360,44.68
57654,507,1360,44.68
57654,1617,1542,50.68
57654,1801,1177,38.68
74626,504,5104,167.68
74626,504,4920,161.68
60257,304,1480,48.68
60257,307,1480,48.68
60257,426,933,30.68
60257,709,1480,48.68
60257,809,1480,48.68
26162,202,1025,33.68
26162,205,1633,53.68
26162,1627,2760,90.68
26162,1801,2455,80.68
1518,305,1238,40.68
1518,306,2699,88.68
1518,307,2576,84.68
1518,711,1633,53.68
1518,1198,1633,53.68
1518,1208,1603,52.68
1518,1622,1633,53.68
1518,1801,1480,48.68
1518,1817,2363,77.68
14230,202,1268,41.68
14230,423,1633,53.68
14230,1619,4859,159.68
15059,1110,872,28.68
85117,104,933,30.68
85117,104,933,30.68
85117,1615,872,28.68
34606,1810,4647,152.68
50575,311,1725,56.68
50575,410,1391,45.68
50575,412,1695,55.68
50575,1617,1542,50.68
50575,1637,1268,41.68
57543,415,1025,33.68
57543,1617,1360,44.68
57543,1817,933,30.68
18786,304,933,30.68
18786,305,933,30.68
18786,504,2638,86.68
18786,512,2638,86.68
18786,803,2638,86.68
18786,1106,1511,49.68
18786,1113,1511,49.68
18786,1118,1511,49.68
18786,1305,994,32.68
88057,504,2151,70.68
88057,405,1542,50.68
88057,504,2151,70.68
60133,1198,2668,87.68
60133,304,1146,37.68
60133,305,1146,37.68
60133,1198,2668,87.68
28682,202,872,28.68
100929,705,749,24.68
10398,102,1633,53.68
10398,201,1452,47.68
10398,202,4798,157.68
10398,705,2241,73.68
10398,711,1086,35.68
10398,1106,1452,47.68
10398,1118,1452,47.68
71500,304,1086,35.68
71500,305,1086,35.68
71500,306,1086,35.68
71500,1106,1086,35.68
78803,305,933,30.68
78803,306,933,30.68
78803,1805,1542,50.68
10764,408,2791,91.68
77008,313,1664,54.68
35311,914,1055,34.68
35311,916,1055,34.68
35311,1637,568,18.68
50805,1202,2029,66.68
50805,104,2668,87.68
50805,107,2729,89.68
50805,298,1633,53.68
50805,305,1998,65.68
50805,398,1998,65.68
50805,411,964,31.68
50805,498,1025,33.68
50805,607,1603,52.68
50805,1110,964,31.68
50805,1113,964,31.68
50805,1617,1725,56.68
50805,1640,1725,56.68
50805,1817,1907,62.68
12287,102,1360,44.68
12287,1105,2455,80.68
12287,1312,1360,44.68
12287,1698,4464,146.68
12287,1801,2516,82.68
84250,398,964,31.68
84250,719,964,31.68
58021,705,964,31.68
58021,1701,1115,36.68
58021,1703,1025,33.68
65122,202,1360,44.68
65122,405,1360,44.68
65122,713,1876,61.68
102164,705,1695,55.68
102164,713,3217,105.68
102164,1111,1115,36.68
102164,1210,1115,36.68
102164,1627,1633,53.68
102164,1801,3733,122.68
37118,117,2363,77.68
37118,198,2363,77.68
37118,1616,3671,120.68
37118,1817,1756,57.68
37118,1998,2363,77.68
27496,1816,1299,42.68
80479,202,994,32.68
80479,304,1086,35.68
80479,313,3855,126.68
80479,405,1664,54.68
80479,410,1664,54.68
80479,412,1664,54.68
80479,504,1664,54.68
80479,712,1664,54.68
80479,1113,1086,35.68
80479,1637,4190,137.68
80479,1698,1664,54.68
72497,705,5469,179.68
72497,719,1695,55.68
72497,809,3306,108.68
82550,198,1115,36.68
82550,118,1115,36.68
82550,307,1115,36.68
82550,1622,994,32.68
82550,1801,964,31.68
88549,206,3612,118.68
88549,1312,4099,134.68
83136,713,841,27.68
83136,1816,1238,40.68
95267,107,841,27.68
95267,202,780,25.68
95267,207,780,25.68
95267,603,780,25.68
33524,407,1115,36.68
59508,708,1876,61.68
43088,426,2455,80.68
43088,1898,4008,131.68
82399,304,2913,95.68
82399,1112,1086,35.68
82399,1118,1086,35.68
92400,102,1725,56.68
92400,205,1725,56.68
92400,304,2821,92.68
92400,305,3125,102.68
92400,512,780,25.68
92400,605,933,30.68
92400,908,2060,67.68
92400,1216,1360,44.68
58244,1110,1511,49.68
45278,102,1025,33.68
45278,398,3582,117.68
45278,426,4343,142.68
45278,514,2486,81.68
45278,908,2455,80.68
45278,916,2455,80.68
79170,1801,1238,40.68
76087,304,1207,39.68
76087,708,1207,39.68
76087,916,1511,49.68
76087,1701,994,32.68
28674,102,1664,54.68
28674,304,2760,90.68
28674,705,4951,162.68
28674,916,933,30.68
580,111,3643,119.68
580,304,1998,65.68
59052,108,1664,54.68
59052,423,964,31.68
59052,714,1968,64.68
59052,1106,1025,33.68
59052,1108,1025,33.68
59052,1609,2151,70.68
59052,1617,2182,71.68
59052,1701,2607,85.68
59052,1817,1086,35.68
90419,101,1480,48.68
90419,103,1480,48.68
90419,304,1876,61.68
2986,205,2241,73.68
2986,304,1603,52.68
2986,305,1603,52.68
2986,307,4555,149.68
2986,412,4525,148.68
2986,423,4282,140.68
2986,908,1725,56.68
2986,1111,1207,39.68
87034,108,1146,37.68
87034,405,1268,41.68
87034,407,1268,41.68
87034,423,1299,42.68
87034,426,1299,42.68
87034,498,872,28.68
87034,916,1299,42.68
95701,202,1025,33.68
95701,1622,1207,39.68
95701,1816,841,27.68
46446,1634,1480,48.68
19330,713,2151,70.68
19330,1112,1146,37.68
19330,1627,2363,77.68
19330,1801,1998,65.68
19330,1803,1146,37.68
19330,1898,2182,71.68
85706,202,4951,162.68
85706,304,1115,36.68
85706,1801,2516,82.68
41546,406,1452,47.68
41546,428,1086,35.68
41546,1007,1725,56.68
41546,1009,1086,35.68
41546,1113,1299,42.68
41088,1105,1480,48.68
41088,1798,1391,45.68
41088,1898,3551,116.68
34086,512,1268,41.68
34086,514,1268,41.68
34086,516,1268,41.68
34086,605,1268,41.68
34086,610,1268,41.68
34086,906,1268,41.68
34086,916,1268,41.68
34086,1305,1268,41.68
24337,313,2210,72.68
24337,1801,1299,42.68
24337,1898,1756,57.68
60054,1801,1360,44.68
32173,504,902,29.68
93944,424,1603,52.68
32491,423,994,32.68
84339,304,841,27.68
84339,305,841,27.68
84339,307,841,27.68
52058,304,1817,59.68
52058,1698,2455,80.68
89586,305,1330,43.68
30974,101,1207,39.68
30974,201,1207,39.68
30974,304,2060,67.68
30974,305,2060,67.68
30974,306,2060,67.68
30974,603,1207,39.68
30974,1616,5863,192.68
30974,1619,3582,117.68
30974,1633,4951,162.68
30974,1701,5560,182.68
70601,408,2425,79.68
70601,1609,3794,124.68
52247,426,1268,41.68
52247,1627,2182,71.68
52247,1630,3763,123.68
52247,1898,2394,78.68
66340,425,1299,42.68
66340,1616,1299,42.68
66340,1617,1299,42.68
74625,102,1238,40.68
74625,205,933,30.68
74625,304,1664,54.68
74625,414,1664,54.68
74625,798,3064,100.68
74625,1106,1664,54.68
37837,298,1876,61.68
37837,306,3306,108.68
37837,1805,3306,108.68
37837,1809,3306,108.68
8252,101,1452,47.68
8252,102,2486,81.68
8252,201,1876,61.68
8252,305,1756,57.68
8252,311,6139,201.68
8252,803,1695,55.68
8252,1804,3855,126.68
92120,102,1391,45.68
92120,304,1756,57.68
92120,504,1025,33.68
92120,1108,5043,165.68
51715,407,872,28.68
26522,715,1086,35.68
26522,1605,1572,51.68
96734,307,902,29.68
96734,414,1299,42.68
41760,1617,1542,50.68
41760,1701,2210,72.68
56990,404,1725,56.68
56990,426,1086,35.68
56990,1801,1786,58.68
289,304,2121,69.68
289,305,2121,69.68
29407,407,1756,57.68
29407,1801,3186,104.68
29407,1816,3702,121.68
18327,1816,2455,80.68
13604,202,2852,93.68
13604,426,2516,82.68
13604,1605,2272,74.68
13604,1634,1633,53.68
99962,610,1695,55.68
99962,1817,2821,92.68
45893,1617,1146,37.68
69963,1110,1480,48.68
77149,305,1177,38.68
77149,306,933,30.68
77149,1637,1391,45.68
99071,198,1177,38.68
99071,198,994,32.68
87564,405,1786,58.68
87564,426,1786,58.68
77147,304,1756,57.68
77147,305,1756,57.68
77147,1106,1756,57.68
77147,1801,1695,55.68
7104,304,2425,79.68
7104,305,2425,79.68
7104,612,1633,53.68
7104,898,1633,53.68
7104,1117,5347,175.68
91976,411,1452,47.68
91976,1634,1452,47.68
91976,1801,1330,43.68
72682,425,2791,91.68
72682,713,2486,81.68
72682,1698,2729,89.68
72682,1703,1055,34.68
50433,712,964,31.68
50433,1617,1238,40.68
59184,201,2060,67.68
76587,206,811,26.68
76587,307,2547,83.68
76587,1105,2547,83.68
76587,1817,2151,70.68
51135,205,1725,56.68
51135,305,1238,40.68
51135,1637,2821,92.68
51135,1814,2241,73.68
69399,313,1876,61.68
69399,426,1664,54.68
69399,1619,1876,61.68
93824,305,1695,55.68
93824,504,1146,37.68
93824,1809,1876,61.68
93824,1810,1876,61.68
95721,306,1511,49.68
95721,1701,1542,50.68
95721,1703,2425,79.68
95721,1811,1968,64.68
95721,1812,1968,64.68
57726,408,1695,55.68
57726,426,1695,55.68
57726,1630,1998,65.68
60744,704,4647,152.68
60744,109,5894,193.68
60744,304,5529,181.68
60744,306,5529,181.68
92660,111,902,29.68
92660,202,2241,73.68
92660,304,1268,41.68
92660,406,964,31.68
92660,908,994,32.68
92660,1802,1907,62.68
9417,304,1025,33.68
9417,714,964,31.68
9417,1617,1725,56.68
42523,404,1360,44.68
82675,423,2882,94.68
82675,426,2882,94.68
82675,428,1876,61.68
82675,504,1542,50.68
82675,705,1360,44.68
82675,911,3612,118.68
82675,1113,872,28.68
82675,1805,4313,141.68
37450,1817,2882,94.68
21480,102,1725,56.68
21480,304,2576,84.68
21480,305,1115,36.68
21480,428,3156,103.68
21480,432,4647,152.68
21480,916,1025,33.68
21480,1113,3398,111.68
21480,1798,3186,104.68
21480,1801,2363,77.68
38152,1605,2090,68.68
38152,1617,3521,115.68
38152,1622,3521,115.68
38152,1634,3521,115.68
38152,1637,3521,115.68
38152,1640,3521,115.68
38152,1815,3398,111.68
38152,1817,1664,54.68
90045,910,2760,90.68
90045,916,2029,66.68
90045,1105,2090,68.68
90045,1611,4313,141.68
102576,1106,1845,60.68
16549,709,2090,68.68
70013,304,933,30.68
70013,305,1207,39.68
70013,307,933,30.68
70013,313,933,30.68
70013,408,902,29.68
70013,709,994,32.68
70013,916,1360,44.68
70013,998,1025,33.68
70013,1113,933,30.68
28015,304,2090,68.68
28015,305,2090,68.68
60803,916,1511,49.68
60803,1617,1391,45.68
66771,305,2699,88.68
66771,809,1207,39.68
66771,1617,5377,176.68
67533,305,1268,41.68
67533,1113,1086,35.68
67533,1312,1055,34.68
67533,1627,3886,127.68
67533,1801,4525,148.68
70796,415,933,30.68
102623,1813,1360,44.68
83598,1801,1299,42.68
56782,108,1299,42.68
78742,1637,1480,48.68
21621,109,1633,53.68
21621,198,1572,51.68
21621,306,964,31.68
21621,404,1664,54.68
21621,412,1330,43.68
45656,203,902,29.68
55719,426,872,28.68
50105,198,1603,52.68
50105,201,1664,54.68
50105,998,1480,48.68
50105,198,1603,52.68
50105,205,1664,54.68
50105,405,902,29.68
50105,423,902,29.68
50105,998,1480,48.68
50105,1617,1664,54.68
50105,1801,1603,52.68
46626,1817,2425,79.68
89418,1801,1360,44.68
92458,709,2607,85.68
62109,1110,3247,106.68
55255,412,1360,44.68
55255,426,1360,44.68
55255,714,1845,60.68
55255,1617,1817,59.68
94795,1640,994,32.68
87457,898,1817,59.68
87457,1598,1603,52.68
87457,305,1664,54.68
87457,898,1817,59.68
87457,1117,1603,52.68
77857,1801,1695,55.68
90435,504,5529,181.68
90435,102,933,30.68
90435,504,5529,181.68
90435,1105,933,30.68
59642,1198,1055,34.68
59642,1110,1055,34.68
73309,1701,1177,38.68
73309,1801,2151,70.68
29912,108,1725,56.68
29912,1105,2121,69.68
29912,1898,2121,69.68
18491,411,872,28.68
18491,432,933,30.68
18491,1617,1055,34.68
18491,1801,902,29.68
75167,108,1817,59.68
75167,1801,1086,35.68
32316,1812,1725,56.68
37991,1810,4252,139.68
83165,411,1511,49.68
90062,102,1876,61.68
90062,119,5073,166.68
90062,1110,1330,43.68
90062,1113,1330,43.68
90062,1305,3794,124.68
83774,111,1025,33.68
89072,426,1845,60.68
89072,1617,1907,62.68
98887,1622,994,32.68
98887,1801,660,21.68
98887,1812,902,29.68
80489,116,964,31.68
80489,202,3977,130.68
80489,304,964,31.68
80489,428,1086,35.68
80489,705,2607,85.68
80489,914,2972,97.68
80489,1111,3977,130.68
80489,1811,4313,141.68
80489,1812,4313,141.68
80489,1817,3094,101.68
93024,1617,841,27.68
63196,423,2729,89.68
63196,1198,2060,67.68
63196,1602,994,32.68
100724,103,1542,50.68
100724,106,1542,50.68
100724,1198,1542,50.68
100724,103,1542,50.68
100724,1106,1542,50.68
95625,916,1603,52.68
95625,1812,2394,78.68
95625,1813,2394,78.68
95625,1817,1360,44.68
32472,798,4037,132.68
32472,1105,2699,88.68
32472,1617,4160,136.68
32472,1622,1664,54.68
32472,1627,1299,42.68
32472,1817,1055,34.68
84092,110,3247,106.68
84092,198,3247,106.68
84092,809,1055,34.68
84092,898,1055,34.68
84092,1014,1725,56.68
84092,1312,2060,67.68
82956,108,4313,141.68
82956,306,2607,85.68
82956,430,4617,151.68
82956,915,1299,42.68
82956,1312,964,31.68
82956,1704,3824,125.68
82956,1816,2486,81.68
5999,305,1391,45.68
5999,408,1845,60.68
5999,1110,2151,70.68
5999,1801,2029,66.68
35820,428,1511,49.68
35820,498,1511,49.68
35820,1113,1876,61.68
35820,1816,3886,127.68
83582,1117,4433,145.68
83582,1637,4433,145.68
83582,1801,1786,58.68
10376,304,811,26.68
10376,305,811,26.68
10376,404,4190,137.68
10376,411,1330,43.68
10376,1701,5804,190.68
10376,1704,1633,53.68
68994,411,933,30.68
68994,430,1452,47.68
68994,432,1330,43.68
68994,1630,1511,49.68
68994,1815,1299,42.68
24098,304,1756,57.68
24098,1801,3947,129.68
50681,423,1025,33.68
726,1617,1421,46.68
726,1701,1207,39.68
4153,111,1756,57.68
4153,112,1756,57.68
37868,304,1633,53.68
37868,504,3094,101.68
37868,1110,2363,77.68
47388,313,2210,72.68
47388,423,994,32.68
47388,1708,1511,49.68
87525,115,3125,102.68
87525,713,2882,94.68
49429,101,1421,46.68
49429,102,1907,62.68
49429,304,3125,102.68
49429,306,2760,90.68
58246,1622,994,32.68
49092,109,994,32.68
49092,206,2302,75.68
49092,423,3916,128.68
49092,428,1330,43.68
49092,714,3612,118.68
49092,1811,4525,148.68
49092,1812,2821,92.68
54112,405,1786,58.68
54112,1105,1025,33.68
44488,412,4008,131.68
44488,1708,3947,129.68
44488,1816,3855,126.68
58871,305,994,32.68
58871,1640,2852,93.68
58871,1703,2821,92.68
77049,1598,5713,187.68
77049,306,2394,78.68
77049,498,6228,204.68
77049,1798,3643,119.68
77049,1803,6228,204.68
54990,404,1115,36.68
54243,1616,2029,66.68
47904,198,3094,101.68
47904,112,3125,102.68
47904,428,872,28.68
47904,1627,1664,54.68
9445,109,2060,67.68
9445,115,2516,82.68
9445,198,2029,66.68
9445,202,1268,41.68
9445,305,1756,57.68
9445,306,1756,57.68
9445,412,2182,71.68
9445,504,2210,72.68
9445,712,2210,72.68
9445,1105,3247,106.68
9445,1628,1360,44.68
9445,1634,4374,143.68
9445,1710,2394,78.68
9445,1898,1756,57.68
18876,1813,1695,55.68
5460,406,1664,54.68
8613,1198,4068,133.68
8613,423,2972,97.68
22472,504,2090,68.68
22472,1312,1360,44.68
22472,1898,933,30.68
94785,1605,841,27.68
26623,206,1238,40.68
26623,405,3824,125.68
26623,406,3824,125.68
26623,1198,1207,39.68
59444,305,1115,36.68
59444,1098,2882,94.68
59444,1898,1511,49.68
56025,708,1480,48.68
56025,1622,1025,33.68
65907,120,3763,123.68
65907,305,1055,34.68
65907,915,4190,137.68
57110,305,1542,50.68
64900,304,3247,106.68
64900,1106,2151,70.68
64900,1113,2151,70.68
64900,1627,2151,70.68
28536,407,872,28.68
28536,408,872,28.68
28536,411,872,28.68
28536,504,1025,33.68
28536,1801,902,29.68
28536,1898,1115,36.68
26968,1212,1360,44.68
26968,1298,1360,44.68
26968,1613,1360,44.68
80921,202,1695,55.68
84773,1198,3643,119.68
84773,1014,2121,69.68
84773,1110,3643,119.68
98996,432,660,21.68
16831,198,2547,83.68
16831,304,1177,38.68
16831,305,1177,38.68
16831,798,1177,38.68
16831,1812,2363,77.68
42211,423,1968,64.68
58740,431,2455,80.68
58740,504,3247,106.68
58740,1912,2455,80.68
61925,205,1177,38.68
61925,304,690,22.68
61925,305,690,22.68
61925,306,690,22.68
61925,307,690,22.68
61925,1701,4617,151.68
61925,1798,3886,127.68
61925,1801,4555,149.68
72666,304,1817,59.68
72666,1812,2210,72.68
89264,410,872,28.68
73046,1598,3337,109.68
73046,406,3702,121.68
73046,498,3702,121.68
73046,1110,3337,109.68
65032,504,1452,47.68
65032,1113,1086,35.68
65032,1813,902,29.68
12384,1198,4221,138.68
12384,1110,4221,138.68
12384,1701,2182,71.68
28868,102,1756,57.68
28868,201,1086,35.68
28868,305,3278,107.68
28868,306,3278,107.68
28868,1113,1817,59.68
47167,304,1391,45.68
47167,305,1391,45.68
47167,408,964,31.68
47167,426,964,31.68
9394,304,1572,51.68
9394,305,1572,51.68
9394,306,1572,51.68
9394,307,1572,51.68
9394,432,1725,56.68
9394,705,1086,35.68
9394,1215,1055,34.68
9394,1605,1633,53.68
9394,1634,1725,56.68
59965,1703,1633,53.68
59965,1817,2455,80.68
77987,713,2760,90.68
73097,512,2547,83.68
73097,602,2547,83.68
73097,605,2547,83.68
23657,202,3247,106.68
23657,415,2882,94.68
23657,426,2882,94.68
23657,1634,2882,94.68
82510,1016,1146,37.68
82510,1804,1146,37.68
82510,1805,1146,37.68
34285,1616,2791,91.68
34285,1801,3886,127.68
39517,1617,1146,37.68
2660,1636,3643,119.68
31816,1105,2425,79.68
31816,1622,1055,34.68
91156,101,1817,59.68
91156,102,3186,104.68
91156,109,3490,114.68
91156,119,3125,102.68
91156,304,3671,120.68
91156,698,1664,54.68
91156,1111,5073,166.68
91156,1801,1452,47.68
48707,304,1268,41.68
48707,305,3125,102.68
48707,426,1299,42.68
48707,708,2182,71.68
96809,411,2791,91.68
9540,203,2821,92.68
9540,406,3247,106.68
76675,916,1025,33.68
76578,405,964,31.68
76578,423,964,31.68
77084,304,1360,44.68
77084,410,2941,96.68
77084,504,1360,44.68
77084,605,1086,35.68
77084,713,2821,92.68
77084,1817,2455,80.68
49046,411,2486,81.68
49046,423,2486,81.68
49046,426,2486,81.68
95282,1215,721,23.68
95282,1798,811,26.68
83560,305,3186,104.68
83560,306,3247,106.68
83560,410,964,31.68
83560,411,964,31.68
83560,916,3551,116.68
83560,1637,1025,33.68
83560,1801,933,30.68
12743,119,2638,86.68
12743,498,3702,121.68
12743,1698,2455,80.68
37139,708,1207,39.68
37139,1117,1268,41.68
86356,304,964,31.68
86356,305,964,31.68
86356,1619,5255,172.68
86356,1640,5255,172.68
86356,1701,1511,49.68
86356,1803,1330,43.68
13738,1619,2060,67.68
13738,1801,2060,67.68
40123,915,3612,118.68
40123,1105,1786,58.68
40123,1627,2151,70.68
40123,1701,2272,74.68
80630,1622,2090,68.68
73650,1298,2547,83.68
73650,1617,3156,103.68
26016,1198,1207,39.68
26016,1605,1845,60.68
26016,1698,1786,58.68
46879,423,902,29.68
46879,709,964,31.68
46879,1614,994,32.68
46879,1616,964,31.68
46879,1634,1725,56.68
100549,202,660,21.68
100549,405,660,21.68
100549,412,629,20.68
100549,424,660,21.68
100549,1015,660,21.68
31367,425,1146,37.68
31367,432,964,31.68
15000,198,994,32.68
15000,1898,2638,86.68
96005,1801,749,24.68
818,1615,994,32.68
89821,304,2821,92.68
89821,305,1086,35.68
89821,1801,2821,92.68
20001,203,1055,34.68
20001,430,8177,268.68
20001,432,8451,277.68
20001,1801,2090,68.68
20001,1815,902,29.68
81128,712,1207,39.68
81128,719,841,27.68
82809,404,2455,80.68
82809,708,1025,33.68
82809,916,1299,42.68
82809,1630,1330,43.68
82809,1801,1025,33.68
77353,413,1268,41.68
77353,432,964,31.68
20580,202,1391,45.68
20580,406,4374,143.68
20580,426,2090,68.68
20580,809,2090,68.68
20580,1110,2913,95.68
20580,1701,2547,83.68
634,428,872,28.68
80647,202,1299,42.68
80647,304,1207,39.68
80647,305,1207,39.68
80647,306,1207,39.68
80647,423,2913,95.68
80647,426,1452,47.68
80647,432,1055,34.68
80647,612,2029,66.68
80647,1119,1207,39.68
80647,1312,1207,39.68
80647,1627,2913,95.68
80647,1898,1725,56.68
47309,1701,841,27.68
95471,120,1786,58.68
95471,1605,1391,45.68
95471,1817,1603,52.68
64232,109,994,32.68
64232,203,1786,58.68
64232,713,1115,36.68
64232,1898,994,32.68
12788,705,2363,77.68
75111,206,3033,99.68
75111,298,902,29.68
75111,304,2607,85.68
75111,307,2607,85.68
75111,498,1480,48.68
75111,1624,3582,117.68
75111,1898,3033,99.68
18664,202,1268,41.68
18664,206,1177,38.68
18664,305,841,27.68
18664,306,841,27.68
18664,1801,1391,45.68
18664,1816,1055,34.68
92446,1701,1146,37.68
14309,202,1146,37.68
14309,206,1146,37.68
14309,414,872,28.68
14309,1113,1452,47.68
68349,998,2425,79.68
68349,1637,2272,74.68
68349,1704,2090,68.68
89975,202,1086,35.68
89975,412,1086,35.68
50593,298,3094,101.68
50593,1898,1299,42.68
69049,208,2972,97.68
69049,405,2791,91.68
69049,411,1695,55.68
69049,426,2668,87.68
69049,1801,872,28.68
69049,1816,2760,90.68
33074,102,1633,53.68
33074,201,1268,41.68
33074,304,3186,104.68
33074,305,3186,104.68
33074,313,3186,104.68
33074,1205,1115,36.68
33074,1803,1268,41.68
33074,1817,1268,41.68
79763,1605,2241,73.68
79763,1701,1115,36.68
78902,408,902,29.68
36889,304,933,30.68
36889,305,933,30.68
36889,426,4252,139.68
36889,703,3582,117.68
36889,1213,3582,117.68
36889,1605,4221,138.68
36889,1816,4313,141.68
68140,1617,1786,58.68
87974,304,1177,38.68
87974,305,1177,38.68
87974,398,1177,38.68
87974,1106,1177,38.68
87974,1113,1177,38.68
421,398,4129,135.68
421,601,4129,135.68
421,109,1055,34.68
421,498,3490,114.68
421,601,4129,135.68
421,607,4129,135.68
421,698,4129,135.68
421,708,2394,78.68
88638,305,1511,49.68
88638,1617,1511,49.68
55040,705,1146,37.68
55040,714,1115,36.68
55040,1622,1299,42.68
92515,415,1664,54.68
65071,412,933,30.68
65071,1113,902,29.68
65071,1617,964,31.68
65071,1627,1330,43.68
100495,1605,933,30.68
100495,1617,902,29.68
70076,1801,964,31.68
70076,1812,2486,81.68
47652,206,2882,94.68
47652,411,1360,44.68
47652,798,599,19.68
47652,1110,3612,118.68
47652,1605,2852,93.68
47652,1812,690,22.68
45817,1612,4890,160.68
45817,1634,4890,160.68
30211,504,933,30.68
91691,406,2151,70.68
91691,1817,1876,61.68
16448,202,1695,55.68
83178,203,1025,33.68
83178,411,1055,34.68
83178,1016,1025,33.68
83178,1637,933,30.68
84307,1609,933,30.68
84307,1617,933,30.68
84307,1630,964,31.68
61406,498,3490,114.68
61406,1898,3490,114.68
64099,406,1603,52.68
99144,412,629,20.68
99144,1011,2882,94.68
99144,1898,3977,130.68
44111,304,1086,35.68
44111,305,1086,35.68
44111,306,1086,35.68
44111,1637,1238,40.68
82586,412,2425,79.68
82586,428,2972,97.68
2031,1106,1330,43.68
2031,1113,1330,43.68
2031,1311,1330,43.68
2031,1801,3156,103.68
2031,1810,5713,187.68
77949,1617,2363,77.68
77949,1817,2210,72.68
64281,430,1633,53.68
64281,1619,1511,49.68
64281,1622,1146,37.68
64281,1704,1207,39.68
64281,1804,1633,53.68
64281,1805,1633,53.68
64281,1810,1633,53.68
64281,1898,1633,53.68
94872,411,2607,85.68
94872,1112,2241,73.68
94872,1701,690,22.68
27796,108,964,31.68
27796,414,1480,48.68
27796,415,3643,119.68
27796,711,1115,36.68
27796,1208,1998,65.68
27796,1628,3582,117.68
1705,108,1025,33.68
1705,1998,2486,81.68
39185,109,2151,70.68
39185,201,1146,37.68
39185,202,1633,53.68
39185,304,2972,97.68
39185,305,2972,97.68
39185,1216,1998,65.68
39185,1616,5743,188.68
39185,1637,5743,188.68
26977,102,2607,85.68
26977,205,1421,46.68
26977,304,4647,152.68
26977,305,1480,48.68
26977,605,1603,52.68
26977,612,1603,52.68
72106,1813,994,32.68
13283,708,1238,40.68
13283,712,1238,40.68
13283,916,841,27.68
13283,1609,1268,41.68
30245,104,1391,45.68
30245,109,1360,44.68
30245,198,1391,45.68
30245,202,2241,73.68
30245,706,4343,142.68
30245,802,4343,142.68
30245,1013,5012,164.68
30245,1898,1725,56.68
100603,298,629,20.68
92654,1110,964,31.68
92654,1609,872,28.68
22379,407,2425,79.68
22379,426,2425,79.68
22379,1812,1572,51.68
27384,406,3551,116.68
7107,305,1299,42.68
7107,306,1299,42.68
7107,406,4647,152.68
7107,915,4313,141.68
7107,916,1725,56.68
7107,1113,3278,107.68
7107,1609,811,26.68
3714,1312,2516,82.68
87969,203,994,32.68
68704,304,2607,85.68
68704,504,1055,34.68
68704,1113,1360,44.68
56807,1804,3186,104.68
56807,1805,3186,104.68
74228,108,1086,35.68
74228,202,1086,35.68
12440,1634,1055,34.68
37312,809,841,27.68
37679,1616,933,30.68
41924,313,2882,94.68
41924,1703,964,31.68
41924,1801,2090,68.68
57595,426,1299,42.68
57595,498,1025,33.68
57595,1634,1299,42.68
57595,1798,1268,41.68
57595,1812,1238,40.68
1811,1017,2394,78.68
1811,1801,2852,93.68
84428,1601,1330,43.68
84428,1627,1330,43.68
35209,202,4282,140.68
35209,305,2486,81.68
35209,313,5012,164.68
35209,412,2760,90.68
100524,202,780,25.68
100524,504,1360,44.68
100524,511,1360,44.68
100524,514,1360,44.68
100524,598,1360,44.68
51588,1810,1845,60.68
22339,101,1480,48.68
22339,201,1511,49.68
22339,202,8451,277.68
22339,205,1603,52.68
22339,304,1511,49.68
22339,405,1572,51.68
22339,412,2972,97.68
22339,1198,1572,51.68
22339,1815,3306,108.68
41275,504,933,30.68
29266,305,2121,69.68
29266,1198,1238,40.68
29266,1898,1238,40.68
46729,115,2455,80.68
46729,306,1968,64.68
61910,1710,1845,60.68
87272,426,1360,44.68
87272,1614,1146,37.68
2841,1198,2363,77.68
2841,809,1998,65.68
2841,1110,1998,65.68
2841,1701,1998,65.68
88448,313,3855,126.68
88448,428,1664,54.68
88448,1634,4494,147.68
64594,116,1086,35.68
64594,705,2607,85.68
64594,1801,1360,44.68
97884,102,1421,46.68
97884,205,1452,47.68
97884,498,6808,223.68
97884,713,7508,246.68
97884,809,6716,220.68
97884,1113,6565,215.68
97884,1312,1633,53.68
97884,1616,3824,125.68
97884,1634,5804,190.68
23516,914,1360,44.68
23516,916,2060,67.68
89487,916,1695,55.68
73536,713,933,30.68
73536,1609,3003,98.68
73536,1634,3003,98.68
51399,1110,1330,43.68
78805,713,1998,65.68
31214,809,1055,34.68
66140,118,1391,45.68
66140,305,872,28.68
66140,306,872,28.68
66140,411,1299,42.68
66140,426,994,32.68
66140,498,1480,48.68
66140,1009,994,32.68
66140,1117,1238,40.68
8002,1198,4739,155.68
8002,102,2333,76.68
8002,108,3125,102.68
8002,304,3398,111.68
8002,305,1968,64.68
8002,1106,3582,117.68
8002,1109,5043,165.68
8002,1619,5347,175.68
8002,1627,2333,76.68
3829,414,2090,68.68
3829,415,1845,60.68
3829,1627,3156,103.68
3829,1701,1086,35.68
3829,1817,1480,48.68
11586,1801,2821,92.68
95284,205,1330,43.68
95284,404,1330,43.68
95284,428,933,30.68
95284,498,1695,55.68
95284,510,690,22.68
95284,705,1695,55.68
95284,1118,1695,55.68
95284,1298,1786,58.68
31569,305,2576,84.68
31569,307,2576,84.68
2817,504,2852,93.68
2817,411,1633,53.68
2817,498,2852,93.68
2817,504,2852,93.68
2817,809,1998,65.68
3414,304,1817,59.68
3414,705,3094,101.68
68998,1112,994,32.68
68998,1634,1360,44.68
68998,1637,1725,56.68
15857,305,3551,116.68
15857,504,964,31.68
95800,1110,811,26.68
95800,1118,811,26.68
95800,1605,1725,56.68
95800,1701,1664,54.68
56437,304,1330,43.68
56437,305,1330,43.68
71853,311,1238,40.68
69284,406,3094,101.68
69284,426,3094,101.68
69284,428,1725,56.68
69284,1701,4037,132.68
69284,1703,4037,132.68
69284,1704,3033,99.68
69284,1705,3582,117.68
69284,1798,1756,57.68
3139,424,1055,34.68
3139,1105,1238,40.68
3139,1112,1238,40.68
3139,1117,1238,40.68
3139,1627,2425,79.68
9104,102,1817,59.68
9104,108,1025,33.68
9104,109,1725,56.68
9104,116,3247,106.68
9104,298,2029,66.68
9104,304,537,17.68
9104,305,537,17.68
9104,307,537,17.68
9104,405,2363,77.68
9104,421,2363,77.68
9104,424,2363,77.68
9104,428,2913,95.68
9104,498,2363,77.68
9104,504,994,32.68
9104,514,1299,42.68
9104,712,2913,95.68
9104,798,2913,95.68
9104,1105,1817,59.68
9104,1117,4343,142.68
9104,1805,4221,138.68
9104,1809,4555,149.68
9104,1898,1817,59.68
34783,304,1299,42.68
34783,306,1268,41.68
34783,307,1299,42.68
34783,1105,1299,42.68
34783,1616,2852,93.68
33265,426,964,31.68
33265,1111,1025,33.68
33265,1605,1238,40.68
33265,1817,964,31.68
30167,411,1207,39.68
30167,423,1207,39.68
30167,432,994,32.68
30167,798,1207,39.68
30167,1634,3521,115.68
30167,1798,3156,103.68
73070,304,1421,46.68
73070,305,1421,46.68
73070,307,1421,46.68
73070,412,1664,54.68
73070,426,1664,54.68
73070,706,933,30.68
73070,914,1786,58.68
73070,1616,933,30.68
73070,1812,1330,43.68
61450,202,964,31.68
28034,712,2486,81.68
67762,1111,1115,36.68
67762,1210,1115,36.68
67762,1898,1115,36.68
98570,202,660,21.68
98570,432,872,28.68
76428,414,1146,37.68
76428,432,1725,56.68
76428,1705,1603,52.68
3545,102,1086,35.68
3545,426,3247,106.68
3545,1701,4829,158.68
12073,412,2821,92.68
9105,202,1115,36.68
9105,426,1664,54.68
9105,705,902,29.68
9105,916,1786,58.68
9105,1312,1421,46.68
9105,1812,2791,91.68
9105,1816,1756,57.68
47976,708,1421,46.68
47976,1605,4008,131.68
47976,1801,1480,48.68
47976,1804,4739,155.68
33431,1640,1238,40.68
81501,311,3429,112.68
81501,423,1633,53.68
81501,705,811,26.68
32278,101,5894,193.68
32278,915,1786,58.68
8737,304,1299,42.68
8737,305,994,32.68
8737,1105,1207,39.68
8737,1215,2333,76.68
8737,1810,2821,92.68
102331,305,1542,50.68
102331,514,1360,44.68
102331,1801,3125,102.68
57695,102,994,32.68
57695,202,994,32.68
57695,305,1817,59.68
57695,1614,1876,61.68
57695,1898,1725,56.68
46611,1105,994,32.68
46611,1636,3094,101.68
28736,102,1876,61.68
28736,304,3855,126.68
28736,305,2241,73.68
28736,404,1330,43.68
28736,809,1238,40.68
28736,1106,5043,165.68
28736,1215,4160,136.68
28736,1803,5743,188.68
18823,306,2607,85.68
67776,424,994,32.68
20699,306,2363,77.68
20699,1802,2760,90.68
20699,1898,5285,173.68
77972,1312,2333,76.68
77972,1812,2607,85.68
41611,108,2182,71.68
41611,304,1845,60.68
41611,305,1360,44.68
41611,306,1360,44.68
41611,307,964,31.68
41611,714,994,32.68
41611,1614,2210,72.68
41611,1622,2210,72.68
41611,1640,2210,72.68
41611,1817,1480,48.68
44495,1215,1725,56.68
44495,1805,1725,56.68
44495,1898,1725,56.68
7234,1619,1572,51.68
89532,104,2882,94.68
89532,201,1025,33.68
89532,202,4708,154.68
89532,405,5224,171.68
89532,406,5285,173.68
89532,407,5285,173.68
89532,410,5316,174.68
89532,426,5104,167.68
89532,432,4525,148.68
89532,1105,1756,57.68
89532,1601,3794,124.68
89532,1614,3064,100.68
51089,415,3156,103.68
93415,1001,1907,62.68
93415,206,1695,55.68
93415,304,780,25.68
7727,1634,1238,40.68
85586,1807,902,29.68
19215,1801,2060,67.68
33399,305,1998,65.68
33399,1627,4829,158.68
102666,916,690,22.68
102666,1312,660,21.68
64029,1113,1452,47.68
64029,1710,1572,51.68
57853,408,1025,33.68
57853,1812,1664,54.68
52911,198,4313,141.68
52911,713,3977,130.68
52911,1113,1937,63.68
52911,1627,4494,147.68
9524,202,1086,35.68
9524,1627,3733,122.68
9524,1703,1115,36.68
9524,1813,2302,75.68
9524,1817,2241,73.68
100949,201,964,31.68
100949,306,749,24.68
100949,311,749,24.68
100949,1998,902,29.68
50314,120,933,30.68
50314,1634,2821,92.68
69831,198,872,28.68
69831,1113,1603,52.68
92320,406,841,27.68
92320,407,841,27.68
92320,1307,841,27.68
92320,1312,841,27.68
11881,809,1998,65.68
11881,1617,4282,140.68
86949,1598,5438,178.68
86949,102,1786,58.68
86949,198,1786,58.68
86949,1215,5438,178.68
86949,1498,3886,127.68
86949,1904,3886,127.68
58248,304,1725,56.68
58248,305,1725,56.68
58248,910,1299,42.68
58248,1113,994,32.68
58248,1309,1360,44.68
97064,304,690,22.68
97064,306,690,22.68
97064,1112,872,28.68
97064,1805,2394,78.68
72174,304,1055,34.68
72174,432,1421,46.68
72174,1601,933,30.68
72174,1898,2516,82.68
91870,1113,1146,37.68
91870,1605,2486,81.68
56176,1117,1480,48.68
56176,1704,2547,83.68
40076,498,1511,49.68
27587,305,1207,39.68
27587,705,994,32.68
82422,405,2302,75.68
31459,206,1452,47.68
31459,1105,1360,44.68
91381,198,841,27.68
91381,201,1511,49.68
91381,304,841,27.68
91381,305,841,27.68
91381,307,841,27.68
91381,398,841,27.68
91381,498,841,27.68
91381,998,841,27.68
91381,1298,1115,36.68
32773,428,2607,85.68
32773,432,1391,45.68
32773,1208,1391,45.68
32773,1816,1937,63.68
32773,1898,1391,45.68
39599,108,1268,41.68
39599,305,1572,51.68
39599,306,1572,51.68
84622,304,964,31.68
84622,908,2516,82.68
84622,916,2516,82.68
84622,1106,1025,33.68
84622,1308,1421,46.68
74027,304,4767,156.68
74027,406,2852,93.68
74027,1801,1177,38.68
86829,101,1268,41.68
86829,1307,1268,41.68
19754,498,1086,35.68
19754,1112,1330,43.68
19754,1215,2668,87.68
88565,102,1725,56.68
88565,201,2121,69.68
88565,1215,5863,192.68
86963,1812,2060,67.68
62623,198,2699,88.68
62623,304,872,28.68
62623,908,3916,128.68
62623,915,1360,44.68
62623,1634,5560,182.68
62623,1637,5560,182.68
62623,1817,5012,164.68
1298,405,1391,45.68
1298,423,1391,45.68
1298,498,1391,45.68
47746,1627,3186,104.68
42292,102,1511,49.68
42292,202,3337,109.68
42292,304,1511,49.68
42292,426,5163,169.68
42292,705,2972,97.68
42292,914,1725,56.68
42292,915,1146,37.68
42292,1216,994,32.68
42292,1305,1511,49.68
42292,1616,1055,34.68
79784,1198,4099,134.68
79784,1614,3551,116.68
76318,1619,3398,111.68
77512,405,1025,33.68
77512,1605,1572,51.68
77512,1617,1817,59.68
23231,201,1360,44.68
23231,608,2425,79.68
23231,1108,4374,143.68
23231,1113,3643,119.68
23231,1801,2029,66.68
63885,304,4586,150.68
63885,305,4221,138.68
63885,1617,5316,174.68
63885,1817,4282,140.68
63885,1898,2210,72.68
81728,504,4678,153.68
81728,505,4586,150.68
81728,304,2576,84.68
81728,305,2576,84.68
81728,310,4678,153.68
81728,1810,3916,128.68
17834,202,872,28.68
17834,708,964,31.68
17834,709,964,31.68
17834,713,1937,63.68
17834,1612,1207,39.68
17834,1815,964,31.68
17834,1817,1268,41.68
87726,1605,1756,57.68
87726,1630,1756,57.68
58068,423,994,32.68
58068,1801,1238,40.68
58068,1802,3278,107.68
23024,109,1055,34.68
23024,305,1664,54.68
79414,714,3947,129.68
79414,1708,3916,128.68
2153,1113,3306,108.68
2153,1803,1391,45.68
67738,426,964,31.68
67738,719,964,31.68
67738,1616,1025,33.68
30656,305,1421,46.68
72521,1812,2210,72.68
72521,1898,2210,72.68
96298,423,1421,46.68
96298,1804,1664,54.68
79799,304,1480,48.68
79799,705,1511,49.68
79799,1113,1511,49.68
79799,1812,994,32.68
79799,1813,2182,71.68
79799,1816,3916,128.68
86881,504,1391,45.68
1269,1817,1086,35.68
45749,304,1542,50.68
45749,305,2090,68.68
45749,306,2941,96.68
45749,406,1360,44.68
45749,1801,3033,99.68
67220,408,1086,35.68
67220,423,3855,126.68
67220,809,1695,55.68
67220,1619,4008,131.68
85769,1623,1207,39.68
85769,1805,1511,49.68
73350,107,2394,78.68
73350,304,933,30.68
73350,305,1480,48.68
73350,307,933,30.68
73350,504,1086,35.68
73350,713,1480,48.68
73350,1614,2029,66.68
67514,1112,1876,61.68
67514,1622,4037,132.68
67514,1898,1025,33.68
76759,610,1664,54.68
76759,1801,1664,54.68
52710,306,1146,37.68
52710,1605,3643,119.68
52710,1801,3490,114.68
86140,205,1330,43.68
86140,1113,1360,44.68
85396,1098,2302,75.68
85396,1801,2182,71.68
3630,403,3671,120.68
3630,704,3671,120.68
3630,1198,3671,120.68
3630,304,1146,37.68
3630,612,3186,104.68
3630,1617,3671,120.68
78678,504,3094,101.68
78678,713,1086,35.68
82336,1198,964,31.68
24388,101,2455,80.68
24388,102,3186,104.68
24388,201,2607,85.68
24388,205,3156,103.68
24388,304,1695,55.68
24388,305,3156,103.68
24388,1113,1695,55.68
24388,1307,3156,103.68
9515,708,1845,60.68
9515,1626,2913,95.68
69997,720,1086,35.68
69997,805,1480,48.68
69997,908,1086,35.68
69997,1113,902,29.68
69997,1215,5377,176.68
81563,306,1146,37.68
50058,407,1299,42.68
80080,304,2151,70.68
80080,305,2151,70.68
80080,1117,2882,94.68
8026,313,5529,181.68
8026,1801,1542,50.68
8026,1817,4282,140.68
11647,102,1968,64.68
11647,1205,994,32.68
11647,1637,6139,201.68
11647,1801,4617,151.68
77653,1198,2486,81.68
77653,203,933,30.68
77653,610,933,30.68
77653,1110,2486,81.68
77653,1622,2455,80.68
77653,1636,2029,66.68
11686,305,1511,49.68
11686,306,1511,49.68
11686,406,2852,93.68
11686,426,2486,81.68
11686,1105,1725,56.68
11686,1704,1115,36.68
57224,1102,4402,144.68
57224,504,1480,48.68
31764,1617,3977,130.68
45247,102,1542,50.68
45247,304,1542,50.68
45247,504,1542,50.68
45247,916,2821,92.68
45247,1298,1633,53.68
45247,1801,964,31.68
83756,102,4374,143.68
83756,103,1177,38.68
83756,104,841,27.68
83756,198,1177,38.68
83756,205,1572,51.68
83756,304,4282,140.68
83756,305,4282,140.68
83756,307,4282,140.68
83756,311,7569,248.68
83756,398,4374,143.68
83756,423,1907,62.68
83756,432,2425,79.68
83756,504,1299,42.68
83756,598,964,31.68
83756,705,6351,208.68
83756,914,4739,155.68
83756,1105,5132,168.68
83756,1117,5132,168.68
83756,1205,1421,46.68
83756,1305,1268,41.68
83756,1312,3582,117.68
83756,1617,2791,91.68
83756,1798,7569,248.68
83756,1803,811,26.68
27364,305,1907,62.68
27364,306,1115,36.68
27364,426,1633,53.68
27364,706,2455,80.68
27364,708,1177,38.68
27364,915,2241,73.68
27364,1407,2486,81.68
27364,1622,2486,81.68
27364,1630,2547,83.68
27364,1704,2394,78.68
27364,1898,2090,68.68
76219,305,964,31.68
76219,423,4586,150.68
76219,713,1695,55.68
48129,432,1452,47.68
48129,1627,1421,46.68
48129,1801,902,29.68
48129,1812,1055,34.68
48129,1898,1480,48.68
10177,203,1480,48.68
10177,405,3337,109.68
10177,408,3337,109.68
10177,412,1725,56.68
10177,423,1725,56.68
10177,426,3337,109.68
10177,712,1725,56.68
10177,719,1725,56.68
10177,809,1115,36.68
10177,1801,1268,41.68
10177,1802,3186,104.68
28045,1119,994,32.68
89057,512,1238,40.68
83414,108,1115,36.68
83414,408,1055,34.68
83414,713,1115,36.68
48965,598,3125,102.68
48965,304,1695,55.68
48965,404,2425,79.68
48965,428,964,31.68
48965,511,2394,78.68
48155,498,5073,166.68
77490,304,933,30.68
77490,398,3247,106.68
77490,713,4555,149.68
77490,1601,2668,87.68
77490,1627,3398,111.68
31138,102,902,29.68
44518,1216,1817,59.68
43574,1698,2821,92.68
8066,426,1146,37.68
8066,498,1817,59.68
8066,1111,2972,97.68
8066,1698,1817,59.68
31330,1801,1725,56.68
17361,102,1998,65.68
17361,305,3278,107.68
17361,504,2576,84.68
17361,1801,6047,198.68
17361,1813,5651,185.68
70698,1701,1146,37.68
70698,1704,2121,69.68
20367,116,2029,66.68
20367,305,2029,66.68
20367,307,2029,66.68
20367,404,2029,66.68
20367,405,1968,64.68
20367,412,1055,34.68
20367,504,2029,66.68
20367,1113,1177,38.68
20367,1117,2029,66.68
20367,1605,2029,66.68
90467,498,4647,152.68
90467,1117,2821,92.68
17214,407,2729,89.68
17214,798,2241,73.68
17214,898,1360,44.68
17214,1110,2455,80.68
17214,1605,2516,82.68
17214,1812,1756,57.68
17214,1898,1572,51.68
66789,916,1146,37.68
44047,306,6047,198.68
44047,705,1725,56.68
44047,708,1725,56.68
44047,898,1725,56.68
44047,1106,1907,62.68
44047,1112,1633,53.68
44047,1205,1511,49.68
44047,1211,1511,49.68
44047,1216,933,30.68
66657,708,3125,102.68
66657,1898,2090,68.68
40013,203,964,31.68
40013,408,1146,37.68
40013,1105,1268,41.68
46919,304,994,32.68
46919,423,1664,54.68
46919,708,1268,41.68
46919,713,964,31.68
46919,915,1633,53.68
46919,998,1330,43.68
46919,1605,1664,54.68
46919,1617,1664,54.68
46919,1812,1268,41.68
46919,1817,1360,44.68
49216,504,1330,43.68
49216,705,1330,43.68
43441,916,1452,47.68
43441,1305,902,29.68
31596,306,1268,41.68
85844,298,3337,109.68
85844,798,1876,61.68
85844,1118,1511,49.68
85844,1898,3582,117.68
22068,1614,933,30.68
74568,1117,4129,135.68
89010,1105,1055,34.68
89010,1798,8238,270.68
89010,1805,2852,93.68
81245,708,1421,46.68
81245,711,1421,46.68
81245,1113,1603,52.68
81245,1298,1968,64.68
81245,1617,1452,47.68
82755,202,1238,40.68
82755,304,1238,40.68
82755,305,1238,40.68
82755,306,1238,40.68
82755,307,1238,40.68
82755,313,1238,40.68
82755,414,1086,35.68
82755,705,1664,54.68
82755,706,2151,70.68
82755,709,933,30.68
82755,1113,2516,82.68
82755,1816,3125,102.68
4003,1198,2668,87.68
4003,1117,2668,87.68
4003,1801,2090,68.68
69272,426,2363,77.68
69272,498,1542,50.68
69272,1705,1725,56.68
69272,1898,1025,33.68
98557,304,902,29.68
98557,428,1664,54.68
98557,1627,1360,44.68
74613,304,994,32.68
74613,305,1360,44.68
74613,426,3186,104.68
74613,713,1756,57.68
74613,1617,4037,132.68
74613,1817,2363,77.68
74613,1998,2363,77.68
115,1812,2363,77.68
71631,411,2029,66.68
71631,708,1907,62.68
71631,709,1907,62.68
71631,798,1907,62.68
28036,415,4402,144.68
28036,1805,1207,39.68
22782,202,1511,49.68
29135,305,2821,92.68
29135,306,2821,92.68
29135,804,2913,95.68
29135,1617,3337,109.68
29135,1801,3337,109.68
63933,428,4008,131.68
23827,1710,1146,37.68
77820,1215,1664,54.68
91094,109,1756,57.68
91094,205,1664,54.68
91094,714,2302,75.68
91094,1312,1391,45.68
91094,1801,1086,35.68
9174,414,3217,105.68
9174,1816,1421,46.68
9174,1898,1664,54.68
65631,202,1391,45.68
65631,205,1360,44.68
65631,406,1115,36.68
65631,407,933,30.68
65631,414,933,30.68
65631,423,1086,35.68
54729,1617,1664,54.68
54729,1701,1603,52.68
63849,1804,1055,34.68
63849,1810,1055,34.68
45861,430,2486,81.68
45861,432,872,28.68
45861,1803,811,26.68
80560,1198,3947,129.68
80560,1619,3156,103.68
27969,504,6108,200.68
27969,304,2547,83.68
27969,504,6108,200.68
27969,805,3156,103.68
27969,1803,2729,89.68
13196,305,1633,53.68
10221,916,841,27.68
10221,1701,3003,98.68
10221,1801,2394,78.68
66966,1198,3702,121.68
66966,1605,1452,47.68
66966,1617,5224,171.68
66966,1812,1360,44.68
92777,428,872,28.68
92777,504,2972,97.68
92777,1312,4068,133.68
92777,1801,1025,33.68
31491,410,4343,142.68
43984,406,902,29.68
43984,1113,1876,61.68
87132,306,2241,73.68
87132,698,1299,42.68
87132,1198,2029,66.68
87132,1802,2455,80.68
87132,1810,4586,150.68
87132,1816,3643,119.68
90484,1603,2455,80.68
90484,1810,2425,79.68
48473,910,2151,70.68
48473,1627,1603,52.68
2327,1802,994,32.68
90808,498,1360,44.68
90808,1110,3033,99.68
90808,1708,3643,119.68
90808,1801,3125,102.68
90808,1805,3643,119.68
31726,504,1115,36.68
73327,498,3612,118.68
73327,1215,3582,117.68
40441,304,1360,44.68
40441,305,1360,44.68
40441,1801,4586,150.68
84179,1813,1025,33.68
6438,1801,1756,57.68
60308,202,902,29.68
60308,410,2394,78.68
60308,424,2394,78.68
60308,1008,2394,78.68
49555,1198,2547,83.68
49555,1605,2516,82.68
49555,1616,2486,81.68
33925,1804,3278,107.68
33925,1815,2547,83.68
90418,1798,1115,36.68
24066,410,2852,93.68
28013,432,1330,43.68
28013,1898,1330,43.68
31415,202,2455,80.68
31415,1813,1086,35.68
50065,102,1695,55.68
50065,304,3824,125.68
50065,305,2486,81.68
50065,1113,4068,133.68
50065,1801,933,30.68
78539,102,1238,40.68
78539,404,4252,139.68
78539,405,4252,139.68
78539,406,4252,139.68
78539,407,3886,127.68
78539,408,2760,90.68
78539,423,2760,90.68
78539,1605,3247,106.68
78539,1627,3337,109.68
78539,1801,3247,106.68
31331,109,3459,113.68
31914,1817,964,31.68
32342,712,2121,69.68
32342,1015,964,31.68
15555,201,2151,70.68
15555,504,4555,149.68
15555,602,4555,149.68
15555,605,4555,149.68
15555,803,1572,51.68
15555,1105,4313,141.68
15555,1113,1511,49.68
15555,1801,2668,87.68
22922,412,2029,66.68
22922,712,2029,66.68
3009,305,1146,37.68
98658,304,5894,193.68
98658,305,902,29.68
98658,306,1025,33.68
98658,425,4343,142.68
98658,803,780,25.68
98658,911,1025,33.68
98658,914,2913,95.68
98658,916,1146,37.68
98658,1015,3643,119.68
98658,1105,629,20.68
98658,1106,1025,33.68
98658,1110,2821,92.68
98658,1111,1025,33.68
98658,1210,1025,33.68
98658,1216,2121,69.68
98658,1617,4313,141.68
98658,1628,1146,37.68
98658,1633,2121,69.68
98658,1816,3916,128.68
57045,504,1603,52.68
57045,1805,1391,45.68
57045,1812,1391,45.68
57045,1813,1207,39.68
57045,1898,1572,51.68
32344,305,1695,55.68
32344,310,1695,55.68
32344,1614,933,30.68
32344,1627,1695,55.68
32344,1801,1421,46.68
32344,1812,1603,52.68
44689,1817,1299,42.68
31876,1640,1725,56.68
41098,304,933,30.68
41098,1619,1633,53.68
12987,1601,2060,67.68
55225,412,1086,35.68
65940,306,1238,40.68
65940,398,1238,40.68
65940,1312,3368,110.68
89515,998,933,30.68
89515,1113,933,30.68
89515,1205,1360,44.68
102197,305,1360,44.68
102197,914,660,21.68
102197,1105,902,29.68
102197,1198,660,21.68
102197,1817,1756,57.68
102197,1898,902,29.68
46579,108,1452,47.68
46579,1698,2272,74.68
30813,304,1452,47.68
30813,1698,1756,57.68
30813,1801,1907,62.68
46652,306,7539,247.68
46652,409,7934,260.68
96055,198,3643,119.68
96055,1813,2425,79.68
4324,202,2941,96.68
4324,504,2576,84.68
4324,915,2668,87.68
4324,1205,1633,53.68
4324,1627,3551,116.68
4324,1806,1633,53.68
70355,304,1146,37.68
70355,305,1146,37.68
70355,415,1086,35.68
70355,424,4282,140.68
70355,809,1845,60.68
70355,1105,2729,89.68
70355,1112,1725,56.68
70355,1609,4464,146.68
70355,1617,4433,145.68
70355,1636,3855,126.68
70355,1811,3582,117.68
70355,1813,3947,129.68
70355,1898,2729,89.68
97302,108,749,24.68
97302,406,690,22.68
73677,407,1876,61.68
73677,1634,5224,171.68
73677,1640,5224,171.68
73677,1816,1452,47.68
81333,304,1207,39.68
81333,498,2302,75.68
81333,1605,2821,92.68
65298,1617,1968,64.68
65298,1622,2363,77.68
65298,1637,1542,50.68
65298,1709,2333,76.68
65298,1816,1633,53.68
36188,1105,902,29.68
36188,1810,1025,33.68
36188,1898,902,29.68
90354,501,2516,82.68
90354,503,2516,82.68
90354,504,2516,82.68
90354,104,1480,48.68
90354,405,3278,107.68
90354,504,2516,82.68
90354,915,1756,57.68
90354,1609,3459,113.68
90354,1801,2455,80.68
90354,1805,2729,89.68
90354,1817,2060,67.68
47059,1619,3368,110.68
88079,304,1756,57.68
88079,305,1756,57.68
88079,1698,1025,33.68
52947,1598,3551,116.68
52947,203,2060,67.68
52947,423,1086,35.68
52947,1117,3551,116.68
52947,1801,1146,37.68
91682,1609,1025,33.68
91682,1617,1055,34.68
91682,1701,964,31.68
99968,304,1055,34.68
99968,305,1055,34.68
18669,1001,2394,78.68
18669,202,2363,77.68
13185,203,6139,201.68
31200,304,1360,44.68
31200,1215,1786,58.68
88416,304,1664,54.68
88416,307,1664,54.68
88416,911,964,31.68
88416,1601,964,31.68
88416,1605,4525,148.68
88416,1634,4617,151.68
54355,708,1360,44.68
54355,1817,964,31.68
30536,305,1968,64.68
30536,1605,2060,67.68
30536,1701,2516,82.68
30536,1798,4555,149.68
30536,1801,994,32.68
62268,305,1360,44.68
62268,306,1360,44.68
62268,432,1025,33.68
62268,1605,1480,48.68
62268,1617,1633,53.68
62268,1817,1238,40.68
62268,1898,1360,44.68
14247,202,1786,58.68
14247,426,1786,58.68
35703,411,4190,137.68
35703,1108,3612,118.68
15018,305,1086,35.68
15018,306,1086,35.68
62341,108,1330,43.68
62341,714,1633,53.68
62341,1617,2060,67.68
62341,1809,1177,38.68
62709,116,1360,44.68
62709,1105,1146,37.68
62709,1206,1086,35.68
62709,1312,1146,37.68
77309,304,1452,47.68
77309,305,872,28.68
77309,707,964,31.68
77309,798,1511,49.68
73999,305,2941,96.68
73999,306,2941,96.68
88364,202,1025,33.68
88364,415,2455,80.68
44621,304,1511,49.68
44621,306,1876,61.68
44621,410,1268,41.68
44621,411,1998,65.68
44621,423,1756,57.68
44621,1603,2302,75.68
44621,1622,2333,76.68
44621,1704,1421,46.68
44621,1812,994,32.68
90764,1117,1695,55.68
90764,1704,2090,68.68
96588,1098,2852,93.68
96588,1108,2668,87.68
22838,410,5347,175.68
22838,412,5347,175.68
22838,516,902,29.68
22838,608,872,28.68
41331,304,1480,48.68
41331,423,2913,95.68
13124,304,902,29.68
13124,705,1146,37.68
13124,1701,2791,91.68
29672,304,1360,44.68
29672,1617,1664,54.68
74958,428,1025,33.68
74958,1609,1330,43.68
46507,112,6200,203.68
46507,202,1725,56.68
46507,1215,5347,175.68
46507,1701,5774,189.68
46507,1801,1055,34.68
83127,207,933,30.68
83127,208,933,30.68
83127,916,994,32.68
22084,1117,1725,56.68
85474,102,841,27.68
85474,410,1664,54.68
85474,1113,964,31.68
58737,1198,2455,80.68
58737,428,1452,47.68
58737,498,1664,54.68
58737,1113,2455,80.68
58737,1801,994,32.68
29842,304,1238,40.68
29842,307,1238,40.68
29842,1803,3643,119.68
59951,916,994,32.68
2229,504,994,32.68
2229,1113,1452,47.68
82724,108,1360,44.68
82724,304,1786,58.68
82724,305,1998,65.68
39197,304,1177,38.68
39197,305,1177,38.68
39197,1215,3278,107.68
39197,1498,4221,138.68
39197,1703,3278,107.68
36327,1198,2151,70.68
36327,1898,3033,99.68
11594,1705,1695,55.68
11594,1813,3490,114.68
76797,304,1695,55.68
76797,305,1695,55.68
76797,1705,2333,76.68
3076,604,1268,41.68
3076,605,1207,39.68
3076,1111,3459,113.68
3076,1212,3459,113.68
3076,1312,1177,38.68
3076,1601,2302,75.68
3076,1617,2668,87.68
3076,1803,3459,113.68
37518,301,4433,145.68
37518,302,4433,145.68
37518,303,4433,145.68
37518,304,1725,56.68
50182,202,1238,40.68
50182,304,1998,65.68
50182,305,1998,65.68
82145,504,1115,36.68
82145,511,1086,35.68
82145,519,1086,35.68
73589,406,1330,43.68
73589,1617,2516,82.68
73589,1634,2516,82.68
73589,1701,690,22.68
73589,1802,1542,50.68
78382,304,1480,48.68
78382,305,1480,48.68
78382,405,2121,69.68
78382,1117,2333,76.68
5135,1609,3217,105.68
5135,1614,3217,105.68
5135,1616,3217,105.68
5135,1637,3217,105.68
61546,102,1511,49.68
61546,202,1086,35.68
61546,1898,3429,112.68
44846,1117,2363,77.68
45531,1817,1725,56.68
6511,428,1115,36.68
6511,1801,2363,77.68
6511,1817,994,32.68
55383,202,2972,97.68
55383,304,4798,157.68
55383,305,1511,49.68
55383,307,2972,97.68
55383,313,5012,164.68
55383,428,1876,61.68
55383,1117,4282,140.68
55383,1617,1360,44.68
55383,1701,4313,141.68
50003,107,1055,34.68
50003,112,1055,34.68
50003,916,1146,37.68
50003,1634,1299,42.68
101158,1634,4494,147.68
75540,1801,3490,114.68
68266,1098,1542,50.68
20838,1801,1268,41.68
20838,1811,2668,87.68
20838,1898,1452,47.68
93849,1798,780,25.68
74608,1619,3064,100.68
62712,412,1086,35.68
62712,1617,1786,58.68
62712,1812,1268,41.68
79989,111,2302,75.68
79989,202,2151,70.68
79989,304,1998,65.68
79989,305,1511,49.68
79989,407,2151,70.68
79989,412,2121,69.68
79989,423,2302,75.68
79989,426,2121,69.68
79989,428,1025,33.68
79989,429,2302,75.68
79989,712,1452,47.68
79989,1105,1907,62.68
79989,1113,1845,60.68
79989,1628,1845,60.68
79989,1898,1907,62.68
25032,1198,4494,147.68
25032,304,2029,66.68
25032,411,1998,65.68
25032,1112,1725,56.68
25032,1215,1876,61.68
25032,1312,964,31.68
25032,1407,1876,61.68
25032,1616,1907,62.68
25032,1637,1876,61.68
25032,1801,3886,127.68
25032,1813,4221,138.68
25032,1817,1725,56.68
15097,108,2151,70.68
15097,809,3582,117.68
15097,1703,2913,95.68
15097,1798,4160,136.68
15097,1801,1330,43.68
46859,305,3671,120.68
46859,1117,4767,156.68
78673,1110,3886,127.68
94691,706,2821,92.68
96417,1709,1055,34.68
84275,202,933,30.68
84275,1105,933,30.68
95277,306,1452,47.68
95277,424,1542,50.68
95277,1701,1207,39.68
43747,108,2972,97.68
43747,109,1876,61.68
43747,304,1511,49.68
43747,305,2607,85.68
43747,405,3337,109.68
84254,1798,933,30.68
17916,1101,5285,173.68
17916,425,5224,171.68
17916,432,4433,145.68
17916,1605,5224,171.68
17916,1617,5224,171.68
17916,1698,5224,171.68
82661,108,2363,77.68
82661,1215,2090,68.68
82661,1617,2029,66.68
82661,1801,1786,58.68
2434,102,3337,109.68
2434,203,5132,168.68
2434,205,1511,49.68
2434,305,3337,109.68
2434,404,2302,75.68
2434,428,3337,109.68
2434,512,1115,36.68
2434,1407,5132,168.68
89489,1098,994,32.68
93668,423,1146,37.68
58801,798,2241,73.68
58801,1802,2090,68.68
86756,304,2791,91.68
86756,1198,2060,67.68
86756,1605,5713,187.68
86756,1619,5713,187.68
86756,1701,5347,175.68
85030,120,1998,65.68
85030,908,1146,37.68
85030,1698,1268,41.68
2831,998,1055,34.68
31909,102,1603,52.68
31909,108,902,29.68
31909,198,933,30.68
31909,202,4190,137.68
31909,408,872,28.68
31909,412,4221,138.68
31909,432,4221,138.68
31909,915,2729,89.68
31909,916,3733,122.68
31909,1007,3916,128.68
33390,102,964,31.68
33390,305,1086,35.68
33390,1801,1055,34.68
26736,109,3643,119.68
26736,412,3247,106.68
26736,423,3247,106.68
26736,432,994,32.68
26736,712,3217,105.68
26736,713,1725,56.68
26736,1617,3551,116.68
26736,1801,1786,58.68
88103,108,2852,93.68
88103,698,1845,60.68
88103,1709,1452,47.68
78878,1801,933,30.68
25245,1198,3886,127.68
25245,1117,3886,127.68
91950,423,841,27.68
51847,514,1968,64.68
65351,411,2516,82.68
46002,1105,2121,69.68
46002,1106,2121,69.68
95054,104,1664,54.68
95054,109,1664,54.68
95054,202,780,25.68
95054,404,2394,78.68
95054,421,749,24.68
95054,498,749,24.68
95054,709,2363,77.68
13780,398,3094,101.68
13780,504,933,30.68
74139,304,1421,46.68
74139,305,1055,34.68
74139,307,1421,46.68
74139,398,1421,46.68
74139,404,1391,45.68
74139,415,1968,64.68
16864,1198,1998,65.68
16864,1634,1421,46.68
16864,1898,1998,65.68
3344,410,1025,33.68
3344,1801,1330,43.68
27391,426,2516,82.68
2056,102,1542,50.68
2056,313,6259,205.68
2056,910,2821,92.68
2056,1701,2821,92.68
72690,102,1086,35.68
72690,406,4617,151.68
72690,1810,4374,143.68
29204,1619,4282,140.68
88598,1413,841,27.68
102803,304,2972,97.68
102803,305,2972,97.68
102803,307,2972,97.68
73860,1116,1603,52.68
73860,1610,1572,51.68
73977,1198,3125,102.68
73977,304,933,30.68
73977,305,933,30.68
73977,412,2972,97.68
73977,1117,3125,102.68
73977,1701,1876,61.68
85624,410,872,28.68
97676,505,4190,137.68
97676,304,1756,57.68
97676,305,1756,57.68
97676,311,3459,113.68
97676,511,4190,137.68
64935,1616,1664,54.68
16296,415,1025,33.68
16296,798,872,28.68
81978,498,1695,55.68
81978,798,1695,55.68
81978,1015,1299,42.68
82994,202,1177,38.68
82994,206,1177,38.68
82994,405,994,32.68
82994,412,994,32.68
82994,414,994,32.68
82994,423,994,32.68
82994,426,994,32.68
82994,428,994,32.68
82994,712,994,32.68
82994,719,994,32.68
82994,798,994,32.68
82994,1215,5163,169.68
82994,1601,1695,55.68
82994,1622,5682,186.68
82994,1634,5682,186.68
82994,1637,5682,186.68
65053,1617,4037,132.68
64491,305,1695,55.68
35013,1812,994,32.68
31035,428,2607,85.68
18517,108,5316,174.68
18517,304,872,28.68
18517,1805,872,28.68
39318,304,1238,40.68
39318,306,1238,40.68
39318,714,1207,39.68
39318,914,1725,56.68
39318,915,1725,56.68
28125,1801,1115,36.68
10020,408,5043,165.68
10020,412,5043,165.68
10020,705,5043,165.68
10020,798,4282,140.68
10020,1802,4920,161.68
41702,1617,1511,49.68
65016,307,2363,77.68
65016,504,1998,65.68
65016,519,1086,35.68
65016,604,3278,107.68
65016,612,933,30.68
65016,1113,3278,107.68
65016,1817,1633,53.68
80074,1016,2151,70.68
80074,1817,2182,71.68
79540,1813,1603,52.68
28392,305,1025,33.68
28392,428,964,31.68
28392,1701,4037,132.68
38837,1113,2241,73.68
12398,304,1115,36.68
12398,708,1177,38.68
12398,709,994,32.68
12398,1105,1330,43.68
50836,202,964,31.68
50836,1616,1756,57.68
50836,1701,2210,72.68
89208,305,2791,91.68
89208,1812,2791,91.68
89208,1817,872,28.68
58826,915,2882,94.68
58826,1704,1664,54.68
58826,1708,2486,81.68
58826,1801,2333,76.68
58826,1817,3033,99.68
29956,911,1146,37.68
29956,1113,933,30.68
14255,1312,2151,70.68
14255,1617,1177,38.68
14255,1634,3886,127.68
65476,714,1845,60.68
5748,1813,3459,113.68
85647,102,1725,56.68
85647,109,1391,45.68
85647,304,5012,164.68
85647,305,5012,164.68
85647,311,5012,164.68
85647,705,2821,92.68
85647,1803,1391,45.68
85647,1817,2121,69.68
96395,428,1480,48.68
21192,411,4190,137.68
77442,1201,4798,157.68
77442,298,1207,39.68
77442,304,964,31.68
77442,307,964,31.68
77442,405,4798,157.68
77442,432,994,32.68
77442,511,1725,56.68
77442,605,1207,39.68
13861,112,2029,66.68
13861,305,1421,46.68
13861,1605,2363,77.68
13861,1617,2090,68.68
13861,1701,1115,36.68
13861,1898,2121,69.68
79744,304,902,29.68
79744,705,933,30.68
79744,1634,2455,80.68
52828,304,902,29.68
52828,1704,2333,76.68
87271,432,1391,45.68
87271,705,1360,44.68
87271,1113,1695,55.68
87271,1816,1360,44.68
4476,1898,1695,55.68
44015,1817,1633,53.68
87756,405,1146,37.68
36852,102,1511,49.68
36852,404,1146,37.68
36852,714,1115,36.68
36852,1305,1238,40.68
75571,1617,5347,175.68
75571,1703,2425,79.68
87455,415,902,29.68
87455,1801,3064,100.68
57698,504,3429,112.68
57698,305,902,29.68
57698,412,964,31.68
57698,430,4129,135.68
57698,504,4008,131.68
57698,514,4008,131.68
57698,1113,1756,57.68
57698,1305,2029,66.68
57698,1617,902,29.68
57698,1623,1542,50.68
57698,1701,4008,131.68
57698,1710,2121,69.68
57698,1801,3064,100.68
57698,1817,2760,90.68
90699,915,964,31.68
90699,916,964,31.68
90699,1619,1542,50.68
90699,1622,1115,36.68
99322,304,1845,60.68
99322,1110,629,20.68
99322,1627,3429,112.68
21585,498,1025,33.68
91391,1105,1086,35.68
45650,112,3186,104.68
45650,511,1603,52.68
45650,1312,964,31.68
78052,1605,3186,104.68
78052,1617,4068,133.68
78052,1801,2455,80.68
44136,304,1299,42.68
44136,709,1177,38.68
44136,1617,1876,61.68
66262,107,1664,54.68
50254,1616,2210,72.68
83256,1617,3551,116.68
29651,1612,1086,35.68
29651,1708,2516,82.68
29651,1817,1391,45.68
37605,428,3671,120.68
85437,708,5163,169.68
85437,715,4313,141.68
85437,809,3733,122.68
85437,916,933,30.68
85437,1105,3306,108.68
85437,1112,4982,163.68
85437,1113,3306,108.68
85437,1617,5163,169.68
85437,1804,4982,163.68
77791,719,2182,71.68
77791,1698,1817,59.68
84534,1117,872,28.68
92214,398,3337,109.68
92214,708,3794,124.68
92214,798,3794,124.68
92214,1110,2972,97.68
92214,1113,3337,109.68
92214,1815,2913,95.68
87825,101,933,30.68
87825,102,1845,60.68
87825,304,933,30.68
87825,504,1845,60.68
87825,798,5316,174.68
87825,1113,994,32.68
24872,1108,2913,95.68
24872,1110,3003,98.68
24872,1112,2852,93.68
24872,1113,3671,120.68
24872,1609,1330,43.68
24872,1803,3582,117.68
60852,209,902,29.68
60852,398,902,29.68
60852,1812,1025,33.68
18803,1703,1421,46.68
93105,117,1146,37.68
93105,202,4068,133.68
93105,205,1817,59.68
93105,305,1146,37.68
93105,914,1146,37.68
60445,202,1695,55.68
60445,1804,2302,75.68
60329,201,1391,45.68
60329,203,1268,41.68
52336,415,933,30.68
52336,1810,2182,71.68
97627,202,780,25.68
97627,404,1025,33.68
97627,1605,1238,40.68
97627,1637,1238,40.68
28622,202,2363,77.68
28622,203,2394,78.68
57597,610,1238,40.68
57597,908,1725,56.68
57597,911,1725,56.68
57597,1098,1876,61.68
57597,1215,1055,34.68
1007,102,1725,56.68
9791,103,1695,55.68
9791,304,2425,79.68
90959,504,599,19.68
90959,809,2029,66.68
90959,911,933,30.68
100099,1634,599,19.68
2604,712,1025,33.68
2604,1605,3612,118.68
78563,415,2486,81.68
78563,713,1998,65.68
11031,205,1146,37.68
11031,304,1876,61.68
11031,305,1876,61.68
11031,306,1876,61.68
11031,307,1876,61.68
11031,915,1511,49.68
11031,1113,841,27.68
11031,1801,2425,79.68
11031,1812,2425,79.68
92360,406,1391,45.68
32264,408,1330,43.68
32264,1105,2241,73.68
32264,1637,1330,43.68
32264,1815,2821,92.68
43382,405,1633,53.68
43382,423,1633,53.68
43382,426,1633,53.68
43382,1617,1633,53.68
7458,704,2182,71.68
7458,1198,5438,178.68
7458,305,1452,47.68
7458,306,1055,34.68
7458,705,2210,72.68
7458,914,2302,75.68
7458,1117,5438,178.68
7458,1198,1572,51.68
45527,1801,1695,55.68
45527,1813,2821,92.68
59700,307,1025,33.68
59700,313,4099,134.68
59700,1607,4037,132.68
59700,1637,3186,104.68
90530,198,841,27.68
51508,208,4647,152.68
51508,298,4617,151.68
51508,304,964,31.68
51508,410,4525,148.68
51508,412,4525,148.68
51508,705,1633,53.68
51508,710,1633,53.68
51508,712,1238,40.68
95679,1110,1695,55.68
95679,1215,2029,66.68
45543,1627,933,30.68
42197,202,1115,36.68
42197,1703,1207,39.68
91930,406,1786,58.68
91930,410,902,29.68
84858,102,2090,68.68
84858,304,2516,82.68
84858,713,5224,171.68
84858,1601,5713,187.68
84858,1614,5713,187.68
51121,202,1055,34.68
51121,426,690,22.68
51121,705,1025,33.68
51121,1017,1360,44.68
51121,1312,1299,42.68
3016,1617,1025,33.68
3016,1701,994,32.68
66266,108,1146,37.68
66266,109,1086,35.68
66266,304,1756,57.68
66266,708,994,32.68
66266,1622,2882,94.68
66266,1817,1177,38.68
3428,1619,1330,43.68
18084,1598,4617,151.68
18084,1110,4252,139.68
18084,1601,4252,139.68
18084,1633,2882,94.68
20648,1810,1907,62.68
95845,432,4982,163.68
95845,498,5132,168.68
95845,1119,1725,56.68
95845,1614,1725,56.68
19597,306,964,31.68
19597,404,1055,34.68
19597,1110,994,32.68
19597,1704,4313,141.68
66554,1598,1756,57.68
66554,304,2121,69.68
17860,1001,2241,73.68
17860,108,902,29.68
17860,202,1695,55.68
17860,405,994,32.68
17860,423,872,28.68
17860,708,1968,64.68
17860,712,2241,73.68
17860,1617,2272,74.68
96381,412,872,28.68
96381,712,690,22.68
96381,1634,933,30.68
96381,1801,690,22.68
85426,201,1817,59.68
85426,202,3521,115.68
85426,305,2455,80.68
85426,1701,3429,112.68
37894,116,1756,57.68
37894,304,2821,92.68
37894,305,994,32.68
37894,1014,4374,143.68
37894,1117,4343,142.68
37894,1812,2638,86.68
41297,1605,1725,56.68
41297,1801,1695,55.68
77667,405,2272,74.68
77667,426,2272,74.68
77667,914,1603,52.68
79445,405,933,30.68
79445,411,1268,41.68
79445,423,1633,53.68
79445,432,1572,51.68
79445,1817,1817,59.68
16184,1816,2090,68.68
4062,202,872,28.68
4062,304,872,28.68
4062,406,2121,69.68
4062,1701,2029,66.68
4062,1798,1572,51.68
95089,114,1480,48.68
95089,205,811,26.68
95089,305,2547,83.68
95089,504,1480,48.68
95089,1113,1845,60.68
95089,1640,5498,180.68
89844,206,1633,53.68
89844,908,902,29.68
89844,1215,933,30.68
89844,1216,841,27.68
73771,1619,1238,40.68
73771,1627,964,31.68
88264,202,2913,95.68
57860,423,994,32.68
57860,426,994,32.68
22319,202,1360,44.68
26635,1801,872,28.68
38356,1605,2607,85.68
38356,1701,1937,63.68
38356,1813,2363,77.68
95723,306,811,26.68
95723,915,4313,141.68
95723,1801,4494,147.68
50038,305,1207,39.68
50038,428,2182,71.68
74056,312,1177,38.68
74056,1106,1876,61.68
47339,916,1238,40.68
66279,1601,872,28.68
75929,202,2182,71.68
59381,304,2060,67.68
59381,432,1695,55.68
59381,504,1268,41.68
59381,512,1268,41.68
59381,915,964,31.68
59381,1114,1817,59.68
59381,1810,5194,170.68
69912,1634,1055,34.68
67254,916,964,31.68
67254,1803,1603,52.68
29906,198,2913,95.68
29906,423,2972,97.68
29906,1312,1786,58.68
103444,414,476,15.68
103444,428,1025,33.68
103444,1617,1664,54.68
42578,198,1055,34.68
42578,598,933,30.68
13607,426,1817,59.68
13607,1110,2729,89.68
13607,1817,2607,85.68
42216,205,1391,45.68
42216,306,2090,68.68
42216,1205,1725,56.68
28639,307,1086,35.68
100134,113,2182,71.68
100134,798,1998,65.68
100134,1617,1817,59.68
17617,305,3521,115.68
17617,1105,4739,155.68
17617,1110,4767,156.68
96351,304,902,29.68
96351,305,2425,79.68
96351,707,1786,58.68
96351,914,2060,67.68
96351,1011,2333,76.68
96351,1622,1907,62.68
96351,1898,1968,64.68
81534,305,1268,41.68
81534,306,1268,41.68
81534,1298,1633,53.68
81534,1801,1786,58.68
82345,915,933,30.68
82345,1622,1511,49.68
83273,304,1268,41.68
83273,305,1268,41.68
83273,712,4099,134.68
83273,809,1146,37.68
96677,198,1695,55.68
96677,108,1725,56.68
96677,1617,1725,56.68
56684,1637,1603,52.68
56684,1701,1452,47.68
56684,1704,1238,40.68
56684,1705,1452,47.68
20064,601,1937,63.68
87633,915,1086,35.68
87633,1098,1480,48.68
87633,1634,1480,48.68
87633,1637,1480,48.68
87633,1812,1452,47.68
87633,1898,872,28.68
60226,407,1511,49.68
4106,1113,2151,70.68
4106,1630,5590,183.68
40758,1609,1633,53.68
40758,1617,1452,47.68
78958,1001,4282,140.68
78958,305,933,30.68
78958,1111,1725,56.68
78958,1605,4313,141.68
90581,1619,1421,46.68
35214,1609,2791,91.68
35214,1817,902,29.68
82672,305,1360,44.68
22670,102,1572,51.68
22670,304,1572,51.68
22670,423,1452,47.68
22670,1812,1603,52.68
38914,708,1115,36.68
38914,1106,1025,33.68
38914,1117,1542,50.68
76006,507,3582,117.68
76006,507,3582,117.68
76006,1812,1268,41.68
63195,202,3551,116.68
63195,407,3733,122.68
63195,428,2060,67.68
63195,713,964,31.68
63195,1816,2821,92.68
45044,198,1664,54.68
45044,514,933,30.68
45044,516,933,30.68
45044,519,933,30.68
45044,1118,1725,56.68
45044,1311,933,30.68
45044,1801,1664,54.68
50982,504,1452,47.68
50982,1617,1664,54.68
23904,404,1786,58.68
23904,1304,1756,57.68
96012,202,721,23.68
76602,1801,1086,35.68
1642,426,3916,128.68
1642,1622,4798,157.68
1642,1701,3003,98.68
84924,1198,902,29.68
35254,1198,1330,43.68
35254,1898,1330,43.68
42470,304,2913,95.68
42470,1801,2394,78.68
13012,1601,4129,135.68
31068,305,1480,48.68
31068,1619,2425,79.68
6907,1807,3398,111.68
6907,1816,3398,111.68
84748,410,872,28.68
84748,411,872,28.68
84748,1215,902,29.68
84748,1613,4798,157.68
84748,1637,3094,101.68
84748,1801,1603,52.68
95980,201,1115,36.68
89176,201,1025,33.68
89176,304,2852,93.68
89176,305,1756,57.68
89176,414,964,31.68
89176,898,1391,45.68
89176,1117,4008,131.68
89176,1813,964,31.68
89176,1817,2029,66.68
15876,504,2121,69.68
15876,311,1876,61.68
15876,1105,1146,37.68
15876,1108,2913,95.68
15876,1117,1207,39.68
15876,1898,1817,59.68
81258,202,3733,122.68
81258,304,3490,114.68
81258,305,3125,102.68
81258,306,3459,113.68
81258,713,3094,101.68
81258,809,3125,102.68
81258,1809,3855,126.68
81258,1816,3947,129.68
81258,1898,3094,101.68
7380,202,2090,68.68
49941,205,1511,49.68
49941,304,1511,49.68
49941,305,4402,144.68
49941,908,933,30.68
49941,1110,5408,177.68
49941,1637,4586,150.68
49941,1815,3186,104.68
49941,1898,902,29.68
92943,1198,780,25.68
58416,304,1664,54.68
58416,306,1664,54.68
99871,1112,811,26.68
99871,1701,1907,62.68
10681,424,1695,55.68
56370,108,933,30.68
56370,202,5255,172.68
56370,304,1268,41.68
56370,306,4890,160.68
56370,426,4920,161.68
56370,432,4982,163.68
56370,712,4708,154.68
56370,1703,2090,68.68
56370,1798,3429,112.68
60362,425,933,30.68
45081,109,1330,43.68
45081,115,4890,160.68
45081,119,4890,160.68
45081,304,2060,67.68
45081,305,2060,67.68
45081,307,2060,67.68
45081,498,2060,67.68
45081,1113,4190,137.68
62376,102,902,29.68
81136,498,2333,76.68
81136,1605,2852,93.68
81136,1812,1998,65.68
92912,405,964,31.68
60594,203,1330,43.68
60594,411,933,30.68
60594,1634,1086,35.68
87319,1002,1115,36.68
57108,102,3702,121.68
57108,304,3429,112.68
57108,305,3429,112.68
57108,498,1146,37.68
57108,1801,2638,86.68
62384,102,964,31.68
62384,201,1695,55.68
62384,1113,964,31.68
62384,1619,6047,198.68
20868,504,4068,133.68
20868,202,3551,116.68
20868,504,4068,133.68
20868,1609,2791,91.68
17164,116,933,30.68
17164,298,3551,116.68
17164,304,1968,64.68
17164,305,1542,50.68
17164,306,1542,50.68
17164,412,3551,116.68
17164,1812,964,31.68
90659,101,1633,53.68
90659,103,1725,56.68
90659,117,1633,53.68
90659,120,1756,57.68
90659,198,1633,53.68
90659,398,749,24.68
90659,404,1756,57.68
90659,498,1633,53.68
90659,1105,1207,39.68
90659,1710,964,31.68
90659,1801,1511,49.68
90659,1816,902,29.68
90659,1998,1633,53.68
14562,304,2547,83.68
14562,305,2547,83.68
14562,410,5774,189.68
14562,411,5774,189.68
14562,426,5774,189.68
14562,432,5316,174.68
14562,504,2486,81.68
14562,612,2182,71.68
14562,712,6320,207.68
82805,1108,3916,128.68
82805,1215,902,29.68
85664,305,2972,97.68
85664,307,599,19.68
85664,915,599,19.68
7140,305,1725,56.68
7140,306,1725,56.68
7140,914,1695,55.68
7140,1113,964,31.68
7140,1701,1146,37.68
7140,1703,2547,83.68
42954,102,1817,59.68
11313,306,3398,111.68
11313,414,841,27.68
11313,1627,3855,126.68
35455,607,3490,114.68
96802,504,841,27.68
96802,1198,749,24.68
96802,1627,3551,116.68
78464,914,2182,71.68
78464,916,2029,66.68
78464,1117,1177,38.68
78464,1801,1968,64.68
78464,1817,1845,60.68
24120,1898,2394,78.68
22059,1105,1115,36.68
22059,1898,1115,36.68
71977,1801,3490,114.68
48289,1617,964,31.68
63439,102,507,16.68
59135,206,994,32.68
59135,408,902,29.68
59135,1812,2821,92.68
24983,1801,1086,35.68
97924,313,780,25.68
97924,1609,841,27.68
89490,1622,1633,53.68
89490,1637,1633,53.68
89490,1640,1633,53.68
89490,1703,1360,44.68
47366,205,1391,45.68
47366,304,1452,47.68
47366,428,2913,95.68
47366,432,994,32.68
47366,908,1391,45.68
47366,1113,2121,69.68
47366,1205,1391,45.68
41246,1817,1115,36.68
87208,705,872,28.68
16128,1802,1299,42.68
16128,1812,1603,52.68
2490,305,1055,34.68
2490,306,2363,77.68
2490,612,1511,49.68
2490,809,902,29.68
74983,306,4282,140.68
74983,1637,964,31.68
74983,1810,4282,140.68
85049,915,2486,81.68
85049,1704,4374,143.68
85049,1801,2151,70.68
81277,504,1268,41.68
81277,511,1268,41.68
81277,512,1268,41.68
81277,605,1268,41.68
81277,914,964,31.68
81277,915,933,30.68
81277,998,933,30.68
41635,712,2882,94.68
45978,498,1421,46.68
45978,1634,3429,112.68
1107,1098,3033,99.68
1107,1817,2060,67.68
74358,108,1177,38.68
74358,202,1086,35.68
74358,1617,1025,33.68
74358,1798,964,31.68
82440,430,3217,105.68
82440,1698,3217,105.68
47061,304,964,31.68
47061,305,1633,53.68
47061,306,964,31.68
47061,307,964,31.68
47061,428,964,31.68
16225,404,1207,39.68
16225,405,1207,39.68
55915,198,1756,57.68
55915,426,2516,82.68
55915,1105,2455,80.68
55915,1398,1756,57.68
5107,102,1817,59.68
5107,205,1452,47.68
5107,408,964,31.68
5107,1105,2699,88.68
5107,1205,1086,35.68
89129,407,964,31.68
11593,304,3368,110.68
11593,305,3368,110.68
11593,809,1330,43.68
11593,908,3064,100.68
11593,1817,2394,78.68
44729,304,1086,35.68
44729,405,964,31.68
44729,424,1391,45.68
44729,1704,1238,40.68
44729,1801,1330,43.68
44729,1805,1330,43.68
37319,202,3916,128.68
37319,405,3855,126.68
37319,498,3855,126.68
37319,898,902,29.68
37319,1605,6504,213.68
37319,1817,1025,33.68
75514,405,3521,115.68
75514,1113,3490,114.68
75514,1804,3947,129.68
75514,1810,3094,101.68
89695,109,1542,50.68
89695,304,1633,53.68
89695,305,1633,53.68
69498,426,1391,45.68
69498,1617,1086,35.68
22444,498,2241,73.68
22444,1113,2241,73.68
82052,426,4129,135.68
82052,428,964,31.68
102138,705,1330,43.68
102138,1605,1452,47.68
102138,1703,811,26.68
55974,1113,1907,62.68
55974,1627,5438,178.68
63022,608,1756,57.68
63022,809,1115,36.68
63022,1105,1268,41.68
63022,1113,2090,68.68
63022,1211,1756,57.68
63022,1817,1360,44.68
35425,304,872,28.68
35425,404,1817,59.68
35425,428,2241,73.68
35425,713,1572,51.68
102563,107,1299,42.68
102563,412,933,30.68
102563,432,1055,34.68
102563,916,660,21.68
102563,1616,1268,41.68
102563,1634,1268,41.68
52421,705,994,32.68
52421,714,4402,144.68
52421,1311,3306,108.68
52421,1601,933,30.68
52421,1614,5104,167.68
52421,1619,4890,160.68
52421,1627,4739,155.68
18964,198,2699,88.68
18964,304,2882,94.68
18964,411,3186,104.68
18964,432,3186,104.68
18964,705,3247,106.68
18964,1113,2151,70.68
18964,1622,1177,38.68
32507,304,749,24.68
32507,305,2210,72.68
88682,107,1998,65.68
88682,304,1086,35.68
88682,307,1086,35.68
88682,705,1055,34.68
88682,712,1817,59.68
88682,1617,1817,59.68
88682,1622,1817,59.68
78750,1634,1025,33.68
42559,202,933,30.68
42559,405,4008,131.68
42559,407,4008,131.68
42559,412,4008,131.68
42559,423,4008,131.68
42559,424,4008,131.68
42559,712,4008,131.68
42559,1113,2151,70.68
42559,1312,2425,79.68
47547,1801,2638,86.68
85739,426,3247,106.68
85739,1609,4008,131.68
100365,1629,2090,68.68
100365,1630,4099,134.68
100365,1801,4129,135.68
100365,1809,4068,133.68
83409,1801,1086,35.68
83409,1805,1360,44.68
83409,1812,1177,38.68
6327,305,1786,58.68
6327,798,3612,118.68
12844,198,2210,72.68
12844,107,2210,72.68
12844,411,2210,72.68
12844,432,2210,72.68
12844,714,2182,71.68
12844,1614,2210,72.68
12844,1701,1177,38.68
52986,408,1146,37.68
52986,714,1268,41.68
52986,1616,1360,44.68
52986,1640,1480,48.68
52986,1801,1115,36.68
99416,1617,629,20.68
89858,1898,2791,91.68
8017,408,994,32.68
8017,1705,964,31.68
46220,305,2060,67.68
46220,306,2060,67.68
46220,408,3156,103.68
46220,712,5043,165.68
46220,715,5043,165.68
83122,201,964,31.68
80920,102,2060,67.68
80920,1118,1907,62.68
83478,705,994,32.68
83478,1605,1876,61.68
66711,711,1542,50.68
66711,1605,1207,39.68
66711,1704,1421,46.68
47737,201,1086,35.68
47737,306,1756,57.68
47737,412,5316,174.68
47737,709,3003,98.68
47737,1106,1786,58.68
99750,498,1633,53.68
31849,1640,2394,78.68
90284,108,1086,35.68
90284,202,902,29.68
90284,426,902,29.68
90284,1013,1207,39.68
90284,1605,1268,41.68
97284,102,1146,37.68
85397,108,2455,80.68
85397,306,2455,80.68
85397,1108,4008,131.68
91329,705,1025,33.68
91329,1701,1725,56.68
87875,803,994,32.68
87875,908,1025,33.68
87875,1113,1511,49.68
87875,1801,1025,33.68
31009,1105,4647,152.68
31009,1113,1055,34.68
31009,1801,4739,155.68
31009,1817,3551,116.68
2012,602,2821,92.68
2012,602,2455,80.68
2012,1117,2455,80.68
2012,1801,1480,48.68
53747,305,2394,78.68
53747,307,2516,82.68
53747,809,933,30.68
53747,1810,8330,273.68
19219,101,2060,67.68
19219,119,2425,79.68
19219,205,1633,53.68
19219,305,1968,64.68
19219,406,4313,141.68
19219,410,3217,105.68
19219,411,3551,116.68
19219,1305,4343,142.68
45179,116,1452,47.68
45179,415,1756,57.68
45179,1801,2852,93.68
94194,206,1695,55.68
94194,304,1876,61.68
94194,915,2972,97.68
71790,423,1055,34.68
38698,104,2241,73.68
38698,202,2972,97.68
38698,404,4586,150.68
38698,604,1086,35.68
38698,1117,964,31.68
59421,1627,1268,41.68
3771,304,902,29.68
3771,305,902,29.68
3771,307,902,29.68
3771,1605,902,29.68
98325,705,690,22.68
71538,1703,933,30.68
57051,108,1786,58.68
92158,1617,1633,53.68
92158,1898,1086,35.68
82934,305,964,31.68
82934,306,964,31.68
82934,311,964,31.68
82934,1798,4859,159.68
75080,305,2090,68.68
75080,313,3794,124.68
75080,605,902,29.68
87822,423,1391,45.68
87822,713,2913,95.68
87822,1622,902,29.68
87822,1810,2333,76.68
93652,298,811,26.68
93652,306,1968,64.68
93652,906,2060,67.68
93652,1616,3003,98.68
93652,1704,2060,67.68
93652,1801,3217,105.68
88775,102,1480,48.68
88775,305,1330,43.68
88775,1106,933,30.68
88775,1701,1480,48.68
99672,426,780,25.68
77258,304,994,32.68
77258,1112,1725,56.68
77258,1801,3886,127.68
44065,1816,2060,67.68
85826,398,872,28.68
85826,712,1086,35.68
85826,1617,1177,38.68
81511,404,1146,37.68
94476,1112,3033,99.68
94476,1113,3033,99.68
94476,1810,3186,104.68
1325,201,2333,76.68
1325,102,2210,72.68
1325,304,1025,33.68
1325,305,1025,33.68
1325,406,902,29.68
1325,1903,1025,33.68
46514,304,721,23.68
46514,398,749,24.68
10243,202,2363,77.68
10243,304,1299,42.68
10243,1812,2302,75.68
10243,1816,2576,84.68
10243,1817,1238,40.68
35986,1801,2882,94.68
44190,1617,2090,68.68
363,304,1146,37.68
363,1013,3125,102.68
363,1113,1238,40.68
57159,313,3337,109.68
57159,405,2363,77.68
57159,408,2363,77.68
57159,410,2272,74.68
57159,411,2272,74.68
57159,426,2363,77.68
57159,1312,2241,73.68
57159,1698,2486,81.68
57159,1710,2913,95.68
57159,1801,2121,69.68
57159,1817,964,31.68
11843,708,872,28.68
14653,1622,3551,116.68
14653,1817,4433,145.68
3595,410,2060,67.68
28895,1105,1876,61.68
68499,304,2455,80.68
68499,305,1146,37.68
68499,306,1207,39.68
68499,307,2272,74.68
68499,313,2638,86.68
68499,713,2455,80.68
68499,1622,2576,84.68
68499,1801,1177,38.68
68499,1816,2699,88.68
31722,405,1664,54.68
31722,423,1664,54.68
31722,498,902,29.68
31722,798,1695,55.68
31722,998,1177,38.68
31722,1612,1603,52.68
31722,1617,2121,69.68
31722,1698,902,29.68
55147,198,1299,42.68
55147,304,1360,44.68
55147,305,1360,44.68
55147,306,3094,101.68
55147,405,3763,123.68
55147,407,3794,124.68
55147,426,4008,131.68
55147,510,1299,42.68
55147,519,1299,42.68
55147,1612,4829,158.68
55147,1812,1664,54.68
41861,411,2425,79.68
41861,432,3886,127.68
102700,307,1146,37.68
102700,411,568,18.68
102700,512,994,32.68
102700,705,5012,164.68
102700,710,1268,41.68
102700,1118,994,32.68
87369,407,1177,38.68
84650,1298,841,27.68
84650,1698,1055,34.68
84650,1710,1025,33.68
44198,304,1452,47.68
44198,305,1452,47.68
44198,428,1452,47.68
86717,407,3521,115.68
86717,1801,2913,95.68
27018,304,2333,76.68
27018,305,2333,76.68
27018,306,1238,40.68
27018,916,964,31.68
27018,1117,994,32.68
89539,1627,5347,175.68
67470,1113,2121,69.68
65641,305,1511,49.68
65641,424,1603,52.68
18330,102,1391,45.68
18330,202,902,29.68
18330,304,4678,153.68
18330,305,4678,153.68
18330,307,4678,153.68
18330,404,2486,81.68
18330,405,2486,81.68
18330,412,841,27.68
18330,428,1207,39.68
18330,803,1572,51.68
18330,1704,1421,46.68
27760,1810,5194,170.68
80546,504,4494,147.68
80546,602,6534,214.68
80546,102,1238,40.68
80546,304,4494,147.68
80546,305,1207,39.68
80546,307,1268,41.68
80546,504,4494,147.68
80546,612,6534,214.68
80546,1216,933,30.68
8095,306,2121,69.68
8095,426,1756,57.68
8095,1637,3033,99.68
8095,1812,1968,64.68
43356,101,1025,33.68
43356,304,1115,36.68
43356,305,1025,33.68
43356,504,1025,33.68
43356,1111,4190,137.68
34713,412,1330,43.68
34713,1817,4798,157.68
103467,202,1664,54.68
103467,428,1786,58.68
103467,915,537,17.68
103467,916,568,18.68
103467,1113,1330,43.68
103467,1198,1330,43.68
103467,1312,1055,34.68
103467,1614,3064,100.68
103467,1640,2791,91.68
103467,1801,507,16.68
103467,1813,872,28.68
55164,414,2576,84.68
55164,1110,1299,42.68
55164,1801,994,32.68
84478,1634,1055,34.68
22175,1803,2729,89.68
22175,1817,2060,67.68
63055,411,4678,153.68
63055,423,2882,94.68
63055,1312,2972,97.68
95935,504,1025,33.68
95935,598,2576,84.68
95935,504,2576,84.68
95935,1801,1421,46.68
18352,305,1330,43.68
18352,426,964,31.68
18352,1701,3702,121.68
31388,1616,1603,52.68
31388,1617,1603,52.68
91964,1801,933,30.68
91964,1817,1055,34.68
51990,1118,2972,97.68
79135,303,1480,48.68
79135,305,1055,34.68
41524,1601,1664,54.68
41524,1616,2852,93.68
68128,1614,2852,93.68
68128,1701,2272,74.68
68128,1801,1391,45.68
88769,307,2029,66.68
88769,915,1330,43.68
88769,1801,1664,54.68
71517,406,964,31.68
49747,103,933,30.68
49747,307,933,30.68
49747,428,933,30.68
49747,809,3733,122.68
49747,916,1330,43.68
49747,1304,3733,122.68
49747,1307,3702,121.68
49747,1601,3763,123.68
49747,1798,1268,41.68
66361,103,3156,103.68
23939,304,1146,37.68
23939,1810,1968,64.68
85435,304,902,29.68
85435,307,902,29.68
85435,413,1480,48.68
85435,1117,1480,48.68
85435,1805,1756,57.68
8808,102,1146,37.68
8808,304,1511,49.68
8808,305,3671,120.68
8808,309,1511,49.68
8808,405,3977,130.68
8808,408,3094,101.68
8808,498,2333,76.68
8808,809,2210,72.68
8808,1111,2029,66.68
37672,514,964,31.68
37672,708,964,31.68
37672,1112,2090,68.68
37672,1804,3733,122.68
36959,415,1421,46.68
36959,1617,1695,55.68
36959,1701,1542,50.68
36959,1703,1391,45.68
36959,1704,902,29.68
36959,1801,1207,39.68
88999,1117,2821,92.68
21744,1617,1845,60.68
70606,304,1146,37.68
70606,306,1391,45.68
70606,423,2607,85.68
70606,709,4068,133.68
70606,1118,1146,37.68
70606,1817,1299,42.68
45099,104,2486,81.68
45099,305,1756,57.68
45099,1105,4037,132.68
45099,1614,2821,92.68
10345,1619,1452,47.68
76789,304,1115,36.68
76789,305,811,26.68
76789,504,811,26.68
76789,512,811,26.68
76789,519,811,26.68
37266,398,1025,33.68
37266,518,4008,131.68
37266,1014,1542,50.68
37266,1113,1025,33.68
37791,428,1391,45.68
37791,432,1238,40.68
37791,713,6381,209.68
37791,1605,6808,223.68
84021,111,964,31.68
84021,1098,994,32.68
51897,198,1786,58.68
51897,111,1786,58.68
51897,707,1391,45.68
61746,407,2913,95.68
61746,424,2760,90.68
61746,429,2913,95.68
95979,1007,1207,39.68
95979,1015,1511,49.68
16515,304,964,31.68
16515,1113,1695,55.68
55771,1605,2821,92.68
55771,1617,1695,55.68
29108,504,1025,33.68
29108,710,3551,116.68
89862,304,2302,75.68
89862,426,1268,41.68
89862,1112,1421,46.68
89862,1803,1421,46.68
45747,713,3125,102.68
45747,1605,3094,101.68
45747,1622,3763,123.68
45747,1640,3763,123.68
69550,306,1299,42.68
48713,1634,2333,76.68
48713,1898,1876,61.68
53353,404,1725,56.68
53353,405,1511,49.68
53353,406,2516,82.68
53353,407,1238,40.68
53353,412,1238,40.68
53353,712,1238,40.68
17447,411,1299,42.68
17447,1617,1299,42.68
17447,1634,1299,42.68
17447,1637,1299,42.68
34525,304,1603,52.68
34525,305,1299,42.68
34525,1617,1603,52.68
34525,1701,1115,36.68
93707,306,1845,60.68
82063,116,1360,44.68
82063,498,2090,68.68
82063,598,994,32.68
82063,915,4282,140.68
82063,1113,994,32.68
66635,1801,1268,41.68
76591,202,3490,114.68
76591,412,3278,107.68
76591,809,3064,100.68
76591,1813,3582,117.68
102588,713,537,17.68
26872,406,1330,43.68
26872,1113,1725,56.68
26872,1801,6869,225.68
59039,102,1268,41.68
59039,428,964,31.68
59039,916,964,31.68
59039,1115,964,31.68
95597,305,1725,56.68
95597,1605,1786,58.68
95597,1801,1786,58.68
95597,1812,1725,56.68
72365,108,964,31.68
72365,713,2455,80.68
28620,1809,1025,33.68
74343,1634,994,32.68
8386,428,1391,45.68
66813,916,1937,63.68
59725,498,2090,68.68
59725,504,964,31.68
59725,1701,1907,62.68
53137,304,2882,94.68
53137,1113,2913,95.68
53137,1704,1452,47.68
85416,202,3003,98.68
85416,306,902,29.68
85416,423,2210,72.68
85416,426,2210,72.68
85416,1812,1268,41.68
85416,1813,1542,50.68
85416,1816,2791,91.68
55312,713,3217,105.68
55312,798,2060,67.68
37858,898,2302,75.68
37858,304,933,30.68
37858,306,933,30.68
37858,404,2363,77.68
37858,407,2029,66.68
37858,898,2302,75.68
34488,306,1876,61.68
34488,916,1268,41.68
34488,1112,1360,44.68
34488,1198,1360,44.68
34488,1817,2182,71.68
91142,102,1238,40.68
91142,305,1452,47.68
91142,313,1452,47.68
91142,410,1452,47.68
91142,411,1452,47.68
91142,1117,1330,43.68
54431,202,1055,34.68
54431,205,1238,40.68
54431,412,4555,149.68
54431,705,1086,35.68
54431,1111,964,31.68
54431,1210,964,31.68
54431,1312,5012,164.68
54431,1617,5986,196.68
54431,1701,3186,104.68
54431,1798,5955,195.68
54431,1801,1055,34.68
22933,498,2029,66.68
22933,1119,2241,73.68
22933,1617,4343,142.68
22933,1816,4037,132.68
95670,1017,1360,44.68
95670,1112,721,23.68
95670,1812,1115,36.68
27166,1098,4464,146.68
27166,304,1633,53.68
27166,305,1633,53.68
27166,311,4464,146.68
27166,406,1695,55.68
89058,411,841,27.68
44126,304,2516,82.68
44126,305,2516,82.68
44126,1801,2425,79.68
62247,406,2060,67.68
62247,1013,2121,69.68
62247,1312,1968,64.68
62247,1609,3247,106.68
62247,1617,3247,106.68
62247,1901,2333,76.68
62247,1998,1756,57.68
16099,1637,994,32.68
83988,708,1330,43.68
24425,102,1725,56.68
24425,414,2821,92.68
24425,428,2455,80.68
24425,430,5863,192.68
24425,504,994,32.68
24425,713,872,28.68
24425,1605,5835,191.68
39645,102,933,30.68
39645,108,2972,97.68
39645,205,1146,37.68
39645,404,994,32.68
39645,415,2821,92.68
39645,498,933,30.68
39645,1113,933,30.68
56732,1113,1511,49.68
56732,1801,1542,50.68
88338,305,1207,39.68
88338,306,1207,39.68
88338,398,1207,39.68
88338,504,2882,94.68
88338,1013,3156,103.68
88338,1817,2363,77.68
86130,428,1664,54.68
86130,510,3156,103.68
86130,1701,2941,96.68
86130,1801,1421,46.68
87023,428,3702,121.68
87023,1622,1876,61.68
98146,1605,690,22.68
76459,102,1330,43.68
76459,708,1299,42.68
76459,1617,2272,74.68
93382,410,1695,55.68
93382,705,749,24.68
81718,915,1330,43.68
36095,405,1391,45.68
81578,412,2363,77.68
66043,205,1421,46.68
66043,1106,1055,34.68
90525,1634,2029,66.68
90525,1812,1695,55.68
40491,914,2363,77.68
40491,1637,3094,101.68
54230,311,5408,177.68
54230,1704,5590,183.68
75987,104,2060,67.68
75987,109,2668,87.68
75987,202,2060,67.68
75987,424,2333,76.68
75987,1701,3278,107.68
98214,798,721,23.68
98214,1637,721,23.68
5567,1708,1299,42.68
57855,102,1603,52.68
57855,504,1238,40.68
57855,715,1330,43.68
57855,1110,2821,92.68
57855,1112,2821,92.68
57855,1113,2821,92.68
57855,1627,2363,77.68
89198,202,933,30.68
49073,201,3337,109.68
49073,304,964,31.68
49073,1119,1511,49.68
49073,1817,2882,94.68
52045,1802,2821,92.68
52045,1812,3337,109.68
3882,102,1633,53.68
3882,205,1998,65.68
3882,304,4920,161.68
3882,305,2729,89.68
3882,306,2729,89.68
3882,510,1268,41.68
3882,1106,1998,65.68
3882,1119,1998,65.68
3882,1206,1055,34.68
3882,1605,4859,159.68
3882,1617,4190,137.68
3882,1701,2547,83.68
3882,1703,1725,56.68
89913,304,1268,41.68
89913,307,1268,41.68
89913,405,872,28.68
3206,109,1845,60.68
3206,1812,1937,63.68
23518,405,1238,40.68
23518,708,994,32.68
23518,1605,1817,59.68
23518,1801,1695,55.68
5134,203,1572,51.68
5134,305,3459,113.68
5134,423,1177,38.68
5134,1614,1603,52.68
5134,1616,1360,44.68
5134,1622,1360,44.68
5134,1627,2455,80.68
96970,398,3582,117.68
96970,310,3582,117.68
96970,504,780,25.68
96970,1801,2821,92.68
4094,1398,5408,177.68
4094,304,994,32.68
4094,305,994,32.68
4094,405,2394,78.68
4094,410,3064,100.68
4094,914,3033,99.68
4094,1113,1086,35.68
4094,1304,5408,177.68
4094,1617,2760,90.68
61444,104,872,28.68
61444,206,1268,41.68
61444,304,1055,34.68
61444,404,872,28.68
61444,708,872,28.68
61444,1198,872,28.68
61444,1903,964,31.68
42382,415,2241,73.68
42382,1105,1421,46.68
6051,516,1238,40.68
6051,519,1238,40.68
6051,1815,1055,34.68
56297,202,933,30.68
56297,1007,8908,292.68
54495,504,1207,39.68
54495,605,1146,37.68
17011,202,1086,35.68
17011,304,1086,35.68
17011,305,2455,80.68
17011,605,1876,61.68
17011,610,4374,143.68
17011,906,2455,80.68
17011,916,1633,53.68
17011,1605,4129,135.68
17011,1626,2455,80.68
17011,1634,1603,52.68
17011,1701,2638,86.68
17011,1817,1633,53.68
84749,798,3247,106.68
84749,1605,1786,58.68
84749,1810,3306,108.68
65835,304,3459,113.68
65835,305,3459,113.68
65835,510,1756,57.68
65835,1627,3217,105.68
65835,1801,1268,41.68
65835,1802,2941,96.68
53053,406,4647,152.68
53053,407,4586,150.68
53053,423,4647,152.68
53053,426,4586,150.68
53053,1801,4313,141.68
53053,1816,3671,120.68
100425,1698,1330,43.68
12872,1810,2760,90.68
76770,304,1907,62.68
76770,411,1664,54.68
76770,412,1177,38.68
76770,426,1664,54.68
22241,412,1817,59.68
22241,714,872,28.68
22241,1630,1907,62.68
22241,1698,872,28.68
22241,1798,1817,59.68
22241,1812,1756,57.68
25016,304,1845,60.68
25016,305,1845,60.68
25016,1112,1055,34.68
92345,201,1480,48.68
52619,1804,1633,53.68
5514,201,3064,100.68
5514,404,2699,88.68
5514,414,1695,55.68
5514,426,2576,84.68
102572,425,4221,138.68
102572,809,1845,60.68
102572,1630,4252,139.68
102572,1801,1086,35.68
102572,1817,1786,58.68
94612,1803,1086,35.68
86425,712,1817,59.68
47629,404,629,20.68
47629,432,2182,71.68
27897,1108,1115,36.68
27897,1113,1115,36.68
27897,1634,1115,36.68
27897,1637,1299,42.68
27897,1798,1238,40.68
27897,1898,1115,36.68
11919,415,3612,118.68
11919,1812,1086,35.68
11919,1813,1664,54.68
63553,101,1299,42.68
63553,103,1725,56.68
63553,109,1421,46.68
63553,116,1299,42.68
63553,305,629,20.68
63553,306,3886,127.68
63553,1312,1633,53.68
75174,311,964,31.68
75174,426,933,30.68
75174,1617,1207,39.68
92110,116,2182,71.68
92110,202,811,26.68
92110,205,1177,38.68
92110,426,4739,155.68
92110,712,933,30.68
92110,1113,1146,37.68
41309,304,3186,104.68
41309,915,1146,37.68
41309,1801,1025,33.68
22004,412,1115,36.68
22004,712,1086,35.68
22004,714,2241,73.68
22004,1605,2363,77.68
38773,915,629,20.68
38773,1110,599,19.68
99155,304,1115,36.68
99155,998,2486,81.68
54092,102,1146,37.68
54092,304,1786,58.68
54092,612,2486,81.68
54092,719,2029,66.68
54092,1803,4617,151.68
5846,1616,2516,82.68
78141,202,1998,65.68
78141,410,1998,65.68
78141,426,1695,55.68
78141,1801,1695,55.68
63995,404,1786,58.68
63995,405,1695,55.68
63995,915,1786,58.68
59924,1598,4190,137.68
59924,1111,4190,137.68
59924,1210,4221,138.68
70354,102,2821,92.68
70354,104,964,31.68
70354,108,2425,79.68
70354,109,964,31.68
70354,201,2852,93.68
70354,202,4951,162.68
70354,203,4708,154.68
70354,304,4313,141.68
70354,305,4313,141.68
70354,306,4313,141.68
70354,405,6139,201.68
70354,407,6139,201.68
70354,410,6139,201.68
70354,426,5316,174.68
31204,108,1968,64.68
31204,306,1876,61.68
31204,1605,3003,98.68
31204,1704,3094,101.68
31204,1801,2425,79.68
31204,1816,3247,106.68
62643,1701,2638,86.68
96197,108,4555,149.68
96197,202,4767,156.68
96197,705,2972,97.68
96197,916,1115,36.68
96197,1117,5132,168.68
96197,1312,4037,132.68
96197,1801,2210,72.68
77377,898,1238,40.68
5959,109,1876,61.68
5959,205,1786,58.68
5959,304,2607,85.68
5959,411,872,28.68
5959,809,1542,50.68
94033,610,599,19.68
94033,708,690,22.68
94033,712,599,19.68
94033,1812,902,29.68
88191,108,902,29.68
88191,208,1664,54.68
88191,415,2029,66.68
88191,1605,1756,57.68
81451,202,1452,47.68
81451,504,872,28.68
81451,705,2455,80.68
81451,708,841,27.68
81451,915,2516,82.68
81451,1801,1055,34.68
81451,1817,1572,51.68
22607,306,2941,96.68
22607,498,3702,121.68
22607,1111,2121,69.68
22607,1210,2060,67.68
22607,1613,5804,190.68
22607,1617,5774,189.68
22607,1798,4647,152.68
22607,1801,3064,100.68
22607,1898,1695,55.68
28474,406,2060,67.68
28474,1801,1391,45.68
28474,1816,964,31.68
68590,198,933,30.68
68590,202,933,30.68
68590,304,994,32.68
68590,306,994,32.68
68590,307,994,32.68
68590,713,1786,58.68
29347,311,994,32.68
85689,304,2425,79.68
49693,1113,1511,49.68
49693,1298,1511,49.68
76525,307,1360,44.68
76525,798,1817,59.68
76525,1627,3612,118.68
48854,415,994,32.68
48854,915,933,30.68
48854,1701,568,18.68
87505,198,1725,56.68
87505,423,1937,63.68
87505,998,1330,43.68
87505,1117,2547,83.68
87505,1640,2576,84.68
16164,202,1937,63.68
16164,1298,872,28.68
78824,1803,1055,34.68
14706,311,1876,61.68
14706,916,1146,37.68
14706,1701,1086,35.68
13746,1598,4920,161.68
13746,201,1542,50.68
13746,304,2333,76.68
13746,709,2151,70.68
13746,908,780,25.68
13746,1111,5408,177.68
13746,1701,5377,176.68
13746,1898,1025,33.68
103140,202,2151,70.68
103140,304,1633,53.68
103140,405,872,28.68
103140,714,690,22.68
103140,1801,1086,35.68
97863,102,2302,75.68
97863,406,3247,106.68
97863,602,3064,100.68
97863,609,3064,100.68
97863,1211,3064,100.68
90263,1298,964,31.68
91444,426,2972,97.68
91444,428,2241,73.68
91444,1626,1299,42.68
91444,1809,2241,73.68
24823,305,811,26.68
24823,1812,902,29.68
51754,708,1238,40.68
59509,1809,2363,77.68
59509,1817,2699,88.68
1710,102,1391,45.68
1710,108,1268,41.68
1710,201,1664,54.68
1710,202,3551,116.68
1710,305,1268,41.68
1710,407,2852,93.68
1710,412,2425,79.68
1710,428,2121,69.68
1710,914,2425,79.68
1710,1118,1998,65.68
91103,704,2668,87.68
91103,1617,2668,87.68
82862,432,994,32.68
82862,1617,3064,100.68
82862,1701,2333,76.68
82862,1703,1786,58.68
97171,1801,3459,113.68
97171,1805,3459,113.68
66785,916,1511,49.68
66829,304,2607,85.68
66829,306,1025,33.68
66829,307,2607,85.68
66829,423,2607,85.68
66829,428,1511,49.68
66829,1110,2638,86.68
66829,1912,1025,33.68
185,108,1876,61.68
185,1617,2272,74.68
185,1709,2151,70.68
88714,412,4951,162.68
88714,712,4951,162.68
88714,1113,994,32.68
88714,1803,994,32.68
89223,1803,2060,67.68
70687,304,1330,43.68
70687,708,1452,47.68
70687,1601,1330,43.68
70687,1701,1421,46.68
41920,304,1817,59.68
41920,504,1086,35.68
41920,1605,2821,92.68
41920,1801,4190,137.68
41920,1812,964,31.68
41920,1816,1725,56.68
80763,1614,1937,63.68
80763,1801,1756,57.68
16547,406,1725,56.68
94159,305,721,23.68
94159,398,721,23.68
94159,426,841,27.68
37200,411,902,29.68
37200,423,902,29.68
37200,1605,1664,54.68
37200,1812,2576,84.68
66232,202,1055,34.68
66232,205,1817,59.68
66232,304,2852,93.68
66232,305,2182,71.68
66232,1630,6108,200.68
66232,1701,4951,162.68
66232,1801,1817,59.68
35405,198,1146,37.68
53849,102,994,32.68
53849,198,994,32.68
53849,205,994,32.68
53849,298,1572,51.68
53849,1298,964,31.68
53849,1812,4525,148.68
53849,1898,4525,148.68
64994,202,1055,34.68
47440,705,2394,78.68
47440,1605,2060,67.68
16764,498,2791,91.68
16764,798,3094,101.68
16764,1111,1177,38.68
16764,1298,3094,101.68
78813,1801,1207,39.68
78813,1812,1146,37.68
844,304,1664,54.68
844,1112,721,23.68
60325,102,1268,41.68
60325,304,1998,65.68
60325,1110,3033,99.68
60325,1113,2668,87.68
60325,1622,5285,173.68
96510,307,1115,36.68
96510,1113,1268,41.68
84219,304,1756,57.68
83894,311,1025,33.68
83894,1802,1086,35.68
43845,1205,902,29.68
87477,713,811,26.68
38642,408,1299,42.68
38642,411,2576,84.68
38642,1619,2576,84.68
74300,414,994,32.68
35922,1098,2090,68.68
1221,708,872,28.68
1221,709,872,28.68
1221,1617,2060,67.68
1221,1798,841,27.68
1221,1801,1115,36.68
97655,198,1572,51.68
97655,1617,3094,101.68
97655,1637,1664,54.68
2386,914,3702,121.68
2386,1117,3490,114.68
2386,1810,2821,92.68
61448,1312,994,32.68
61448,1627,1511,49.68
61448,1798,1025,33.68
61448,1817,1725,56.68
40751,1609,1268,41.68
82639,109,1480,48.68
82639,205,1511,49.68
82639,304,3702,121.68
82639,809,2241,73.68
82639,1108,1998,65.68
82639,1110,1998,65.68
82639,1113,2729,89.68
82639,1205,1238,40.68
26593,504,964,31.68
26593,504,964,31.68
5614,105,2576,84.68
5614,304,2210,72.68
5614,305,1421,46.68
5614,1817,1725,56.68
56671,498,5621,184.68
56671,1298,6443,211.68
56671,102,964,31.68
56671,109,994,32.68
56671,119,1786,58.68
56671,120,1391,45.68
56671,201,1452,47.68
56671,405,6381,209.68
56671,410,6381,209.68
56671,423,6381,209.68
56671,719,1876,61.68
56671,1105,2210,72.68
56671,1215,6381,209.68
56671,1630,6746,221.68
36542,304,1115,36.68
36542,307,1115,36.68
60374,406,964,31.68
60374,423,964,31.68
60374,1605,1177,38.68
60374,1617,1330,43.68
91135,713,1025,33.68
91135,1801,1937,63.68
91719,107,1572,51.68
91719,1805,1452,47.68
91719,1811,1452,47.68
53195,1615,1025,33.68
87746,304,872,28.68
87746,305,841,27.68
87746,398,994,32.68
13850,1298,2913,95.68
13850,107,2913,95.68
13850,1105,1207,39.68
13850,1215,3247,106.68
13850,1704,933,30.68
13850,1798,2455,80.68
13850,1801,2151,70.68
13850,1816,4068,133.68
624,201,1177,38.68
624,205,1817,59.68
624,305,1845,60.68
624,519,1603,52.68
25538,108,2333,76.68
25538,203,2394,78.68
25538,432,2151,70.68
25538,1616,2394,78.68
25538,1634,2394,78.68
25538,1698,2394,78.68
25538,1812,2182,71.68
85418,305,1268,41.68
82600,306,1360,44.68
82600,1198,1817,59.68
28410,426,1086,35.68
97976,1622,964,31.68
97976,1801,690,22.68
5479,498,4008,131.68
5479,198,1725,56.68
5479,304,2607,85.68
5479,305,2607,85.68
5479,404,4068,133.68
5479,712,1876,61.68
5479,1605,2516,82.68
70611,1812,1086,35.68
64030,304,964,31.68
64030,313,4739,155.68
64030,432,1330,43.68
64030,1605,1360,44.68
90654,415,994,32.68
90654,1617,1756,57.68
72957,203,4708,154.68
72957,423,4586,150.68
72957,712,4586,150.68
72957,1105,2791,91.68
72957,1817,2791,91.68
95660,1112,1360,44.68
78356,1103,5408,177.68
78356,101,1511,49.68
78356,119,1817,59.68
78356,120,1817,59.68
78356,198,1511,49.68
78356,406,1603,52.68
78356,504,1817,59.68
78356,1998,1511,49.68
7473,202,1511,49.68
7473,405,3459,113.68
7473,411,933,30.68
7473,511,902,29.68
7473,512,902,29.68
7473,705,933,30.68
7473,916,933,30.68
7473,1801,5347,175.68
78948,205,1360,44.68
78948,306,1572,51.68
78948,307,1542,50.68
78948,426,4829,158.68
78948,898,964,31.68
78948,915,3186,104.68
78948,1609,5163,169.68
78948,1617,5163,169.68
78948,1801,902,29.68
78948,1805,3490,114.68
98330,1637,841,27.68
79759,304,964,31.68
79759,405,1360,44.68
79759,914,1360,44.68
79759,915,1360,44.68
79759,916,1360,44.68
52528,304,1299,42.68
52528,305,1299,42.68
52528,306,2182,71.68
52528,313,3429,112.68
52528,426,1238,40.68
52528,432,841,27.68
52528,498,2394,78.68
52528,504,2182,71.68
52528,712,3398,111.68
52528,1498,2182,71.68
52528,1616,2182,71.68
52528,1617,3217,105.68
52528,1627,3429,112.68
52528,1703,1207,39.68
52528,1710,2182,71.68
52528,1817,1603,52.68
27452,1812,4190,137.68
64798,708,1086,35.68
64798,1110,2486,81.68
71153,306,1207,39.68
71153,1614,2576,84.68
10098,905,964,31.68
10098,432,1876,61.68
10098,905,964,31.68
10098,1105,964,31.68
10098,1106,964,31.68
10098,1112,964,31.68
10098,1113,964,31.68
10098,1117,964,31.68
10098,1817,1391,45.68
10098,1898,1086,35.68
51844,202,1238,40.68
51844,206,1968,64.68
51844,305,2090,68.68
51844,708,2455,80.68
51844,1105,1238,40.68
51844,1803,1238,40.68
60839,205,1511,49.68
60839,304,1511,49.68
60839,305,1511,49.68
60839,307,3582,117.68
60839,1298,933,30.68
92916,708,1360,44.68
92916,709,1360,44.68
92916,1616,2576,84.68
77591,304,1055,34.68
77591,1698,2486,81.68
50915,109,1177,38.68
50915,198,872,28.68
50915,498,1238,40.68
50915,914,4221,138.68
50915,1105,2729,89.68
50915,1198,1238,40.68
50915,1701,5347,175.68
50915,1798,3582,117.68
43947,705,1756,57.68
43947,1105,2607,85.68
43947,1113,2607,85.68
43947,1627,2363,77.68
43947,1801,2760,90.68
11681,108,1086,35.68
11681,306,872,28.68
11681,432,1725,56.68
11681,705,872,28.68
11681,1105,1998,65.68
11681,1701,1968,64.68
11681,1898,1998,65.68
99133,1106,1177,38.68
34363,412,1268,41.68
34363,712,1268,41.68
91706,1704,1055,34.68
32006,915,1238,40.68
32006,1817,3306,108.68
32006,1898,964,31.68
50452,406,3429,112.68
50452,1106,1268,41.68
50452,1118,1268,41.68
50452,1619,3429,112.68
89524,310,1876,61.68
89524,412,1360,44.68
89524,1008,1786,58.68
89524,1110,994,32.68
83679,202,1238,40.68
83679,304,2210,72.68
83679,305,2210,72.68
83679,611,1817,59.68
83679,1005,1360,44.68
83679,1804,4647,152.68
83679,1817,2913,95.68
43540,313,1360,44.68
43540,1622,1360,44.68
74508,108,1207,39.68
74508,1701,964,31.68
74508,1805,1055,34.68
74508,1898,1055,34.68
21287,116,1664,54.68
21287,304,1511,49.68
21287,306,1572,51.68
21287,414,2060,67.68
21287,423,1360,44.68
21287,428,1299,42.68
21287,709,2486,81.68
21287,1605,4647,152.68
21287,1701,4829,158.68
21287,1801,1542,50.68
21287,1817,3855,126.68
70997,304,964,31.68
70997,406,1086,35.68
70997,432,4037,132.68
70997,1617,2941,96.68
103077,304,841,27.68
103077,1307,476,15.68
63252,423,2791,91.68
63252,429,2821,92.68
26646,202,872,28.68
26646,304,1115,36.68
26646,305,1115,36.68
26646,306,1115,36.68
26646,307,1115,36.68
26646,426,1391,45.68
26646,712,872,28.68
26646,1215,1177,38.68
30158,108,1299,42.68
30158,709,1299,42.68
30158,1605,2363,77.68
44036,406,1115,36.68
97273,698,4920,161.68
97273,1701,3977,130.68
97273,1801,1238,40.68
97273,1802,994,32.68
97273,1810,5012,164.68
81789,1617,3156,103.68
6662,304,3916,128.68
6662,305,2121,69.68
6662,504,1664,54.68
470,398,4798,157.68
470,310,4798,157.68
470,713,1542,50.68
470,1105,2821,92.68
20928,498,2090,68.68
1983,705,2121,69.68
1983,908,1756,57.68
1983,1113,2486,81.68
1983,1619,2638,86.68
1983,1801,1421,46.68
96768,1607,841,27.68
96768,1622,841,27.68
75873,304,1756,57.68
75873,498,994,32.68
75873,1617,2607,85.68
48632,102,2182,71.68
48632,205,1817,59.68
48632,407,1452,47.68
48632,412,5529,181.68
48632,504,2913,95.68
48632,1205,1452,47.68
48632,1298,1633,53.68
48632,1637,1756,57.68
48632,1704,1876,61.68
48632,1801,1360,44.68
48632,1805,2241,73.68
48632,1813,1695,55.68
100849,305,721,23.68
100849,1110,2486,81.68
82044,504,3977,130.68
82044,504,3977,130.68
82044,1117,3977,130.68
82044,1622,3977,130.68
80734,304,3125,102.68
80734,305,5255,172.68
80734,306,5255,172.68
80734,1205,3033,99.68
67813,102,1876,61.68
67813,1801,1511,49.68
44624,406,1086,35.68
44624,426,1086,35.68
44624,708,2425,79.68
44624,1205,1086,35.68
20561,713,2121,69.68
20561,1634,4767,156.68
29984,202,2852,93.68
29669,1802,1025,33.68
29669,1898,1025,33.68
70170,304,2941,96.68
70170,1105,1115,36.68
70170,1637,1268,41.68
70170,1801,1603,52.68
9658,202,2882,94.68
9658,408,2882,94.68
9658,426,2486,81.68
9658,712,2029,66.68
75010,305,5012,164.68
71816,305,1633,53.68
71816,411,2729,89.68
71816,423,994,32.68
71816,710,2121,69.68
71816,1614,3094,101.68
71816,1703,2455,80.68
91546,405,872,28.68
91546,710,1086,35.68
77609,198,4129,135.68
77609,1298,2941,96.68
77609,112,4129,135.68
77609,202,1299,42.68
77609,305,1025,33.68
77609,306,1025,33.68
77609,428,3643,119.68
77609,510,2913,95.68
77609,1215,2913,95.68
77609,1605,3947,129.68
77609,1637,4129,135.68
77609,1798,2852,93.68
77609,1809,3582,117.68
77609,1898,3582,117.68
41328,202,4433,145.68
41328,1113,2241,73.68
95269,412,964,31.68
95269,423,964,31.68
95269,1630,902,29.68
95269,1634,994,32.68
95269,1801,721,23.68
51555,498,1542,50.68
51555,1118,2302,75.68
51555,1305,1664,54.68
51555,1801,3582,117.68
49915,201,1633,53.68
49915,202,1452,47.68
49915,1804,1452,47.68
6544,109,1207,39.68
6544,1710,2607,85.68
57289,1815,933,30.68
98635,304,841,27.68
98635,305,841,27.68
98635,908,994,32.68
98635,915,1876,61.68
98635,1117,5955,195.68
98635,1312,994,32.68
98635,1636,5955,195.68
89038,1622,902,29.68
50006,712,2547,83.68
50006,714,2852,93.68
50006,719,2547,83.68
50006,1627,2852,93.68
50006,1817,1330,43.68
5204,1113,964,31.68
80866,304,933,30.68
99618,102,964,31.68
99618,208,629,20.68
99618,304,1664,54.68
99618,305,1664,54.68
99618,408,1664,54.68
99618,604,964,31.68
99618,714,1845,60.68
99618,1011,1845,60.68
99618,1113,629,20.68
19156,206,2029,66.68
19156,1898,2121,69.68
80696,504,2029,66.68
80696,512,1115,36.68
80696,1627,2760,90.68
86869,304,964,31.68
86869,898,1299,42.68
86869,1113,1299,42.68
33774,304,2272,74.68
33774,305,5224,171.68
33774,1117,3429,112.68
33774,1801,3125,102.68
91403,108,1207,39.68
91403,710,872,28.68
40287,304,1603,52.68
40287,305,1603,52.68
40287,423,1025,33.68
86802,205,1330,43.68
86802,1110,1511,49.68
16965,423,902,29.68
16965,1609,1360,44.68
16965,1617,1330,43.68
16965,1619,1115,36.68
16965,1624,1360,44.68
16965,1898,902,29.68
63806,806,933,30.68
78734,304,1572,51.68
78734,305,4037,132.68
78734,512,1360,44.68
78734,1627,1695,55.68
78734,1804,5224,171.68
78734,1817,2882,94.68
9572,305,690,22.68
9572,707,3643,119.68
9572,1616,4617,151.68
9572,1618,2760,90.68
9572,1703,2333,76.68
2528,305,1542,50.68
2528,405,1268,41.68
2528,432,1968,64.68
2528,804,1360,44.68
2528,1113,1452,47.68
2528,1204,1207,39.68
2528,1627,1968,64.68
2528,1801,2182,71.68
2528,1803,2486,81.68
2528,1812,1937,63.68
98578,498,1845,60.68
63316,101,1268,41.68
63316,304,1968,64.68
63316,305,1968,64.68
63316,310,7021,230.68
63316,404,1695,55.68
63316,707,1968,64.68
63316,809,6381,209.68
63316,916,1238,40.68
63316,1112,1452,47.68
63316,1113,1998,65.68
63316,1119,1998,65.68
63316,1205,1421,46.68
63316,1305,1937,63.68
63316,1634,1786,58.68
63316,1898,6473,212.68
57712,104,1055,34.68
57712,201,1876,61.68
57712,304,1452,47.68
64383,915,1876,61.68
83950,408,994,32.68
83950,423,1360,44.68
83950,426,1725,56.68
56720,1598,1603,52.68
56720,109,1299,42.68
56720,415,2121,69.68
56720,1111,1603,52.68
56720,1817,994,32.68
98730,305,902,29.68
98730,306,902,29.68
98730,612,629,20.68
98730,705,1268,41.68
98730,713,1786,58.68
98730,1118,629,20.68
98730,1801,2852,93.68
34179,1112,994,32.68
34179,1113,994,32.68
34179,1817,2821,92.68
94255,713,3916,128.68
94255,1113,1542,50.68
94255,1605,2607,85.68
94255,1703,964,31.68
94255,1802,1695,55.68
94255,1805,1633,53.68
94255,1812,2333,76.68
94255,1817,3855,126.68
91480,304,3855,126.68
91480,305,1421,46.68
91480,1205,1633,53.68
78167,1605,1603,52.68
55882,307,5255,172.68
55882,713,1633,53.68
55882,1634,4739,155.68
55882,1637,5986,196.68
1469,304,1876,61.68
1469,713,1055,34.68
1469,1812,1756,57.68
1469,1817,1268,41.68
77967,311,5073,166.68
77967,1014,1146,37.68
77967,1609,5073,166.68
88418,505,5743,188.68
88418,104,964,31.68
88418,305,1391,45.68
88418,1117,2668,87.68
88418,1805,5713,187.68
55261,426,1146,37.68
4307,1601,2455,80.68
70306,809,3855,126.68
70306,1112,1725,56.68
70306,1803,3156,103.68
70306,1815,2760,90.68
70306,1898,3156,103.68
48798,1305,1633,53.68
48798,1801,902,29.68
28801,108,1664,54.68
28801,304,1177,38.68
28801,498,3094,101.68
28801,1803,1998,65.68
16973,713,2455,80.68
16973,1637,2699,88.68
16973,1898,2852,93.68
66246,305,2151,70.68
66246,504,1421,46.68
66246,798,2151,70.68
66246,1805,1633,53.68
85133,1801,1268,41.68
11814,102,1756,57.68
11814,205,1207,39.68
11814,304,1207,39.68
43100,405,3247,106.68
43100,406,3217,105.68
74467,304,1086,35.68
74467,305,1055,34.68
88982,101,1391,45.68
88982,102,1391,45.68
88982,504,1756,57.68
88982,809,1268,41.68
88982,1307,1876,61.68
36689,202,3337,109.68
36689,304,933,30.68
48963,426,1603,52.68
17740,504,2455,80.68
17740,504,2455,80.68
17740,1701,2394,78.68
17740,1708,1330,43.68
64797,1105,1177,38.68
64797,1637,1268,41.68
64797,1816,1238,40.68
46480,1627,1725,56.68
25565,198,2972,97.68
25565,202,1086,35.68
25565,304,2090,68.68
25565,305,2090,68.68
25565,398,2090,68.68
25565,412,4647,152.68
25565,428,4798,157.68
25565,1105,4374,143.68
25565,1204,1146,37.68
25565,1312,1146,37.68
25565,1703,3855,126.68
25565,1801,5194,170.68
25565,1898,4617,151.68
81681,1215,994,32.68
81681,1701,1603,52.68
72720,405,1115,36.68
72720,406,1115,36.68
72720,412,1146,37.68
72720,698,1360,44.68
92229,201,902,29.68
92229,504,2729,89.68
55030,306,1817,59.68
55030,1215,1968,64.68
55030,1605,3003,98.68
55030,1801,2516,82.68
13730,1701,3794,124.68
13730,1801,2486,81.68
77596,304,1421,46.68
77596,305,1421,46.68
77596,306,1421,46.68
81607,201,1146,37.68
51245,504,1695,55.68
29154,1605,3916,128.68
29154,1813,2547,83.68
78627,709,507,16.68
78627,1798,660,21.68
79563,114,2121,69.68
79563,305,1268,41.68
79563,306,1268,41.68
79563,1801,2729,89.68
91717,201,902,29.68
91717,304,1025,33.68
91717,908,1238,40.68
91717,911,1025,33.68
91717,915,1421,46.68
91717,1113,1330,43.68
91717,1216,872,28.68
91717,1619,5073,166.68
91717,1640,5132,168.68
91717,1801,4890,160.68
91717,1898,3094,101.68
32020,304,1207,39.68
32020,305,811,26.68
32020,311,5986,196.68
32020,612,1817,59.68
32020,1624,5955,195.68
89328,1105,2821,92.68
89328,1801,4402,144.68
89328,1898,2821,92.68
29933,304,1572,51.68
29933,1817,994,32.68
79914,708,1452,47.68
79914,714,1511,49.68
79914,1013,2882,94.68
85786,108,1055,34.68
85786,398,1025,33.68
85786,432,872,28.68
85786,1605,902,29.68
85786,1637,933,30.68
82930,201,1360,44.68
82930,713,1055,34.68
27499,305,1146,37.68
27499,306,1146,37.68
27499,410,841,27.68
27499,705,1664,54.68
46357,304,1146,37.68
46357,406,1025,33.68
46357,809,1025,33.68
46357,916,933,30.68
46357,1305,2607,85.68
102953,404,507,16.68
102953,424,507,16.68
102953,498,721,23.68
102953,1801,1330,43.68
67661,798,1664,54.68
103553,504,1086,35.68
32708,411,1055,34.68
45703,798,994,32.68
77577,198,872,28.68
77577,916,1025,33.68
77577,1617,1177,38.68
1375,109,1025,33.68
1375,305,2241,73.68
1375,411,1725,56.68
1375,705,994,32.68
1375,1305,1146,37.68
24464,101,1817,59.68
79182,1601,2425,79.68
79182,1609,3094,101.68
79182,1624,3094,101.68
79182,1634,3217,105.68
97282,1617,1177,38.68
97282,1801,690,22.68
35430,108,1817,59.68
35430,498,3156,103.68
35430,916,994,32.68
35430,1015,2241,73.68
52732,304,1391,45.68
52732,709,1907,62.68
52732,1630,2151,70.68
33040,428,1025,33.68
33040,498,1025,33.68
33040,1015,1511,49.68
33040,1622,1511,49.68
33040,1898,1511,49.68
19185,207,1115,36.68
19185,415,964,31.68
19185,914,5132,168.68
19185,1113,964,31.68
19185,1211,1115,36.68
19185,1812,2760,90.68
19185,1817,2760,90.68
34503,305,1725,56.68
34503,1310,2455,80.68
34503,1617,2333,76.68
41471,102,1115,36.68
41471,205,1086,35.68
41471,916,1480,48.68
41471,1106,1786,58.68
7578,304,1025,33.68
7578,406,1633,53.68
7578,1801,2821,92.68
7578,1802,964,31.68
7578,1898,3916,128.68
51387,426,3094,101.68
51387,1810,3094,101.68
74426,1801,3886,127.68
100167,423,4313,141.68
100167,426,2363,77.68
100167,916,1086,35.68
100167,1112,660,21.68
100167,1113,1876,61.68
100167,1637,4982,163.68
100167,1817,2486,81.68
74122,305,1115,36.68
74122,307,1115,36.68
74122,428,1115,36.68
33041,1812,1268,41.68
23006,304,1238,40.68
23006,412,2455,80.68
23006,1817,1330,43.68
3742,202,2394,78.68
3742,405,2363,77.68
3742,714,2090,68.68
48814,304,1452,47.68
48814,428,1756,57.68
48814,1112,1391,45.68
48814,1605,3947,129.68
48814,1617,3855,126.68
48814,1801,1452,47.68
85517,916,1268,41.68
29165,1810,2516,82.68
87586,404,1725,56.68
19725,708,4313,141.68
19725,1112,3278,107.68
19725,1898,1391,45.68
34642,601,1511,49.68
34642,607,1511,49.68
34642,1817,1238,40.68
57941,708,2882,94.68
57941,712,2882,94.68
57941,1817,994,32.68
33232,406,964,31.68
33232,1110,1907,62.68
33232,1616,1907,62.68
33232,1619,1907,62.68
33232,1622,1907,62.68
33232,1634,1907,62.68
33232,1640,1907,62.68
88566,423,4402,144.68
88566,504,872,28.68
88566,915,872,28.68
88566,1801,4252,139.68
88424,712,841,27.68
88424,1111,1391,45.68
102383,103,476,15.68
100631,414,568,18.68
100631,423,568,18.68
100631,1215,1146,37.68
63872,108,902,29.68
63872,709,5835,191.68
63872,915,1299,42.68
63872,1106,1876,61.68
63872,1112,1207,39.68
63872,1113,1876,61.68
63872,1209,1086,35.68
77401,498,2760,90.68
77401,1701,1907,62.68
77401,1710,2029,66.68
35718,412,5377,176.68
35718,1703,1633,53.68
88516,298,3521,115.68
88516,998,3582,117.68
73212,405,1664,54.68
73212,916,1421,46.68
73212,1015,1421,46.68
73212,1607,1817,59.68
73212,1637,1786,58.68
73212,1898,1542,50.68
56964,205,1177,38.68
56964,304,1876,61.68
56964,432,1025,33.68
56964,711,1177,38.68
56964,998,6169,202.68
56964,1119,1146,37.68
56964,1298,1146,37.68
56964,1637,3886,127.68
56964,1798,4708,154.68
56964,1898,5285,173.68
22411,406,933,30.68
8013,304,841,27.68
8013,305,1115,36.68
8013,306,1603,52.68
8013,908,841,27.68
8013,1701,1542,50.68
95278,916,2486,81.68
95278,1198,841,27.68
95278,1817,1115,36.68
80565,202,2029,66.68
80565,406,2090,68.68
80565,408,2090,68.68
80565,415,2090,68.68
80565,426,2060,67.68
80565,432,1238,40.68
39273,112,2729,89.68
39273,1817,1695,55.68
88503,1098,3916,128.68
46389,1619,3947,129.68
46389,1637,3947,129.68
45725,306,1177,38.68
45725,307,1177,38.68
80628,305,1845,60.68
80628,307,1845,60.68
80628,1705,1238,40.68
87656,1898,902,29.68
63752,1698,2668,87.68
63752,1798,2607,85.68
78218,304,1115,36.68
78218,307,1115,36.68
78218,406,902,29.68
78218,412,1146,37.68
78218,712,1146,37.68
78218,1701,1146,37.68
61103,1312,1725,56.68
26192,798,1330,43.68
26192,1105,1725,56.68
13400,298,872,28.68
13400,998,994,32.68
73305,108,1146,37.68
73305,404,1511,49.68
73305,426,1146,37.68
744,1598,2029,66.68
744,405,1845,60.68
744,412,1845,60.68
744,426,964,31.68
744,712,1845,60.68
744,719,964,31.68
744,1105,1330,43.68
744,1109,2029,66.68
744,1110,2029,66.68
744,1113,2029,66.68
744,1617,1998,65.68
744,1634,1998,65.68
744,1637,1998,65.68
744,1898,1330,43.68
57222,103,3125,102.68
57222,198,3033,99.68
57222,304,8177,268.68
57222,708,6473,212.68
57222,915,1603,52.68
57222,1113,1603,52.68
40944,1705,3521,115.68
27017,304,2090,68.68
27017,307,2090,68.68
90448,1703,2182,71.68
18142,1801,1480,48.68
18142,1810,1998,65.68
2449,116,2852,93.68
2449,205,2852,93.68
2449,305,1480,48.68
2449,309,1480,48.68
2449,1215,4647,152.68
45676,205,994,32.68
45676,1113,2241,73.68
93016,407,1360,44.68
93016,423,1360,44.68
93016,1709,1146,37.68
99006,102,1937,63.68
99006,202,5255,172.68
99006,205,1968,64.68
99006,406,3247,106.68
99006,407,3278,107.68
99006,412,2516,82.68
99006,504,1786,58.68
99006,712,1968,64.68
99006,1119,1025,33.68
99006,1205,1421,46.68
99006,1206,1055,34.68
99006,1215,4008,131.68
99006,1628,3977,130.68
72516,198,2241,73.68
72516,1605,1725,56.68
3803,116,1876,61.68
3803,304,1360,44.68
3803,405,1998,65.68
3803,898,1025,33.68
3803,1312,1025,33.68
70119,428,4068,133.68
70119,1701,1238,40.68
74276,306,902,29.68
74276,915,1238,40.68
25180,406,3763,123.68
25180,428,2668,87.68
25180,432,872,28.68
25180,1113,2668,87.68
25180,1634,5224,171.68
103187,1298,1756,57.68
103187,1698,1391,45.68
103187,1812,4678,153.68
79113,1605,1115,36.68
79113,1804,1086,35.68
52491,713,1146,37.68
52491,1616,1998,65.68
52491,1622,1998,65.68
90353,1117,1360,44.68
90353,1610,2121,69.68
50151,498,1664,54.68
50151,713,3247,106.68
50151,1701,2821,92.68
2672,1110,2241,73.68
92628,205,1511,49.68
92628,398,1876,61.68
92628,705,1633,53.68
92628,1111,780,25.68
92628,1112,780,25.68
92628,1113,780,25.68
69154,405,2821,92.68
69154,915,1695,55.68
69154,1609,2852,93.68
69154,1622,2029,66.68
69154,1813,1391,45.68
27163,304,1177,38.68
27163,305,2547,83.68
27163,410,2029,66.68
27163,504,1177,38.68
27163,1605,4739,155.68
48433,108,964,31.68
48433,1630,1268,41.68
48433,1637,1299,42.68
85036,428,1330,43.68
85036,1810,2729,89.68
43102,202,1968,64.68
43102,407,1055,34.68
44053,1805,811,26.68
95506,304,1695,55.68
95506,305,1695,55.68
95506,898,1115,36.68
95506,915,690,22.68
81934,102,1725,56.68
81934,304,4798,157.68
81934,1105,2151,70.68
81934,1113,3702,121.68
81934,1616,5163,169.68
81934,1622,4982,163.68
81934,1634,4982,163.68
81934,1640,4982,163.68
81934,1812,4282,140.68
81934,1817,1633,53.68
30432,801,3125,102.68
30432,712,3125,102.68
30432,1605,3156,103.68
30432,1617,2882,94.68
30432,1701,1633,53.68
48172,111,1330,43.68
48172,306,964,31.68
48172,1637,994,32.68
48172,1801,964,31.68
93914,102,1360,44.68
93914,704,1391,45.68
93914,1598,1360,44.68
93914,115,1391,45.68
93914,1601,1115,36.68
93914,1627,1391,45.68
93914,1801,1391,45.68
85189,202,2972,97.68
85189,203,2913,95.68
60205,423,872,28.68
60205,426,872,28.68
60205,1605,2913,95.68
60205,1815,1330,43.68
54583,304,933,30.68
54583,306,1664,54.68
54583,415,1299,42.68
54583,798,1177,38.68
54583,809,933,30.68
49486,202,841,27.68
49486,511,841,27.68
49486,709,2668,87.68
103568,432,660,21.68
103568,914,660,21.68
103568,1605,1268,41.68
103568,1617,629,20.68
103568,1701,1207,39.68
103568,1708,690,22.68
103568,1812,446,14.68
32105,809,1968,64.68
32105,1801,1025,33.68
19517,202,1907,62.68
19517,304,1207,39.68
19517,305,1146,37.68
19517,306,1968,64.68
19517,307,964,31.68
19517,411,1786,58.68
19517,423,1786,58.68
19517,498,1299,42.68
19517,1801,1968,64.68
19517,1812,1968,64.68
19517,1813,1633,53.68
19517,1816,1876,61.68
56797,304,1025,33.68
56797,305,1480,48.68
81788,304,1572,51.68
81788,305,3278,107.68
81788,306,3278,107.68
81788,404,902,29.68
81788,407,902,29.68
81788,415,902,29.68
81788,424,902,29.68
81788,708,933,30.68
81788,809,933,30.68
81788,1106,872,28.68
81788,1112,902,29.68
81788,1215,3398,111.68
81788,1610,3398,111.68
81788,1698,902,29.68
58479,1105,2607,85.68
58479,1703,841,27.68
70459,1812,1330,43.68
41691,304,841,27.68
41691,305,841,27.68
41691,798,2547,83.68
41691,1898,2760,90.68
102461,1801,1695,55.68
93527,407,2151,70.68
93527,715,902,29.68
93527,798,2760,90.68
93527,1110,3094,101.68
93527,1817,2941,96.68
76357,423,2486,81.68
76357,428,2547,83.68
76357,605,902,29.68
76357,910,1572,51.68
76357,914,1572,51.68
76357,916,6016,197.68
45589,208,1025,33.68
45589,406,902,29.68
45589,426,1452,47.68
45589,1117,1299,42.68
45589,1607,1299,42.68
45589,1616,1055,34.68
66504,306,3003,98.68
66504,412,1876,61.68
66504,1113,1146,37.68
66504,1637,1817,59.68
66504,1801,3977,130.68
66504,1817,2576,84.68
22161,411,933,30.68
22161,426,1756,57.68
22161,432,1756,57.68
22161,1619,1391,45.68
5364,406,1360,44.68
5364,1698,964,31.68
5448,304,1360,44.68
5448,305,994,32.68
5448,307,994,32.68
5448,1111,1146,37.68
5448,1117,4068,133.68
79240,198,4190,137.68
79240,304,964,31.68
79240,398,933,30.68
79240,504,2121,69.68
79240,908,1115,36.68
79240,1117,3429,112.68
79240,1407,1115,36.68
79240,1803,1695,55.68
79240,1817,964,31.68
16847,1617,2455,80.68
16847,1801,2852,93.68
43452,304,1146,37.68
43452,1105,1055,34.68
43452,1801,1268,41.68
33364,428,2791,91.68
33364,432,3551,116.68
33364,712,2425,79.68
33364,1118,994,32.68
33364,1601,3429,112.68
20184,1801,2516,82.68
20184,1813,2363,77.68
95193,1619,2333,76.68
63958,304,1360,44.68
82735,304,3186,104.68
65942,798,2791,91.68
65942,1617,2791,91.68
65942,1801,1330,43.68
15449,1637,1025,33.68
32440,1605,1786,58.68
32440,1609,872,28.68
67643,202,5774,189.68
67643,304,994,32.68
67643,306,2576,84.68
67643,407,5012,164.68
67643,412,5012,164.68
67643,426,5012,164.68
67643,712,5012,164.68
67643,714,2029,66.68
67643,719,5012,164.68
67643,1113,1360,44.68
74552,198,3217,105.68
74552,110,3217,105.68
74552,428,2486,81.68
74552,432,994,32.68
42014,425,4221,138.68
42014,1117,3977,130.68
42014,1298,3794,124.68
42014,1816,3702,121.68
5258,108,1207,39.68
5258,426,1421,46.68
5258,705,933,30.68
5258,898,994,32.68
5258,1605,1086,35.68
5258,1612,933,30.68
5258,1709,994,32.68
18784,1705,1907,62.68
72673,1701,2090,68.68
40760,914,1360,44.68
40760,916,1268,41.68
40760,1617,5043,165.68
8365,423,1299,42.68
8365,705,1268,41.68
8365,714,1268,41.68
8365,916,1421,46.68
8365,1605,1360,44.68
8365,1609,1480,48.68
8365,1617,1421,46.68
8365,1701,1146,37.68
68599,306,2972,97.68
87400,305,872,28.68
87400,398,872,28.68
87400,1710,2029,66.68
87400,1817,1633,53.68
13590,102,1177,38.68
13590,208,4678,153.68
13590,306,1664,54.68
13590,430,4313,141.68
13590,605,4678,153.68
13590,1113,1360,44.68
13590,1204,1360,44.68
13590,1701,933,30.68
13590,1801,2182,71.68
14457,406,1725,56.68
14457,426,1725,56.68
14457,1710,1421,46.68
50415,1701,1876,61.68
50415,1898,2029,66.68
28075,304,4221,138.68
28075,305,4221,138.68
100168,1640,1421,46.68
78642,304,1146,37.68
78642,1113,2241,73.68
78642,1203,2241,73.68
78642,1215,4433,145.68
24755,498,1268,41.68
24755,1617,1299,42.68
14886,304,1207,39.68
14886,305,1207,39.68
14886,307,872,28.68
14886,428,2241,73.68
14886,804,1817,59.68
14886,1205,1511,49.68
81668,1813,1055,34.68
91825,306,1421,46.68
91825,1619,1480,48.68
91825,1698,1360,44.68
55098,426,4252,139.68
55098,1898,1876,61.68
36060,1630,1633,53.68
36060,1798,1055,34.68
5143,107,1268,41.68
5143,306,1268,41.68
5143,504,902,29.68
51313,108,841,27.68
51313,198,2913,95.68
51313,304,841,27.68
51313,311,2941,96.68
51313,411,2882,94.68
51313,432,2882,94.68
51313,914,2913,95.68
51313,916,2941,96.68
1991,304,1480,48.68
1991,305,1480,48.68
1991,1111,1299,42.68
1991,1210,1299,42.68
1991,1617,3125,102.68
1991,1898,3064,100.68
28881,108,1207,39.68
28881,430,902,29.68
28881,1605,933,30.68
28881,1817,841,27.68
51986,201,1207,39.68
51986,914,5529,181.68
51986,1105,1937,63.68
44146,305,2852,93.68
44146,705,6624,217.68
31046,304,933,30.68
31046,423,1998,65.68
31046,1616,4129,135.68
48353,305,964,31.68
48353,306,2486,81.68
48353,1117,2699,88.68
49524,1108,2516,82.68
49524,1110,1876,61.68
49524,1215,1207,39.68
49524,1298,2607,85.68
49524,1614,2029,66.68
49524,1617,2333,76.68
49524,1804,2576,84.68
49524,1812,1542,50.68
79280,306,2760,90.68
79280,406,4252,139.68
79280,426,4402,144.68
79280,898,1330,43.68
79280,1113,3886,127.68
10464,305,1086,35.68
10464,306,1086,35.68
58223,108,568,18.68
58223,109,2210,72.68
58223,117,2394,78.68
58223,304,3186,104.68
58223,305,3186,104.68
58223,405,3824,125.68
58223,412,3824,125.68
58223,428,2729,89.68
58223,607,2821,92.68
58223,711,568,18.68
58223,712,3824,125.68
58223,804,568,18.68
58223,809,749,24.68
58223,910,749,24.68
58223,915,629,20.68
58223,1112,811,26.68
58223,1113,3916,128.68
58223,1204,994,32.68
58223,1605,3064,100.68
58223,1617,3459,113.68
58223,1627,3156,103.68
27726,108,1391,45.68
27726,202,1391,45.68
27726,407,1725,56.68
76206,423,1268,41.68
98874,205,1817,59.68
98874,304,3337,109.68
98874,426,1421,46.68
87393,1634,1421,46.68
56382,313,3521,115.68
56382,1637,964,31.68
56382,1801,3217,105.68
56382,1813,2760,90.68
56382,1817,2791,91.68
92491,102,811,26.68
92491,201,811,26.68
92491,305,902,29.68
92491,1113,933,30.68
1978,101,1968,64.68
1978,103,1968,64.68
1978,304,537,17.68
1978,307,537,17.68
1978,713,1391,45.68
1978,914,3824,125.68
85794,713,1055,34.68
14297,898,872,28.68
14297,915,3612,118.68
97160,1634,780,25.68
97160,1637,780,25.68
97160,1802,780,25.68
4634,202,2913,95.68
4634,304,1572,51.68
18871,1701,872,28.68
52143,1798,2972,97.68
52143,1809,2972,97.68
30842,412,2121,69.68
30842,426,2121,69.68
30842,1106,1817,59.68
30842,1112,1817,59.68
30842,1113,1817,59.68
30842,1215,2972,97.68
62695,102,1876,61.68
62695,1113,872,28.68
62695,1627,4099,134.68
77125,1801,1055,34.68
50443,206,1937,63.68
50443,411,3064,100.68
50443,426,2363,77.68
50443,432,4708,154.68
50443,1105,2547,83.68
50443,1637,2333,76.68
50443,1812,4129,135.68
50443,1813,1511,49.68
88967,1709,1360,44.68
58359,116,1421,46.68
58359,201,1115,36.68
58359,304,2821,92.68
58359,406,902,29.68
58359,426,902,29.68
58359,916,872,28.68
31639,809,2090,68.68
63765,202,3916,128.68
63765,1812,3794,124.68
97398,304,780,25.68
97398,310,3125,102.68
97398,428,749,24.68
97398,712,2333,76.68
97398,713,933,30.68
97398,911,2333,76.68
97398,1407,2333,76.68
97398,1414,2333,76.68
97398,1801,3064,100.68
45277,414,1391,45.68
45277,428,2363,77.68
45277,432,1572,51.68
45277,710,964,31.68
45277,915,5408,177.68
45277,1113,1330,43.68
45277,1802,3186,104.68
69633,305,1480,48.68
69633,1801,1299,42.68
69633,1803,3612,118.68
56108,1703,933,30.68
14349,712,749,24.68
14349,1998,1664,54.68
47231,305,4586,150.68
31732,714,3186,104.68
31732,914,3977,130.68
31732,1105,933,30.68
31732,1113,2425,79.68
15215,605,2333,76.68
15215,713,1725,56.68
15215,1619,2333,76.68
15215,1637,2333,76.68
15215,1701,2363,77.68
15215,1798,1725,56.68
15215,1801,964,31.68
19753,304,1786,58.68
19753,305,1786,58.68
19753,307,1786,58.68
19753,916,1146,37.68
19753,1113,1146,37.68
38674,423,2151,70.68
38674,426,2151,70.68
44715,202,2547,83.68
44715,712,2547,83.68
44715,1816,2272,74.68
71386,203,3612,118.68
71386,304,2729,89.68
71386,305,1633,53.68
71386,311,3459,113.68
71386,398,1968,64.68
71386,1498,1268,41.68
71386,1809,3612,118.68
52626,202,1146,37.68
52626,304,1845,60.68
52626,306,1845,60.68
52626,1306,1238,40.68
52626,1498,1452,47.68
52626,1622,1845,60.68
52626,1801,1177,38.68
52626,1809,1268,41.68
95281,708,1330,43.68
95281,709,780,25.68
95281,1817,1299,42.68
95742,411,1421,46.68
95742,415,4008,131.68
95742,911,2090,68.68
95742,916,2363,77.68
95742,1701,2090,68.68
95742,1703,2090,68.68
68973,202,1146,37.68
68973,713,2394,78.68
68973,1105,1330,43.68
68973,1701,2241,73.68
68973,1706,1845,60.68
68973,1810,3582,117.68
99297,116,629,20.68
99297,118,629,20.68
99297,305,902,29.68
99297,514,902,29.68
46222,1609,1299,42.68
46222,1622,1238,40.68
46222,1634,1207,39.68
58477,198,2151,70.68
58477,908,2607,85.68
58477,1609,3337,109.68
58477,1617,3337,109.68
58477,1703,2090,68.68
58477,1812,2516,82.68
75859,504,1086,35.68
75859,1014,1845,60.68
75859,1108,4678,153.68
75859,1627,3977,130.68
48903,102,2607,85.68
48903,304,2576,84.68
48903,305,2576,84.68
48903,404,1025,33.68
48903,405,1845,60.68
48903,423,2576,84.68
48903,610,1025,33.68
48903,809,1025,33.68
48903,911,1025,33.68
48903,1117,5043,165.68
18064,202,2060,67.68
18064,306,1330,43.68
18064,426,1695,55.68
18064,915,2425,79.68
18064,1198,1330,43.68
18064,1312,1695,55.68
18064,1616,4252,139.68
18064,1801,3459,113.68
18064,1898,1025,33.68
74455,412,2576,84.68
3122,202,1025,33.68
3122,415,3003,98.68
30461,410,2699,88.68
61336,1804,2333,76.68
61336,1810,2333,76.68
80272,304,3643,119.68
80272,305,3337,109.68
80272,414,1177,38.68
80272,415,1177,38.68
80272,423,1177,38.68
80272,428,3337,109.68
80272,504,2302,75.68
80272,713,4129,135.68
80272,1817,2699,88.68
80272,1904,2302,75.68
365,109,2668,87.68
365,1105,1511,49.68
365,1709,4555,149.68
94288,1617,3551,116.68
94288,1816,1937,63.68
68770,304,1238,40.68
68770,307,1756,57.68
68770,1105,1664,54.68
68770,1898,1786,58.68
37574,112,1452,47.68
83022,107,1756,57.68
83022,109,1238,40.68
83022,112,1238,40.68
83022,305,1360,44.68
83022,708,872,28.68
83022,718,872,28.68
83022,1634,1360,44.68
89832,205,872,28.68
89832,304,902,29.68
89832,604,1238,40.68
89832,1105,1238,40.68
89832,1898,1238,40.68
71135,303,3003,98.68
71135,306,1480,48.68
71135,426,2821,92.68
30073,305,5012,164.68
30073,307,5012,164.68
30073,1216,2060,67.68
4180,305,2060,67.68
4180,306,2060,67.68
4180,415,1786,58.68
4180,421,1268,41.68
4180,708,1725,56.68
4180,1609,2821,92.68
4180,1617,2425,79.68
4180,1622,2821,92.68
4180,1634,2455,80.68
94793,708,1603,52.68
94793,711,1603,52.68
94793,1215,749,24.68
94793,1498,902,29.68
94793,1617,1330,43.68
93223,202,1238,40.68
93223,304,1603,52.68
93223,305,1603,52.68
93223,406,1268,41.68
93223,1113,3003,98.68
23669,407,3337,109.68
23669,408,994,32.68
23669,708,3125,102.68
23669,713,3459,113.68
23669,1798,3429,112.68
23669,1817,1756,57.68
80164,306,1238,40.68
80164,412,2486,81.68
80164,712,2486,81.68
5973,203,933,30.68
93231,304,1086,35.68
93231,1898,4494,147.68
92554,202,841,27.68
92554,406,902,29.68
92554,713,1146,37.68
3764,421,2090,68.68
3764,916,1633,53.68
3764,1605,3156,103.68
3764,1703,3217,105.68
90059,104,964,31.68
90059,109,964,31.68
90059,202,811,26.68
90059,406,1115,36.68
90059,708,1360,44.68
90059,1307,964,31.68
70231,426,1268,41.68
70231,705,1115,36.68
83037,398,1998,65.68
83037,426,902,29.68
83037,712,1998,65.68
83037,714,1845,60.68
83037,1605,2090,68.68
83037,1617,2029,66.68
83037,1817,1391,45.68
16218,304,1055,34.68
16218,411,2729,89.68
16218,428,1238,40.68
17301,1617,3551,116.68
43622,311,1025,33.68
43622,398,1025,33.68
43622,1634,1025,33.68
29417,202,1480,48.68
29417,1614,2363,77.68
29417,1801,1695,55.68
69460,428,964,31.68
69460,916,1480,48.68
69460,1304,1725,56.68
69460,1312,1360,44.68
86589,1801,4617,151.68
61525,504,3094,101.68
61525,1112,4160,136.68
61525,1617,4739,155.68
61525,1618,3733,122.68
61525,1708,4190,137.68
61525,1801,4555,149.68
61525,1898,4190,137.68
51744,203,2882,94.68
51744,306,1115,36.68
51744,423,4647,152.68
51744,1312,1207,39.68
51744,1810,1299,42.68
70094,401,3368,110.68
70094,108,2182,71.68
70094,407,1756,57.68
70094,809,1391,45.68
70094,915,1695,55.68
70094,1015,933,30.68
70094,1312,3368,110.68
70094,1628,2607,85.68
70094,1703,2547,83.68
49136,426,933,30.68
49136,498,1845,60.68
103085,1698,476,15.68
102294,426,4008,131.68
97696,421,1238,40.68
97696,423,1360,44.68
97696,426,721,23.68
97696,607,1452,47.68
97696,705,872,28.68
72218,1617,1695,55.68
72218,1816,1572,51.68
19423,101,3217,105.68
19423,115,3217,105.68
19423,305,1876,61.68
19423,709,1086,35.68
19423,714,1238,40.68
19423,809,1086,35.68
19423,914,3033,99.68
19423,1803,2729,89.68
2715,304,1115,36.68
2715,306,1115,36.68
2715,426,2972,97.68
2715,1110,1115,36.68
57541,708,1391,45.68
57541,1312,1268,41.68
57541,1801,1725,56.68
77524,1605,1299,42.68
37283,915,1055,34.68
37283,1637,1115,36.68
102300,1817,3947,129.68
1810,304,2821,92.68
1810,306,4190,137.68
1810,432,2791,91.68
1810,1801,3064,100.68
81072,703,3337,109.68
81072,703,3337,109.68
48568,504,2151,70.68
90156,304,964,31.68
102741,1813,1817,59.68
87555,1598,3551,116.68
87555,305,2821,92.68
87555,708,933,30.68
87555,1198,2821,92.68
36144,398,3337,109.68
90503,1622,933,30.68
24716,205,1511,49.68
24716,425,6200,203.68
24716,705,3702,121.68
24716,1601,1876,61.68
24716,1605,6259,205.68
24716,1640,2972,97.68
24716,1810,5925,194.68
24716,1817,2241,73.68
98783,409,2121,69.68
98783,426,3824,125.68
98783,428,2852,93.68
98783,610,1937,63.68
98783,712,4282,140.68
98783,1111,749,24.68
98783,1113,780,25.68
98783,1210,749,24.68
98783,1216,841,27.68
98783,1801,660,21.68
98783,1898,1845,60.68
98783,1902,2121,69.68
55626,405,1146,37.68
55626,712,1146,37.68
83217,202,1511,49.68
83217,304,1330,43.68
83217,305,2151,70.68
83217,313,4252,139.68
83217,498,1664,54.68
83217,705,3003,98.68
83217,719,2607,85.68
58018,202,1055,34.68
58018,406,1025,33.68
58018,1614,1360,44.68
58018,1812,1360,44.68
2230,305,3794,124.68
88751,1801,1633,53.68
60108,1198,1786,58.68
60108,1698,1786,58.68
55660,305,1695,55.68
55660,307,1695,55.68
55660,809,1360,44.68
97218,426,2516,82.68
90650,198,1115,36.68
90650,203,3916,128.68
90650,428,1756,57.68
90650,1198,1268,41.68
90650,1634,4099,134.68
91472,305,1025,33.68
91472,424,2821,92.68
91472,1105,1907,62.68
91472,1113,1391,45.68
91472,1198,1391,45.68
91472,1209,933,30.68
91472,1807,933,30.68
88064,717,1299,42.68
88064,720,1330,43.68
102458,201,1055,34.68
102458,404,1055,34.68
102458,916,660,21.68
102458,1113,721,23.68
102458,1119,660,21.68
102458,1216,537,17.68
102458,1801,1146,37.68
55666,1617,3612,118.68
6915,304,2668,87.68
6915,305,2668,87.68
6915,306,2668,87.68
6915,414,1937,63.68
6915,915,2394,78.68
6915,1105,4190,137.68
6915,1113,2425,79.68
6915,1605,2029,66.68
6915,1637,4555,149.68
6915,1803,4617,151.68
35595,202,2090,68.68
35595,410,2090,68.68
35595,412,2090,68.68
35595,426,2090,68.68
35595,1630,2121,69.68
35595,1701,1603,52.68
70267,432,872,28.68
70267,498,933,30.68
70267,705,1055,34.68
70267,1601,1146,37.68
70267,1617,1480,48.68
70267,1619,1146,37.68
46209,406,2090,68.68
46209,898,933,30.68
46209,1113,1268,41.68
46209,1815,2486,81.68
103298,306,2060,67.68
103298,411,537,17.68
103298,430,2333,76.68
103298,432,1968,64.68
103298,1812,568,18.68
95590,1616,1025,33.68
95590,1622,1025,33.68
95590,1705,933,30.68
32449,305,2272,74.68
32449,410,2029,66.68
32449,1106,3916,128.68
32449,1617,6078,199.68
18490,809,1907,62.68
18490,1198,3977,130.68
91721,414,2516,82.68
91721,713,1907,62.68
66750,704,1177,38.68
66750,1598,1177,38.68
4780,1617,2729,89.68
4780,1627,3156,103.68
30372,116,1725,56.68
30372,305,3186,104.68
30372,711,1177,38.68
30372,908,1360,44.68
30372,915,1360,44.68
30372,1205,1330,43.68
30372,1701,933,30.68
72316,406,1452,47.68
72316,408,1452,47.68
72316,798,2607,85.68
72316,916,2547,83.68
78358,108,964,31.68
78358,426,933,30.68
88442,305,2210,72.68
88442,504,6169,202.68
53628,102,1452,47.68
53628,203,5774,189.68
53628,305,1086,35.68
53628,504,1633,53.68
53628,510,964,31.68
53628,1113,1452,47.68
53628,1812,3033,99.68
102041,428,476,15.68
102041,1112,1055,34.68
102041,1614,660,21.68
102041,1627,1055,34.68
102041,1801,1421,46.68
36747,1710,1025,33.68
36747,1798,933,30.68
85583,1617,2455,80.68
91372,202,933,30.68
91372,203,1299,42.68
91372,407,902,29.68
91372,426,5073,166.68
91372,432,3521,115.68
91372,908,933,30.68
91372,1627,3551,116.68
91372,1804,5438,178.68
31724,304,1086,35.68
31724,428,1086,35.68
31724,612,964,31.68
31724,1616,1086,35.68
31724,1634,1086,35.68
83967,498,1603,52.68
83967,1801,1756,57.68
83967,1813,1817,59.68
91984,305,1115,36.68
14013,411,1968,64.68
14013,426,2302,75.68
14013,1198,2729,89.68
14013,1801,1268,41.68
14013,1803,2821,92.68
11005,423,2791,91.68
11005,426,3551,116.68
11005,504,872,28.68
11005,708,872,28.68
11005,798,872,28.68
11005,906,872,28.68
11005,1112,2821,92.68
11005,1801,2394,78.68
80882,104,3643,119.68
80882,109,3643,119.68
80882,405,3551,116.68
80882,412,3551,116.68
80882,712,3551,116.68
80882,914,2760,90.68
103658,304,629,20.68
103658,305,1086,35.68
103658,510,446,14.68
103658,514,446,14.68
103658,709,2607,85.68
103658,1105,780,25.68
103658,1111,841,27.68
103658,1113,841,27.68
103658,1203,841,27.68
99929,412,4068,133.68
99929,423,2972,97.68
99929,428,1146,37.68
99929,1312,3337,109.68
99929,1612,2972,97.68
99929,1626,1146,37.68
77756,205,1391,45.68
77756,305,1907,62.68
77756,306,2090,68.68
77756,307,994,32.68
77756,411,2760,90.68
77756,1113,2090,68.68
77756,1701,994,32.68
77756,1810,2121,69.68
53535,1605,1299,42.68
53535,1609,1207,39.68
53535,1617,1115,36.68
53535,1898,1055,34.68
102156,412,1268,41.68
102156,426,1268,41.68
52849,406,2090,68.68
52849,414,1725,56.68
52849,1312,1695,55.68
52849,1803,3886,127.68
82305,426,1360,44.68
82305,1801,1177,38.68
78328,198,3551,116.68
78328,205,1207,39.68
78328,304,872,28.68
78328,305,1299,42.68
78328,504,2486,81.68
78328,512,1115,36.68
78328,519,2455,80.68
78328,598,1115,36.68
78328,612,5713,187.68
78328,808,1360,44.68
78328,1010,3306,108.68
78328,1117,5743,188.68
78328,1798,1330,43.68
10066,304,1817,59.68
10066,713,2913,95.68
10066,1605,1633,53.68
73261,1627,1025,33.68
53257,304,933,30.68
53257,916,1480,48.68
53257,1898,2729,89.68
84406,306,3337,109.68
84406,430,5224,171.68
84406,498,5194,170.68
84406,713,2972,97.68
84406,1112,2241,73.68
84406,1113,1876,61.68
84406,1698,5224,171.68
40978,498,2210,72.68
40978,504,1480,48.68
40978,1117,4617,151.68
40978,1817,2182,71.68
97452,1101,1177,38.68
53845,1003,1786,58.68
53845,1801,1299,42.68
93768,202,933,30.68
93768,304,933,30.68
93768,305,933,30.68
93768,307,933,30.68
93768,398,933,30.68
93768,423,1391,45.68
93768,426,1391,45.68
93768,1112,1238,40.68
93768,1216,1025,33.68
51547,104,1115,36.68
51547,112,1115,36.68
51547,202,2638,86.68
51547,412,3003,98.68
51547,1701,2210,72.68
51547,1798,1207,39.68
7019,201,4829,158.68
7019,306,4829,158.68
7019,423,994,32.68
7019,705,994,32.68
7019,1113,994,32.68
7019,1898,4464,146.68
29265,203,1360,44.68
29265,406,1695,55.68
29265,1705,1725,56.68
71268,406,1817,59.68
71268,412,1817,59.68
71268,798,933,30.68
71268,1616,3794,124.68
71268,1701,1907,62.68
84791,304,1115,36.68
84791,411,933,30.68
84791,1637,841,27.68
102788,304,2121,69.68
102788,305,2121,69.68
102788,307,2121,69.68
102788,405,721,23.68
102788,1117,690,22.68
102788,1215,721,23.68
3687,107,3278,107.68
3687,1215,1664,54.68
52676,1701,1055,34.68
393,116,2729,89.68
393,198,3156,103.68
393,202,1268,41.68
393,305,1603,52.68
393,407,964,31.68
393,428,933,30.68
393,705,5498,180.68
393,711,1177,38.68
393,713,2272,74.68
393,1113,1268,41.68
393,1198,3156,103.68
393,1205,1177,38.68
393,1215,3156,103.68
393,1216,1146,37.68
393,1612,5835,191.68
393,1616,5774,189.68
393,1798,5408,177.68
393,1801,4739,155.68
393,1803,1025,33.68
36956,498,2394,78.68
36956,1105,1238,40.68
36956,1622,1421,46.68
36956,1634,1421,46.68
36956,1637,1421,46.68
36956,1898,1238,40.68
53237,202,2425,79.68
53237,306,1330,43.68
53237,1617,2060,67.68
94755,305,841,27.68
94755,398,872,28.68
94755,1703,902,29.68
94755,1812,1055,34.68
6672,605,1238,40.68
6672,898,994,32.68
6672,1801,1330,43.68
94181,426,1786,58.68
94181,432,1238,40.68
94181,916,3156,103.68
94181,1105,1330,43.68
94181,1113,1146,37.68
94181,1119,1146,37.68
94181,1801,1907,62.68
94181,1803,2821,92.68
69109,305,994,32.68
69109,306,994,32.68
69109,498,1664,54.68
74172,304,1268,41.68
74172,404,1207,39.68
74172,428,1511,49.68
74172,809,994,32.68
74172,908,964,31.68
74172,915,1146,37.68
74172,916,2913,95.68
74172,1312,2791,91.68
74172,1617,4739,155.68
16071,104,4739,155.68
16071,109,4739,155.68
16071,113,4739,155.68
16071,202,2913,95.68
16071,304,2852,93.68
16071,305,1480,48.68
16071,423,6412,210.68
16071,798,2821,92.68
76009,102,1511,49.68
76009,104,2302,75.68
76009,201,1146,37.68
76009,304,1146,37.68
76009,406,1055,34.68
76009,498,1025,33.68
76009,598,994,32.68
76009,708,902,29.68
76009,1113,1876,61.68
20549,306,2607,85.68
20549,415,2607,85.68
20549,1817,1633,53.68
54630,1215,2638,86.68
54630,1816,2760,90.68
97695,426,2516,82.68
97695,1312,811,26.68
17540,504,1330,43.68
17540,506,1268,41.68
17540,598,1330,43.68
17540,504,1330,43.68
47964,102,3003,98.68
47964,304,933,30.68
47964,305,933,30.68
47964,306,933,30.68
47964,612,2760,90.68
47964,705,933,30.68
47964,809,1603,52.68
101655,306,933,30.68
101655,426,1756,57.68
101655,713,1725,56.68
101655,1617,1725,56.68
101655,1801,507,16.68
10773,415,1511,49.68
52111,519,1664,54.68
26110,432,994,32.68
26110,1616,4586,150.68
26110,1804,3459,113.68
83863,1627,1695,55.68
83863,1803,2972,97.68
83863,1805,2972,97.68
83863,1898,2972,97.68
1782,1619,3125,102.68
72197,1304,3306,108.68
74372,198,1360,44.68
74372,1617,1207,39.68
74372,1704,1664,54.68
74372,1804,1845,60.68
75889,304,902,29.68
75889,1198,1664,54.68
75889,1804,3612,118.68
75889,1898,3612,118.68
40536,1817,3916,128.68
41717,914,1572,51.68
41717,1215,1207,39.68
66064,202,872,28.68
66064,304,872,28.68
66064,307,872,28.68
66064,423,5163,169.68
66064,426,5163,169.68
66064,705,4798,157.68
66064,706,4798,157.68
66064,1105,2972,97.68
66064,1113,1511,49.68
66064,1898,933,30.68
94426,407,780,25.68
94426,498,2090,68.68
94426,914,2090,68.68
94426,916,2090,68.68
94426,1013,2302,75.68
94426,1628,749,24.68
98228,426,2455,80.68
98228,432,3398,111.68
94601,104,721,23.68
94601,305,721,23.68
29232,708,1452,47.68
29232,711,1452,47.68
29232,798,1207,39.68
29232,1617,1452,47.68
78366,708,1299,42.68
78366,1110,1998,65.68
63010,307,933,30.68
63010,708,1998,65.68
63010,798,1786,58.68
63010,1803,2090,68.68
97809,303,994,32.68
97809,201,811,26.68
97809,313,4647,152.68
97809,432,690,22.68
97809,504,1511,49.68
97809,1005,1421,46.68
97809,1011,1421,46.68
97809,1312,3156,103.68
97809,1627,841,27.68
86878,202,1603,52.68
61160,305,902,29.68
61160,307,902,29.68
61160,423,1268,41.68
61160,1615,2425,79.68
61160,1637,2394,78.68
68697,104,4647,152.68
68697,304,3094,101.68
68697,305,3094,101.68
68697,426,4647,152.68
68697,504,1025,33.68
68697,809,3459,113.68
68697,1801,2852,93.68
68697,1803,5469,179.68
34311,102,1817,59.68
34311,305,2182,71.68
34311,411,872,28.68
68834,430,3368,110.68
68834,1117,3186,104.68
42426,198,1845,60.68
42426,205,1268,41.68
42426,712,3824,125.68
42426,1108,3094,101.68
42426,1113,3094,101.68
49551,1614,1238,40.68
32550,712,3125,102.68
32550,1998,1391,45.68
50161,698,902,29.68
50161,608,902,29.68
50161,1105,1511,49.68
72772,304,1876,61.68
72772,305,1876,61.68
72772,306,1876,61.68
72772,519,1025,33.68
59899,1804,1391,45.68
82427,304,2547,83.68
82427,405,2090,68.68
82427,1619,2547,83.68
75220,109,1695,55.68
75220,311,1907,62.68
75220,1119,1330,43.68
75220,1812,1452,47.68
952,198,3033,99.68
952,306,4617,151.68
952,1198,4129,135.68
952,1605,4647,152.68
952,1801,2090,68.68
40307,208,2425,79.68
40307,304,1177,38.68
40307,305,1177,38.68
40307,313,2913,95.68
40307,423,2425,79.68
40307,426,2425,79.68
40307,606,2425,79.68
40307,706,2882,94.68
40307,1117,1238,40.68
38879,407,933,30.68
38879,408,933,30.68
53057,1616,1756,57.68
53057,1802,1664,54.68
55911,202,4282,140.68
55911,498,4343,142.68
55911,1798,3947,129.68
79147,108,1207,39.68
95678,1609,1115,36.68
9126,304,1299,42.68
9126,1701,1330,43.68
62036,612,1876,61.68
14631,1801,1330,43.68
14631,1809,3398,111.68
14631,1812,1360,44.68
25968,204,964,31.68
25968,708,1360,44.68
25968,1605,1330,43.68
25968,1637,1603,52.68
25968,1801,1299,42.68
85208,705,872,28.68
82041,205,994,32.68
82041,304,1421,46.68
82041,305,1421,46.68
82041,405,4555,149.68
82041,410,5285,173.68
82041,411,5285,173.68
82041,1111,1725,56.68
82041,1210,1725,56.68
82041,1701,1086,35.68
45990,304,1268,41.68
45990,305,1268,41.68
45990,1108,721,23.68
45990,1817,1025,33.68
32995,1598,1876,61.68
81523,305,3459,113.68
81523,306,3459,113.68
81523,428,1360,44.68
81523,714,964,31.68
81523,908,1695,55.68
81523,1113,1695,55.68
81523,1801,3156,103.68
57813,414,1268,41.68
65554,1817,2182,71.68
1343,306,1817,59.68
1343,428,1572,51.68
1343,1817,1238,40.68
4665,426,1633,53.68
4665,1617,2882,94.68
4665,1622,1360,44.68
1505,1113,1452,47.68
53687,304,933,30.68
53687,504,933,30.68
53687,1098,2363,77.68
31120,1119,1817,59.68
31120,1198,872,28.68
31120,1812,1695,55.68
7311,202,994,32.68
7311,405,1207,39.68
7311,712,1207,39.68
7311,1701,1299,42.68
7311,1812,1299,42.68
97967,102,1511,49.68
97967,424,1511,49.68
97967,429,780,25.68
97967,1703,690,22.68
97967,1801,2302,75.68
97967,1817,964,31.68
103083,304,1511,49.68
103083,307,1511,49.68
103083,610,5012,164.68
103083,1622,5012,164.68
16522,205,1876,61.68
16522,305,1542,50.68
16522,705,2210,72.68
16522,1801,2151,70.68
16522,1802,1299,42.68
16522,1803,1177,38.68
49886,202,1633,53.68
49886,406,933,30.68
49886,1601,994,32.68
46400,798,2425,79.68
46400,1112,4190,137.68
69099,705,902,29.68
69099,708,2029,66.68
69099,798,2029,66.68
69099,1640,2029,66.68
103308,102,1360,44.68
103308,205,1299,42.68
103308,306,568,18.68
103308,307,568,18.68
103308,428,4008,131.68
13244,1617,1968,64.68
94649,306,2516,82.68
94649,1098,3186,104.68
64648,108,1664,54.68
64648,311,2090,68.68
64648,423,1299,42.68
64648,426,1998,65.68
64648,1605,1572,51.68
64648,1609,1786,58.68
64648,1617,1786,58.68
64648,1801,1817,59.68
64648,1817,1480,48.68
85372,1605,1115,36.68
59964,1113,1146,37.68
49677,404,3217,105.68
49677,423,3217,105.68
49677,1801,902,29.68
69331,304,1146,37.68
69331,305,1146,37.68
69331,425,3521,115.68
69331,432,1299,42.68
69331,1113,1695,55.68
69331,1698,3521,115.68
69331,1701,1207,39.68
69331,1810,1695,55.68
25567,605,1177,38.68
25567,803,1603,52.68
25567,809,1452,47.68
25567,1609,1937,63.68
25567,1709,5408,177.68
25567,1801,1968,64.68
70198,411,2913,95.68
70198,428,1998,65.68
70198,1640,2913,95.68
70198,1812,2638,86.68
58497,306,2182,71.68
58497,423,964,31.68
2593,305,1268,41.68
2593,1614,4252,139.68
2593,1637,2882,94.68
66633,914,2791,91.68
66633,916,2791,91.68
60412,914,3217,105.68
60412,1710,3643,119.68
42400,714,1452,47.68
86152,305,3459,113.68
86152,306,3125,102.68
86152,1105,1086,35.68
86152,1605,3217,105.68
86152,1616,2394,78.68
86152,1801,3824,125.68
86152,1898,3459,113.68
17899,1113,1603,52.68
17899,1798,933,30.68
51054,201,1238,40.68
51054,202,4739,155.68
51054,1110,2821,92.68
39979,601,2913,95.68
39979,1598,3278,107.68
39979,109,2210,72.68
39979,305,1268,41.68
39979,306,1268,41.68
39979,311,1268,41.68
39979,425,3521,115.68
39979,1111,2941,96.68
39979,1701,1756,57.68
50449,408,902,29.68
40245,610,1876,61.68
40245,1110,1480,48.68
40245,1812,2638,86.68
45850,304,1299,42.68
45850,1701,2182,71.68
37493,202,2852,93.68
37493,203,2363,77.68
37493,1798,3824,125.68
37493,1816,2455,80.68
92151,915,3551,116.68
92151,1113,811,26.68
23616,102,1146,37.68
23616,1312,1238,40.68
60886,504,1876,61.68
60886,511,1756,57.68
60886,1198,1511,49.68
60886,1622,2607,85.68
102210,304,721,23.68
102210,305,721,23.68
102210,410,4739,155.68
102210,423,4739,155.68
102210,432,1086,35.68
102210,1627,780,25.68
8106,304,1146,37.68
8106,305,1146,37.68
8106,1617,2151,70.68
8106,1636,1907,62.68
28351,428,1238,40.68
8643,713,1330,43.68
44537,304,1786,58.68
90456,102,1086,35.68
90456,205,1360,44.68
90456,423,1695,55.68
90456,426,1695,55.68
90456,428,1695,55.68
90456,916,1146,37.68
90456,1817,1360,44.68
94374,1605,872,28.68
69824,412,2821,92.68
69824,423,3521,115.68
69824,426,3521,115.68
69824,1617,4433,145.68
69824,1801,4313,141.68
6652,1198,933,30.68
8157,1627,1725,56.68
58640,305,1360,44.68
58640,310,3916,128.68
58640,1111,994,32.68
58640,1113,994,32.68
58640,1117,2852,93.68
58640,1619,2852,93.68
43659,1105,1756,57.68
30289,504,1725,56.68
30289,1105,1025,33.68
30289,1605,1542,50.68
30289,1703,2302,75.68
30289,1704,2241,73.68
30289,1898,1025,33.68
76268,107,4433,145.68
76268,305,4374,143.68
61821,504,2333,76.68
61821,1605,2272,74.68
61821,1816,1086,35.68
61821,1817,1207,39.68
91276,1601,872,28.68
91276,1634,2029,66.68
3865,304,2791,91.68
3865,305,2791,91.68
3865,307,2791,91.68
3865,405,4739,155.68
3865,410,4739,155.68
3865,423,5469,179.68
3865,424,1817,59.68
3865,1117,2425,79.68
8363,305,2090,68.68
8363,1617,5774,189.68
81053,510,1572,51.68
81053,511,1025,33.68
81053,1801,3306,108.68
1768,916,1542,50.68
90400,304,994,32.68
90400,305,994,32.68
74226,1701,841,27.68
84119,1604,902,29.68
54573,1001,3306,108.68
54573,398,1756,57.68
54573,406,2090,68.68
61109,107,3337,109.68
88158,1601,933,30.68
88158,1627,933,30.68
46191,915,599,19.68
46191,1812,1786,58.68
81202,1617,1055,34.68
81202,1622,1055,34.68
81202,1634,1055,34.68
81202,1640,1055,34.68
23096,306,1876,61.68
10744,411,1725,56.68
10744,1804,3306,108.68
103541,423,902,29.68
24619,1617,1391,45.68
24619,1801,1876,61.68
39418,412,1086,35.68
39418,1817,964,31.68
6557,708,1086,35.68
6557,1605,2455,80.68
8764,202,1330,43.68
8764,304,933,30.68
8764,305,2151,70.68
8764,412,2241,73.68
8764,426,1756,57.68
8764,504,1542,50.68
8764,1015,2729,89.68
8764,1617,1480,48.68
8764,1798,1937,63.68
74285,432,1025,33.68
74285,1617,1299,42.68
67009,120,2363,77.68
67009,205,2394,78.68
67009,304,2363,77.68
89440,116,2972,97.68
89440,304,2972,97.68
89440,306,994,32.68
89440,498,4068,133.68
89440,798,1055,34.68
89440,1105,1055,34.68
89440,1113,1876,61.68
89440,1198,1542,50.68
89440,1637,3916,128.68
89440,1701,5104,167.68
89440,1801,1664,54.68
89440,1812,2029,66.68
89440,1898,4767,156.68
86588,405,2821,92.68
86588,406,2821,92.68
86588,407,2821,92.68
86588,426,4739,155.68
86588,1113,1633,53.68
3430,428,1633,53.68
3430,504,1845,60.68
3430,1113,1025,33.68
3430,1617,3916,128.68
28492,426,2394,78.68
28492,1803,1756,57.68
28492,1810,3763,123.68
59344,306,994,32.68
59344,432,2455,80.68
59344,916,2394,78.68
59344,1812,1603,52.68
59344,1817,1177,38.68
80958,428,994,32.68
80958,1117,2760,90.68
80958,1898,2760,90.68
77376,412,2913,95.68
77376,498,2913,95.68
77376,712,2913,95.68
77376,1105,933,30.68
37437,305,1177,38.68
37437,414,841,27.68
37437,1098,933,30.68
6351,304,1817,59.68
6351,1817,2972,97.68
6351,1898,2972,97.68
65426,498,1086,35.68
65426,1998,1086,35.68
64795,1802,964,31.68
64795,1803,1238,40.68
64795,1815,964,31.68
54641,103,994,32.68
54641,109,994,32.68
54641,115,4951,162.68
54641,304,994,32.68
54641,305,2729,89.68
54641,1601,2029,66.68
54641,1801,4647,152.68
54641,1809,5377,176.68
37282,404,933,30.68
37282,406,933,30.68
37282,425,933,30.68
37282,1698,933,30.68
88357,202,902,29.68
88357,426,1268,41.68
88357,708,1299,42.68
28367,304,721,23.68
28367,307,721,23.68
28367,798,1238,40.68
63336,108,1055,34.68
63336,202,2241,73.68
63336,406,3337,109.68
63336,710,1055,34.68
63336,712,2972,97.68
63336,1012,2425,79.68
65610,432,2882,94.68
65610,498,902,29.68
65610,608,1633,53.68
65610,1211,1633,53.68
65610,1214,1633,53.68
65610,1617,3278,107.68
65610,1627,2941,96.68
65610,1634,3278,107.68
65610,1898,3278,107.68
25797,1110,994,32.68
96708,1622,2791,91.68
96708,1634,2791,91.68
80265,198,1360,44.68
80265,205,2090,68.68
80265,313,6351,208.68
80265,511,1452,47.68
80265,1110,6108,200.68
80265,1305,1725,56.68
80265,1801,4282,140.68
80607,304,1055,34.68
80607,305,1055,34.68
80607,705,4160,136.68
80607,809,3186,104.68
80607,908,1725,56.68
80607,1801,3521,115.68
65339,1634,3003,98.68
65339,1801,1238,40.68
7451,916,1391,45.68
7451,1617,1360,44.68
7451,1804,1268,41.68
19047,305,1299,42.68
19047,405,1299,42.68
19047,713,1086,35.68
19047,1008,1817,59.68
90504,411,1115,36.68
90504,1701,1907,62.68
66520,305,2425,79.68
66520,1705,3033,99.68
7373,412,3886,127.68
7373,1701,1268,41.68
88827,412,1146,37.68
88827,498,964,31.68
88827,708,1146,37.68
88827,712,1146,37.68
88827,1622,1086,35.68
75482,424,1452,47.68
75482,712,1633,53.68
75482,1703,1542,50.68
75482,1708,1664,54.68
75482,1798,1572,51.68
52591,1612,3217,105.68
9655,1109,1360,44.68
9655,1710,902,29.68
72432,1637,1452,47.68
1618,706,1876,61.68
1618,1113,1360,44.68
1618,1216,1238,40.68
18867,428,2486,81.68
18867,504,1238,40.68
18867,713,964,31.68
18867,714,1238,40.68
18867,1117,3794,124.68
18867,1605,3612,118.68
18867,1616,1238,40.68
18867,1634,1330,43.68
18867,1701,2638,86.68
18867,1703,3824,125.68
18867,1798,964,31.68
7058,408,1542,50.68
7058,426,964,31.68
7058,1704,1238,40.68
7058,1803,933,30.68
17259,304,1633,53.68
38645,101,2852,93.68
38645,304,1664,54.68
38645,1113,2852,93.68
38645,1817,4708,154.68
10358,1198,4525,148.68
10358,805,1086,35.68
10358,915,1086,35.68
10358,1117,4494,147.68
10358,1801,964,31.68
87122,1105,994,32.68
1263,1113,994,32.68
40343,112,2455,80.68
45340,1119,841,27.68
91020,306,1421,46.68
91020,1105,2090,68.68
91020,1113,933,30.68
61012,411,4767,156.68
75089,304,1756,57.68
75089,305,1756,57.68
75089,1016,2852,93.68
75089,1801,2090,68.68
71924,1198,2363,77.68
71924,202,1452,47.68
71924,426,1452,47.68
71924,1110,2363,77.68
46225,432,1391,45.68
7103,305,1025,33.68
7103,307,1025,33.68
7103,1801,1025,33.68
2272,504,5316,174.68
2272,1113,1207,39.68
66725,398,1207,39.68
66725,898,1391,45.68
66725,1110,1786,58.68
66725,1609,1055,34.68
66725,1616,1055,34.68
66725,1812,4920,161.68
31552,403,1511,49.68
31552,704,1511,49.68
27889,426,994,32.68
27889,607,2547,83.68
27889,1801,872,28.68
24009,1637,964,31.68
24009,1817,1268,41.68
22290,304,1452,47.68
22290,305,1452,47.68
22290,307,1452,47.68
22290,914,1055,34.68
22290,1198,1421,46.68
92921,1703,780,25.68
100552,202,2729,89.68
100552,414,2729,89.68
100552,423,2729,89.68
29857,1634,1268,41.68
10391,306,1511,49.68
10391,915,1876,61.68
3546,202,3306,108.68
3546,406,4647,152.68
3546,411,2821,92.68
3546,412,3186,104.68
3546,708,902,29.68
3546,712,902,29.68
3546,1105,2425,79.68
3546,1111,1695,55.68
3546,1113,2972,97.68
3546,1210,1695,55.68
3546,1212,1695,55.68
3546,1610,2333,76.68
3546,1898,2425,79.68
94071,504,3429,112.68
94071,306,2547,83.68
94071,398,2547,83.68
94071,406,2852,93.68
94071,426,2852,93.68
94071,705,1086,35.68
94071,719,1998,65.68
94071,915,2182,71.68
94071,1015,3306,108.68
94071,1605,3186,104.68
94071,1617,1998,65.68
94071,1801,2182,71.68
100460,1614,994,32.68
100460,1616,994,32.68
100460,1622,994,32.68
100460,1634,994,32.68
100460,1637,994,32.68
100460,1640,994,32.68
100460,1816,994,32.68
100460,1898,994,32.68
79881,708,1299,42.68
79881,712,933,30.68
2066,202,2882,94.68
2066,304,2486,81.68
2066,1813,4374,143.68
2066,1898,3217,105.68
83597,405,2972,97.68
83597,406,2699,88.68
83597,1215,2516,82.68
83597,1801,1452,47.68
83597,1816,3337,109.68
55051,1109,3064,100.68
55051,1813,1572,51.68
55051,1816,4647,152.68
55051,1817,1299,42.68
47336,107,1786,58.68
47336,426,1817,59.68
47336,1617,2029,66.68
47336,1813,1055,34.68
1853,305,1664,54.68
1853,306,1664,54.68
1853,1634,5012,164.68
58671,713,2576,84.68
15029,1634,1360,44.68
79387,202,1086,35.68
79387,306,994,32.68
79387,407,1968,64.68
79387,498,1115,36.68
52660,107,1268,41.68
52660,304,2029,66.68
52660,305,2029,66.68
52660,805,1299,42.68
52660,807,1238,40.68
98774,102,721,23.68
98774,504,749,24.68
98774,809,721,23.68
98774,908,749,24.68
98774,910,2941,96.68
31079,915,1086,35.68
31079,998,1086,35.68
31079,1634,1238,40.68
26579,1801,1330,43.68
16494,1704,1146,37.68
8936,304,1146,37.68
8936,1617,6078,199.68
85919,498,994,32.68
85919,1812,1146,37.68
63113,304,1177,38.68
63113,423,1146,37.68
63113,1812,1511,49.68
55251,202,1025,33.68
55251,306,1025,33.68
55251,405,1025,33.68
89092,305,902,29.68
40014,407,933,30.68
40014,412,933,30.68
40014,430,1146,37.68
40014,1634,1330,43.68
11725,412,2182,71.68
11725,1810,1633,53.68
11725,1816,1360,44.68
97463,403,1086,35.68
92993,1617,811,26.68
46538,1605,1360,44.68
12465,304,872,28.68
12465,305,811,26.68
12465,307,872,28.68
60695,1705,3671,120.68
60302,1812,964,31.68
38380,102,2607,85.68
38380,205,2607,85.68
38380,304,1025,33.68
38380,612,3337,109.68
38380,1106,2241,73.68
38380,1215,2425,79.68
38380,1312,2060,67.68
21643,202,933,30.68
21643,423,1998,65.68
21643,708,1937,63.68
21643,1617,2029,66.68
39050,305,5713,187.68
39050,398,5713,187.68
39050,908,1055,34.68
72385,298,902,29.68
72385,304,1115,36.68
72385,407,2941,96.68
72385,1216,902,29.68
72385,1627,1633,53.68
72385,1628,2182,71.68
72385,1898,1115,36.68
78176,698,2576,84.68
78176,1198,2576,84.68
78176,313,2576,84.68
78176,612,2576,84.68
79662,304,964,31.68
79662,798,2151,70.68
79662,1198,2151,70.68
35271,107,1756,57.68
35271,109,933,30.68
35271,112,1756,57.68
35271,198,1756,57.68
35271,1817,1025,33.68
2556,504,3398,111.68
2556,1605,2029,66.68
2556,1634,1452,47.68
2556,1813,1086,35.68
80572,305,2060,67.68
80572,504,1115,36.68
80572,908,1238,40.68
80572,1117,1238,40.68
35123,102,2241,73.68
35123,201,2607,85.68
35123,304,2972,97.68
35123,305,2972,97.68
35123,915,6624,217.68
35123,1205,2607,85.68
35123,1215,2972,97.68
35123,1298,2972,97.68
21133,108,1299,42.68
21133,916,1998,65.68
21133,1616,1391,45.68
49019,107,1268,41.68
49019,423,994,32.68
49019,1701,1725,56.68
59445,104,2090,68.68
33482,205,1511,49.68
33482,304,2607,85.68
33482,916,3306,108.68
33482,1216,994,32.68
33482,1605,4068,133.68
33482,1701,4008,131.68
10763,1802,1542,50.68
59097,304,933,30.68
59097,404,3824,125.68
59097,423,3824,125.68
78434,206,5224,171.68
78434,305,1968,64.68
78434,398,3125,102.68
78434,805,1452,47.68
78434,1701,2941,96.68
49514,305,1055,34.68
49514,306,1055,34.68
49514,1007,2941,96.68
49514,1118,872,28.68
49514,1805,933,30.68
49514,1898,872,28.68
28120,405,1603,52.68
28120,407,1603,52.68
28120,423,1360,44.68
28120,498,964,31.68
95323,1701,3886,127.68
95323,1812,1725,56.68
79580,304,1756,57.68
79580,305,1756,57.68
92764,304,1177,38.68
92764,428,780,25.68
92764,510,1177,38.68
92764,709,1177,38.68
92764,1812,780,25.68
92764,1817,811,26.68
641,304,1756,57.68
641,305,1756,57.68
4330,304,2060,67.68
4330,414,872,28.68
4330,1198,3947,129.68
4330,1805,3947,129.68
4330,1898,3947,129.68
74783,304,2607,85.68
74783,305,2576,84.68
74783,1110,3186,104.68
95832,202,1299,42.68
95832,304,568,18.68
95832,405,1268,41.68
95832,498,1086,35.68
95832,708,2272,74.68
95832,1903,1756,57.68
26215,1609,3702,121.68
26215,1617,3702,121.68
26215,1817,3671,120.68
78703,202,2302,75.68
78703,306,1299,42.68
78703,423,3459,113.68
78703,1617,3824,125.68
9215,202,1238,40.68
9215,408,1238,40.68
37543,414,3247,106.68
37543,1816,3247,106.68
59868,1709,872,28.68
20553,1813,1695,55.68
92449,504,5377,176.68
92449,998,1542,50.68
62414,304,964,31.68
62414,1627,1695,55.68
74302,1704,4678,153.68
89226,304,1146,37.68
89226,305,1146,37.68
89226,398,1146,37.68
89226,415,2972,97.68
12633,202,994,32.68
12633,1215,2791,91.68
80561,504,1452,47.68
80561,512,1452,47.68
80561,1104,2455,80.68
96522,1605,933,30.68
96522,1801,1421,46.68
96522,1803,1786,58.68
96522,1816,964,31.68
81889,713,2060,67.68
81889,1617,1907,62.68
81889,1817,1786,58.68
45213,304,1025,33.68
45213,906,2486,81.68
45213,1113,1391,45.68
45213,1701,2241,73.68
45213,1801,3033,99.68
59546,428,1146,37.68
59546,1113,2060,67.68
59546,1617,3643,119.68
93584,202,3612,118.68
93584,304,2607,85.68
93584,306,1817,59.68
93584,432,3156,103.68
93584,498,2576,84.68
93584,1015,2607,85.68
93584,1627,2821,92.68
93584,1637,1330,43.68
93584,1801,3490,114.68
93584,1809,4494,147.68
57349,201,1845,60.68
57349,304,1238,40.68
57349,305,1238,40.68
57349,1113,2455,80.68
57349,1216,1633,53.68
90073,304,1998,65.68
63461,202,2821,92.68
63461,406,2821,92.68
100390,305,4282,140.68
100390,306,4282,140.68
100390,426,3947,129.68
100390,1110,933,30.68
100390,1113,1452,47.68
100390,1801,780,25.68
100390,1808,4282,140.68
100390,1817,3521,115.68
81218,1701,1055,34.68
10932,305,1633,53.68
10932,306,1664,54.68
10932,423,2121,69.68
10932,1710,3916,128.68
14668,398,1480,48.68
14668,908,994,32.68
14668,1105,964,31.68
14668,1113,994,32.68
14668,1817,3916,128.68
30511,412,2241,73.68
87940,108,1055,34.68
87940,1898,902,29.68
68068,304,1299,42.68
68068,305,1299,42.68
68068,415,2029,66.68
68068,1703,2668,87.68
32889,403,5774,189.68
32889,704,5774,189.68
32889,202,933,30.68
32889,205,1238,40.68
32889,411,5774,189.68
32889,414,5073,166.68
32889,423,4951,162.68
32889,428,2121,69.68
32889,430,5621,184.68
32889,432,5774,189.68
32889,1612,5621,184.68
32889,1704,5377,176.68
32889,1801,4647,152.68
97090,202,994,32.68
25595,1617,1572,51.68
17107,504,2882,94.68
17107,305,1421,46.68
17107,306,1664,54.68
17107,426,4586,150.68
65034,1098,1756,57.68
65034,1817,1876,61.68
84596,306,1299,42.68
84596,498,1725,56.68
84596,1015,1511,49.68
84596,1816,1391,45.68
94602,304,872,28.68
94602,307,872,28.68
94602,404,2090,68.68
94602,914,1998,65.68
94602,1113,2638,86.68
94602,1117,2638,86.68
94602,1119,2060,67.68
94602,1198,2638,86.68
94602,1601,2638,86.68
94602,1614,2638,86.68
94602,1625,2638,86.68
94602,1898,2638,86.68
43634,304,1115,36.68
43634,1798,3003,98.68
43634,1812,994,32.68
53052,305,3398,111.68
53052,307,2425,79.68
53052,798,2182,71.68
53052,1113,2425,79.68
53052,1216,1207,39.68
53052,1701,6139,201.68
53052,1703,5285,173.68
53052,1704,6139,201.68
53052,1798,6139,201.68
53052,1801,3977,130.68
53052,1816,5835,191.68
83320,304,872,28.68
68010,198,2029,66.68
68010,304,872,28.68
68010,428,964,31.68
68010,498,1603,52.68
68010,898,2151,70.68
68010,915,3582,117.68
68010,1113,1695,55.68
71106,304,1025,33.68
71106,305,1572,51.68
71106,306,1572,51.68
71106,1802,1086,35.68
71106,1811,994,32.68
71106,1812,4129,135.68
31069,1098,3278,107.68
31069,102,841,27.68
31069,104,841,27.68
31069,305,1299,42.68
31069,406,2425,79.68
31069,1801,2029,66.68
28913,426,1025,33.68
28913,1815,2882,94.68
67262,798,1511,49.68
67262,1613,2182,71.68
81695,1616,1115,36.68
25756,705,1146,37.68
25756,1804,1360,44.68
25756,1812,1086,35.68
25756,1898,933,30.68
85035,898,1756,57.68
85035,1709,2363,77.68
4788,1813,3094,101.68
53458,202,841,27.68
53458,407,841,27.68
71536,1630,1299,42.68
1547,305,2151,70.68
1547,398,2151,70.68
1547,412,1756,57.68
1547,1012,2090,68.68
1547,1616,2425,79.68
1547,1622,1330,43.68
1547,1801,2547,83.68
71473,108,1115,36.68
71473,1801,902,29.68
74367,1817,1025,33.68
29804,407,2151,70.68
29804,1113,1330,43.68
29804,1215,3824,125.68
29804,1312,1968,64.68
33723,202,933,30.68
33723,305,2455,80.68
33723,406,2516,82.68
33723,412,933,30.68
33723,712,933,30.68
33723,1622,2852,93.68
33723,1801,2699,88.68
33723,1817,1391,45.68
7345,713,2151,70.68
31355,1606,1360,44.68
31355,1801,1391,45.68
26048,202,3278,107.68
26048,1105,1542,50.68
26048,1312,2486,81.68
26048,1898,1542,50.68
7348,1634,1572,51.68
7348,1813,902,29.68
12419,412,2302,75.68
12419,1803,1968,64.68
27918,504,5529,181.68
27918,205,1421,46.68
27918,504,5438,178.68
27918,1216,872,28.68
27918,1701,1542,50.68
46318,803,1876,61.68
46318,1113,1055,34.68
46318,1216,1055,34.68
65300,1813,568,18.68
53726,1609,2363,77.68
53726,1616,2363,77.68
53726,1617,2363,77.68
53726,1622,964,31.68
53726,1634,2363,77.68
53726,1812,1998,65.68
249,1817,2729,89.68
20097,411,3064,100.68
20097,430,3916,128.68
36940,304,2182,71.68
36940,305,2182,71.68
36940,398,1817,59.68
36940,408,1786,58.68
36940,498,1786,58.68
17309,108,3855,126.68
17309,305,1268,41.68
17309,1605,1756,57.68
61608,305,1146,37.68
61608,714,2210,72.68
78295,1617,2607,85.68
96956,1014,872,28.68
89437,304,964,31.68
20528,298,1330,43.68
20528,405,2029,66.68
20528,406,2029,66.68
20528,1617,1725,56.68
22486,202,1876,61.68
22486,306,2425,79.68
22486,406,1695,55.68
83694,298,660,21.68
83694,304,690,22.68
89110,428,1207,39.68
61919,1605,2363,77.68
62925,1802,933,30.68
1027,1105,1299,42.68
71843,1216,1207,39.68
102287,411,964,31.68
30105,1001,1633,53.68
30105,1198,1572,51.68
30105,1803,1695,55.68
66424,306,1299,42.68
66424,1627,1360,44.68
66424,1812,1055,34.68
15143,304,4494,147.68
15143,305,3763,123.68
15143,408,6808,223.68
15143,430,6746,221.68
15143,1113,1207,39.68
15143,1205,1207,39.68
15143,1801,1845,60.68
15143,1898,1695,55.68
76335,202,1025,33.68
3508,304,1025,33.68
3508,305,3521,115.68
3508,306,3551,116.68
3508,1110,3521,115.68
3508,1112,2090,68.68
6548,305,1817,59.68
64803,102,1998,65.68
64803,205,1360,44.68
64803,298,2029,66.68
64803,304,1998,65.68
64803,306,5012,164.68
64803,602,1664,54.68
64803,605,1664,54.68
64803,708,6716,220.68
64803,711,1177,38.68
64803,1105,5682,186.68
64803,1106,2029,66.68
64803,1108,2029,66.68
64803,1113,2029,66.68
64803,1198,2029,66.68
64803,1205,994,32.68
64803,1216,2029,66.68
64803,1616,3186,104.68
64803,1640,2821,92.68
64803,1701,3306,108.68
64803,1704,2638,86.68
64803,1705,2547,83.68
64803,1710,2607,85.68
64803,1801,5255,172.68
64803,1803,5682,186.68
64803,1809,6016,197.68
2182,410,1695,55.68
2182,798,3886,127.68
43150,708,2121,69.68
43150,1110,1876,61.68
43150,1116,1207,39.68
43150,1617,1360,44.68
41474,304,1055,34.68
41474,307,1055,34.68
41474,1112,1391,45.68
41474,1622,2210,72.68
25452,703,1572,51.68
25452,703,1572,51.68
30509,1802,2821,92.68
87411,1609,2363,77.68
79917,307,1146,37.68
79917,311,2821,92.68
79917,1701,2182,71.68
79917,1798,2182,71.68
91602,1105,811,26.68
91602,1817,902,29.68
8114,304,1025,33.68
8114,1113,1391,45.68
8114,1619,3459,113.68
8114,1801,1360,44.68
8114,1804,3612,118.68
8114,1805,3612,118.68
8114,1806,3612,118.68
8114,1810,3612,118.68
34067,202,1238,40.68
34067,1617,872,28.68
34672,1898,1633,53.68
48788,201,3337,109.68
48788,1198,1845,60.68
48788,1298,1845,60.68
48788,405,872,28.68
48788,406,872,28.68
48788,423,872,28.68
48788,426,872,28.68
48788,705,2425,79.68
48788,712,2151,70.68
48788,713,2941,96.68
48788,1111,1845,60.68
48788,1117,2913,95.68
48788,1210,1845,60.68
48788,1617,933,30.68
34907,403,3551,116.68
34907,498,994,32.68
7424,202,1268,41.68
7424,412,1238,40.68
7424,423,1238,40.68
5810,1898,1330,43.68
74042,202,5804,190.68
74042,205,1786,58.68
74042,206,1876,61.68
74042,398,2972,97.68
74042,504,1025,33.68
6139,305,1845,60.68
6139,809,1055,34.68
57936,916,1238,40.68
57936,1812,964,31.68
57936,1898,1480,48.68
44135,109,1360,44.68
44135,809,2607,85.68
44135,916,1025,33.68
44135,1801,1360,44.68
44135,1817,1360,44.68
83489,1098,2547,83.68
83489,304,902,29.68
83489,305,902,29.68
83489,423,2455,80.68
83489,1798,1360,44.68
83489,1898,1452,47.68
98342,304,721,23.68
98342,305,721,23.68
44227,708,1360,44.68
44227,1703,2151,70.68
5957,425,3521,115.68
13623,304,1876,61.68
13623,305,1876,61.68
13623,307,1876,61.68
4382,406,2821,92.68
4382,426,2029,66.68
4382,504,2455,80.68
4382,1817,1572,51.68
3551,1106,1511,49.68
31805,202,4343,142.68
31805,1640,2760,90.68
31805,1701,3003,98.68
78126,202,1452,47.68
92418,305,1330,43.68
92418,809,1330,43.68
92418,1617,5224,171.68
92418,1637,5285,173.68
92418,1816,4982,163.68
87240,102,1330,43.68
87240,202,5590,183.68
87240,304,1330,43.68
87240,705,902,29.68
87240,1113,1391,45.68
87240,1640,5590,183.68
87240,1817,2760,90.68
62510,406,5347,175.68
17924,1898,1756,57.68
73390,408,2791,91.68
96443,1804,872,28.68
96443,1805,872,28.68
96443,1806,872,28.68
96443,1810,872,28.68
70593,705,964,31.68
70593,1307,2029,66.68
29680,705,1055,34.68
29680,1640,2182,71.68
29680,1898,1937,63.68
94121,102,749,24.68
94121,305,8420,276.68
46918,1113,902,29.68
46918,1817,902,29.68
81937,208,3247,106.68
81937,1605,1146,37.68
81937,1616,3612,118.68
81937,1701,3278,107.68
49991,116,1633,53.68
49991,201,1146,37.68
49991,304,1817,59.68
49991,307,1817,59.68
49991,714,5469,179.68
11040,407,1207,39.68
11040,412,872,28.68
11040,426,872,28.68
11040,504,1268,41.68
11040,712,872,28.68
11040,1616,3003,98.68
11040,1617,3003,98.68
11040,1637,3003,98.68
33619,426,5438,178.68
20070,1605,1238,40.68
93551,498,1055,34.68
100079,304,1207,39.68
100079,305,1207,39.68
100079,307,1207,39.68
100079,504,1025,33.68
39660,101,1086,35.68
39660,407,1115,36.68
39660,708,933,30.68
39660,1113,1695,55.68
38544,298,1299,42.68
98094,203,1115,36.68
98094,1801,1845,60.68
60467,304,933,30.68
60467,305,933,30.68
60467,1801,2852,93.68
15175,423,902,29.68
15175,1898,1299,42.68
4124,198,3977,130.68
4124,1113,1238,40.68
4124,1801,3186,104.68
4124,1813,4708,154.68
4124,1817,2090,68.68
47802,202,1055,34.68
47802,306,2972,97.68
47802,412,7355,241.68
47802,712,7355,241.68
47802,719,7355,241.68
71156,102,1238,40.68
71156,202,4920,161.68
71156,205,841,27.68
71156,304,841,27.68
71156,305,841,27.68
71156,412,4920,161.68
71156,705,780,25.68
71156,998,841,27.68
71156,1113,841,27.68
71156,1701,4890,160.68
71156,1802,5408,177.68
43620,408,1086,35.68
43620,426,1086,35.68
43620,1605,1268,41.68
43620,1630,1817,59.68
66545,313,1542,50.68
66545,498,1360,44.68
10511,203,2455,80.68
10511,412,3278,107.68
10511,705,2607,85.68
10511,712,3278,107.68
10511,1105,1511,49.68
10511,1112,3337,109.68
10511,1627,1238,40.68
10511,1701,2151,70.68
10511,1817,1817,59.68
71604,101,2241,73.68
71604,102,2607,85.68
71604,1198,1511,49.68
22187,304,1268,41.68
22187,305,3916,128.68
22187,307,1268,41.68
22187,411,3582,117.68
22187,1614,1907,62.68
80517,304,1633,53.68
80517,305,1633,53.68
80517,408,4798,157.68
80517,415,4798,157.68
80517,916,1238,40.68
71832,198,1786,58.68
71832,304,1177,38.68
71832,306,1177,38.68
71832,405,4920,161.68
71832,698,1268,41.68
71832,1111,2821,92.68
71832,1113,2821,92.68
71832,1198,1998,65.68
71832,1617,4767,156.68
71832,1801,841,27.68
71832,1809,3582,117.68
71832,1817,2060,67.68
85704,304,2941,96.68
85704,404,1845,60.68
85704,1312,2576,84.68
85704,1812,964,31.68
89618,202,2972,97.68
89618,423,2760,90.68
89618,426,2760,90.68
89618,1112,1452,47.68
20229,1114,3278,107.68
57629,108,2302,75.68
57629,1113,2090,68.68
57629,1605,4190,137.68
57629,1617,4068,133.68
62439,202,4190,137.68
62439,305,994,32.68
62439,406,994,32.68
62439,498,3886,127.68
62439,705,994,32.68
62439,1617,4221,138.68
59829,311,1480,48.68
59829,406,1086,35.68
59829,1605,1207,39.68
79224,1113,1480,48.68
99563,1215,1086,35.68
99563,1614,1633,53.68
99563,1617,1968,64.68
3784,305,1907,62.68
3784,1617,4890,160.68
9265,202,1633,53.68
9265,415,1633,53.68
9265,426,1633,53.68
9265,713,4190,137.68
62663,1605,2182,71.68
81625,704,3551,116.68
81625,1598,3551,116.68
81625,798,2060,67.68
81625,915,3551,116.68
81625,1198,872,28.68
81625,1617,3247,106.68
32471,304,933,30.68
32471,714,933,30.68
32471,1605,2060,67.68
32471,1801,1542,50.68
32471,1898,1238,40.68
82425,1601,4586,150.68
82425,1619,3551,116.68
82425,1627,4708,154.68
33111,432,1299,42.68
33111,498,1876,61.68
33111,914,2241,73.68
33111,1710,1238,40.68
23530,205,1299,42.68
23530,809,4190,137.68
23530,1198,1664,54.68
23530,1898,1664,54.68
75620,305,1603,52.68
75620,306,1603,52.68
75620,407,841,27.68
75620,408,841,27.68
75620,412,841,27.68
75620,698,3855,126.68
75620,1198,933,30.68
75620,1701,3886,127.68
76195,426,2060,67.68
76195,1110,3671,120.68
76195,1810,3671,120.68
49463,201,1146,37.68
49463,304,1299,42.68
49463,307,1299,42.68
49463,404,1146,37.68
49463,406,1146,37.68
49463,498,1299,42.68
49463,514,902,29.68
49463,714,902,29.68
49463,908,902,29.68
49463,1305,1146,37.68
4980,305,4525,148.68
4980,1106,2791,91.68
4980,1118,2791,91.68
4980,1637,933,30.68
87417,311,3643,119.68
87417,914,2607,85.68
87417,916,2638,86.68
87417,1111,2913,95.68
87417,1210,2913,95.68
87417,1610,3794,124.68
87417,1617,3794,124.68
83043,705,2090,68.68
79188,102,2516,82.68
79188,1215,2029,66.68
79188,1310,1086,35.68
79188,1802,1998,65.68
96902,1110,690,22.68
87911,1617,994,32.68
92301,1630,1876,61.68
92301,1801,1452,47.68
68928,102,2455,80.68
68928,1705,994,32.68
68928,1812,4678,153.68
3246,198,1146,37.68
3246,1113,994,32.68
3246,1614,2394,78.68
96841,705,1756,57.68
96841,915,1876,61.68
96841,1416,3186,104.68
96841,1801,2913,95.68
91919,116,3794,124.68
91919,1215,1876,61.68
32243,305,2972,97.68
32243,306,1876,61.68
38764,304,994,32.68
38764,411,994,32.68
38764,915,994,32.68
38764,1110,994,32.68
38764,1118,994,32.68
38764,1817,1330,43.68
91439,1701,3156,103.68
82407,1619,1421,46.68
86568,305,3398,111.68
86568,306,3398,111.68
86568,504,5285,173.68
86568,519,5285,173.68
86568,705,2241,73.68
86568,798,1086,35.68
86568,1198,3217,105.68
86568,1216,933,30.68
86568,1298,933,30.68
86568,1601,2121,69.68
86568,1627,2760,90.68
86568,1703,5012,164.68
86568,1801,5347,175.68
86568,1813,5408,177.68
11028,1112,964,31.68
28629,406,3217,105.68
28629,1601,933,30.68
70767,104,3733,122.68
70767,304,2576,84.68
70767,305,872,28.68
70767,428,1937,63.68
70767,504,3064,100.68
70767,1111,2760,90.68
70767,1609,3794,124.68
70767,1701,2729,89.68
77707,411,599,19.68
34770,713,4252,139.68
34770,798,4252,139.68
34770,1815,3278,107.68
6807,1215,964,31.68
6650,915,1786,58.68
6650,998,1786,58.68
6650,1204,1207,39.68
34685,915,1025,33.68
34685,1605,2302,75.68
34685,1617,2302,75.68
18422,1801,2425,79.68
90025,426,933,30.68
90025,1704,2060,67.68
89496,201,2241,73.68
89496,305,872,28.68
89496,504,964,31.68
89496,1113,1146,37.68
72978,398,6473,212.68
72978,1001,6351,208.68
72978,1598,6016,197.68
72978,205,1055,34.68
72978,305,1115,36.68
72978,310,6381,209.68
72978,405,6108,200.68
72978,423,6108,200.68
72978,426,6108,200.68
72978,916,5894,193.68
72978,1498,1115,36.68
72978,1801,2486,81.68
38147,307,872,28.68
38147,412,2913,95.68
38147,708,3459,113.68
38147,1701,1115,36.68
38147,1798,1115,36.68
38147,1801,1603,52.68
5388,1812,2455,80.68
50552,424,1391,45.68
50552,1617,2090,68.68
25013,205,1177,38.68
25013,428,1876,61.68
25013,504,5163,169.68
25013,713,4678,153.68
25013,1106,1511,49.68
25013,1112,1511,49.68
25013,1119,1511,49.68
25013,1617,1268,41.68
25013,1622,5316,174.68
25013,1801,1268,41.68
47241,304,902,29.68
47241,1609,902,29.68
37453,304,933,30.68
37453,423,933,30.68
5697,1198,6108,200.68
5697,1301,2882,94.68
5697,104,2913,95.68
5697,109,2913,95.68
5697,304,5012,164.68
5697,305,5012,164.68
5697,410,2760,90.68
5697,426,2760,90.68
5697,998,3551,116.68
5697,1117,6108,200.68
5697,1312,2852,93.68
80938,108,1177,38.68
80938,313,1725,56.68
80938,432,902,29.68
80938,809,1725,56.68
80938,1701,1391,45.68
80938,1812,1299,42.68
73549,406,994,32.68
73549,511,1330,43.68
73549,1015,1817,59.68
73549,1116,2151,70.68
73549,1801,902,29.68
81243,306,964,31.68
81243,1609,994,32.68
81243,1617,994,32.68
43312,406,1542,50.68
43312,412,1572,51.68
43312,708,1664,54.68
43312,709,1664,54.68
43312,712,1572,51.68
43312,1617,1786,58.68
71226,428,1572,51.68
71226,504,1421,46.68
71226,514,1421,46.68
71226,1112,3156,103.68
71226,1817,4767,156.68
50190,304,1725,56.68
50190,305,1360,44.68
50190,306,1268,41.68
50190,428,1238,40.68
50190,1113,1115,36.68
49616,107,2363,77.68
49616,405,1391,45.68
78122,404,1603,52.68
79249,423,2852,93.68
39519,504,3033,99.68
39519,304,933,30.68
39519,305,933,30.68
39519,504,3033,99.68
39519,915,1207,39.68
39384,610,1421,46.68
77915,415,1055,34.68
86745,710,1845,60.68
86745,713,1845,60.68
86745,1110,3186,104.68
89130,1113,1177,38.68
89130,1701,1907,62.68
66236,1598,1115,36.68
66236,803,1115,36.68
66236,1117,1876,61.68
85840,304,1360,44.68
85840,305,1360,44.68
17707,306,2607,85.68
17707,1804,2760,90.68
37418,798,902,29.68
37418,1698,902,29.68
75849,305,1207,39.68
75849,915,4313,141.68
75849,916,2852,93.68
75849,1637,4313,141.68
75849,1804,5104,167.68
22387,1198,5863,192.68
22387,304,1177,38.68
22387,305,1177,38.68
22387,306,1177,38.68
22387,307,1177,38.68
22387,415,1511,49.68
22387,705,1177,38.68
22387,798,1177,38.68
22387,1106,994,32.68
22387,1110,5863,192.68
22387,1113,994,32.68
22387,1308,1876,61.68
22387,1801,4068,133.68
22387,1810,5163,169.68
28447,304,1786,58.68
28447,398,1786,58.68
28447,1637,2516,82.68
16226,202,1998,65.68
99164,304,721,23.68
99164,305,721,23.68
99164,307,721,23.68
99164,311,721,23.68
99164,498,1086,35.68
99164,916,1876,61.68
99164,1015,1725,56.68
60634,305,1025,33.68
60634,1617,3521,115.68
62344,414,1725,56.68
62344,423,1360,44.68
62344,426,1725,56.68
62344,428,2394,78.68
77521,708,1421,46.68
17781,102,1452,47.68
17781,304,2547,83.68
17781,305,1817,59.68
17781,1111,2821,92.68
17781,1215,4068,133.68
39657,306,1968,64.68
39657,1619,1968,64.68
90188,412,1025,33.68
90188,426,902,29.68
90188,1709,1603,52.68
103260,498,2090,68.68
103260,705,2455,80.68
103260,1801,2090,68.68
103260,1998,2090,68.68
9404,304,2029,66.68
9404,305,2029,66.68
9404,1113,902,29.68
9404,1605,4525,148.68
90801,403,1756,57.68
90801,704,1756,57.68
90801,411,1756,57.68
90801,1198,1542,50.68
84866,426,2486,81.68
84866,705,1115,36.68
83607,101,1756,57.68
83607,102,2272,74.68
83607,104,811,26.68
83607,304,5104,167.68
83607,305,3886,127.68
83607,307,5104,167.68
83607,406,5743,188.68
83607,426,5743,188.68
83607,428,4313,141.68
83607,504,4829,158.68
83607,512,1268,41.68
83607,612,1238,40.68
83607,1118,1452,47.68
83607,1701,6016,197.68
83607,1801,3398,111.68
96572,1622,872,28.68
96572,1704,902,29.68
85548,708,2425,79.68
85548,709,2425,79.68
85548,1105,1817,59.68
85548,1627,1146,37.68
85548,1801,2547,83.68
87105,1898,1207,39.68
80904,498,1360,44.68
80904,1117,1115,36.68
80904,1609,1360,44.68
80904,1634,1572,51.68
80904,1798,1572,51.68
26034,304,1786,58.68
26034,305,1146,37.68
26034,1801,1786,58.68
85074,798,1937,63.68
71665,1598,4859,159.68
71665,305,2638,86.68
71665,311,5651,185.68
71665,1312,1756,57.68
71665,1801,964,31.68
7212,202,964,31.68
7212,708,2241,73.68
7212,1816,1664,54.68
31541,504,994,32.68
31541,713,994,32.68
31541,1617,1786,58.68
46890,432,964,31.68
29780,307,1542,50.68
15443,202,1391,45.68
15443,298,1391,45.68
33975,304,3794,124.68
33975,305,1845,60.68
33975,398,1845,60.68
33975,504,1025,33.68
33975,1117,3064,100.68
33975,1198,3064,100.68
33975,1617,4433,145.68
33975,1634,4433,145.68
100077,411,721,23.68
100077,498,599,19.68
103146,1598,4739,155.68
103146,198,629,20.68
103146,304,1480,48.68
103146,305,1845,60.68
103146,306,1845,60.68
103146,307,1480,48.68
103146,705,3612,118.68
103146,708,446,14.68
103146,914,1391,45.68
103146,1105,1664,54.68
103146,1110,4890,160.68
103146,1617,4890,160.68
103146,1801,3490,114.68
19769,1619,1817,59.68
8700,504,6624,217.68
8700,698,5955,195.68
8700,201,1360,44.68
8700,304,5529,181.68
8700,305,4798,157.68
8700,307,4798,157.68
8700,404,6259,205.68
8700,430,6259,205.68
8700,512,2210,72.68
8700,612,6228,204.68
8700,1801,1086,35.68
99279,202,690,22.68
99279,406,1025,33.68
99279,407,872,28.68
99279,432,629,20.68
79781,610,3003,98.68
79781,1637,3003,98.68
39217,116,1572,51.68
39217,305,1177,38.68
39217,607,4008,131.68
39217,1601,1817,59.68
39217,1617,4678,153.68
94742,304,1725,56.68
94742,305,1725,56.68
94742,406,2760,90.68
97894,412,780,25.68
97894,426,841,27.68
96295,198,1756,57.68
96295,304,1330,43.68
96295,1616,4586,150.68
96295,1622,4586,150.68
96295,1640,1268,41.68
13842,305,1146,37.68
13842,306,933,30.68
13842,1801,1572,51.68
70814,415,1391,45.68
70814,426,1756,57.68
70814,1105,1025,33.68
70814,1801,3186,104.68
70814,1812,994,32.68
70814,1817,1756,57.68
78209,504,933,30.68
40066,198,1025,33.68
40066,202,2151,70.68
91479,713,1238,40.68
91479,1117,2852,93.68
55962,914,3217,105.68
55962,1009,4160,136.68
55962,1801,2090,68.68
73369,305,994,32.68
73369,306,1086,35.68
73369,504,964,31.68
73369,1812,1025,33.68
63105,304,4647,152.68
63105,305,3429,112.68
63105,426,2607,85.68
63105,428,4343,142.68
63105,803,1968,64.68
63105,1198,5073,166.68
63105,1637,6259,205.68
63105,1701,1146,37.68
63105,1801,1177,38.68
63105,1816,2029,66.68
73279,1634,2455,80.68
73279,1817,1086,35.68
85166,1701,1207,39.68
33248,1198,6169,202.68
33248,202,1845,60.68
33248,304,3702,121.68
33248,406,1391,45.68
33248,415,4160,136.68
33248,504,1421,46.68
33248,708,780,25.68
33248,1110,6169,202.68
33248,1407,994,32.68
33248,1616,5986,196.68
33248,1627,5408,177.68
92363,1105,1360,44.68
50560,1605,4343,142.68
17186,304,2272,74.68
17186,305,2272,74.68
17186,428,1572,51.68
17186,998,1572,51.68
90812,504,902,29.68
89906,426,2394,78.68
89906,1898,2699,88.68
48883,1110,3671,120.68
48883,1617,3763,123.68
48883,1798,4099,134.68
38129,1637,2302,75.68
38129,1801,2576,84.68
47621,305,1115,36.68
47621,1105,1756,57.68
47621,1112,1756,57.68
47621,1117,1756,57.68
47621,1801,3186,104.68
2503,408,1086,35.68
2503,1640,1452,47.68
24578,504,1968,64.68
43447,1703,1817,59.68
71981,504,872,28.68
71981,510,1055,34.68
71981,511,994,32.68
25917,1703,1025,33.68
31505,1637,1055,34.68
97072,1630,749,24.68
67950,423,1299,42.68
67950,1710,872,28.68
91210,201,1146,37.68
91210,304,2210,72.68
91210,428,2210,72.68
91210,1113,1421,46.68
82008,1617,1360,44.68
87471,304,933,30.68
87471,305,2060,67.68
87471,405,1055,34.68
87471,709,933,30.68
87471,710,933,30.68
87471,1117,2090,68.68
97443,709,1511,49.68
97443,798,1511,49.68
97443,1017,1695,55.68
20999,108,1268,41.68
20999,111,1299,42.68
20999,406,1207,39.68
20999,411,1391,45.68
20999,432,1391,45.68
20999,1616,1330,43.68
20999,1817,994,32.68
12910,198,2913,95.68
12910,104,2913,95.68
12910,108,1146,37.68
12910,305,1146,37.68
12910,423,2182,71.68
12910,426,2182,71.68
16538,305,933,30.68
16538,426,2151,70.68
16538,915,2516,82.68
3618,1898,2241,73.68
86670,108,994,32.68
86670,498,872,28.68
63032,101,2121,69.68
63032,198,2121,69.68
63032,118,2121,69.68
63032,426,1786,58.68
73486,304,872,28.68
73486,305,872,28.68
73486,504,1998,65.68
73486,916,1786,58.68
73486,1622,1968,64.68
2349,304,1238,40.68
2349,1617,1845,60.68
2349,1812,1086,35.68
15170,109,1786,58.68
15170,306,2425,79.68
15170,1113,1876,61.68
15170,1637,4951,162.68
15170,1801,4555,149.68
51764,304,902,29.68
51764,1698,2852,93.68
39915,206,1086,35.68
39915,304,1177,38.68
39915,307,1177,38.68
39915,705,1177,38.68
39915,803,3702,121.68
36713,108,2821,92.68
36713,610,1207,39.68
36713,1298,1207,39.68
36713,1605,1207,39.68
36713,1801,3855,126.68
65155,411,1695,55.68
65155,432,1695,55.68
65155,498,1907,62.68
65155,1616,1786,58.68
65155,1698,1907,62.68
31867,108,1268,41.68
31867,426,1664,54.68
31867,1809,2090,68.68
51894,914,2760,90.68
14600,1898,2394,78.68
23961,198,994,32.68
23961,504,994,32.68
23961,1105,2394,78.68
23961,1605,3186,104.68
33976,206,994,32.68
33976,412,1360,44.68
33976,415,1360,44.68
33976,423,1360,44.68
89530,304,994,32.68
89530,1802,994,32.68
1204,1619,1725,56.68
84553,304,2941,96.68
84553,305,1421,46.68
84553,313,3247,106.68
84553,607,2516,82.68
84553,1811,2121,69.68
10845,198,1511,49.68
10845,208,964,31.68
10845,809,1421,46.68
10845,1113,1756,57.68
10845,1701,4829,158.68
87579,713,1695,55.68
87579,1801,1756,57.68
18779,914,1146,37.68
18779,1110,1177,38.68
3610,305,933,30.68
3610,915,933,30.68
76218,426,1725,56.68
76218,1605,1055,34.68
76218,1817,1391,45.68
85031,205,1876,61.68
85031,305,1511,49.68
85031,504,2547,83.68
85031,916,1238,40.68
85031,1637,2210,72.68
85031,1798,6838,224.68
8248,426,2455,80.68
8248,916,2121,69.68
8248,1798,3278,107.68
13722,201,1268,41.68
13722,202,2729,89.68
13722,1113,2241,73.68
64410,1117,2882,94.68
64410,1810,1025,33.68
86908,406,1452,47.68
86908,412,1086,35.68
86908,1813,964,31.68
41714,424,2090,68.68
103355,423,599,19.68
103355,426,599,19.68
103355,915,507,16.68
25831,304,933,30.68
25831,415,933,30.68
56696,498,2760,90.68
56696,708,2972,97.68
60983,1701,3763,123.68
97025,798,690,22.68
99601,304,2821,92.68
99601,305,2821,92.68
99601,914,2821,92.68
35388,304,1025,33.68
35388,305,1025,33.68
35388,498,1055,34.68
60134,202,1421,46.68
60134,498,994,32.68
60134,1698,994,32.68
58003,305,1725,56.68
60049,202,1086,35.68
60049,406,1055,34.68
61883,108,3886,127.68
61883,407,872,28.68
61883,410,872,28.68
61883,411,872,28.68
61883,423,872,28.68
61883,430,4374,143.68
61883,1637,1695,55.68
62119,101,1511,49.68
62119,102,1876,61.68
62119,305,10277,337.68
62119,307,10277,337.68
73281,304,1633,53.68
73281,504,1268,41.68
73281,1105,994,32.68
73281,1601,2363,77.68
30022,202,721,23.68
30022,304,446,14.68
30022,1601,933,30.68
67944,1113,1756,57.68
67944,1898,2760,90.68
64165,415,1633,53.68
62402,426,2821,92.68
62402,504,1115,36.68
62402,1198,3125,102.68
62402,1812,3125,102.68
7968,102,1086,35.68
7968,498,1876,61.68
25528,305,1937,63.68
25528,428,1937,63.68
85054,304,872,28.68
85054,714,2394,78.68
31808,102,1299,42.68
31808,109,1299,42.68
31808,304,1177,38.68
31808,1803,964,31.68
26460,304,933,30.68
26460,428,2791,91.68
26460,1015,2791,91.68
26460,1801,964,31.68
26460,1817,1845,60.68
87172,305,3855,126.68
79806,1105,1360,44.68
2291,1112,933,30.68
2291,1198,933,30.68
28240,102,1391,45.68
28240,398,3337,109.68
28240,404,3247,106.68
28240,412,2516,82.68
28240,426,2516,82.68
28240,606,1725,56.68
28240,719,2516,82.68
28240,1605,3247,106.68
28240,1609,3247,106.68
28240,1619,3247,106.68
28240,1622,3247,106.68
28240,1640,3247,106.68
28240,1898,3247,106.68
61997,1810,3125,102.68
41490,1312,2729,89.68
72006,1605,1360,44.68
72006,1617,964,31.68
72006,1634,1664,54.68
72006,1637,933,30.68
72006,1703,1360,44.68
72006,1802,994,32.68
72006,1817,872,28.68
213,304,1177,38.68
213,1616,1542,50.68
57657,202,2090,68.68
57657,305,994,32.68
57657,307,994,32.68
57657,423,1664,54.68
99654,304,1055,34.68
99654,307,1055,34.68
99654,1812,1421,46.68
99654,1813,841,27.68
102762,1634,3125,102.68
59003,202,872,28.68
59003,1704,1511,49.68
22941,1298,2272,74.68
22941,1706,1299,42.68
86636,1619,2090,68.68
86636,1622,2090,68.68
50334,304,1146,37.68
50334,705,3702,121.68
50334,1112,2241,73.68
81049,102,994,32.68
81049,205,1360,44.68
81049,426,4798,157.68
91095,1622,902,29.68
91095,1634,902,29.68
98883,916,1391,45.68
15599,306,3521,115.68
15599,428,964,31.68
15599,705,841,27.68
15599,916,872,28.68
15599,1113,1876,61.68
15599,1710,1876,61.68
15599,1816,1480,48.68
15599,1817,1086,35.68
15599,1898,1845,60.68
91843,408,1480,48.68
91843,411,2668,87.68
91843,423,1268,41.68
91843,916,2272,74.68
91843,1601,2882,94.68
6334,406,2121,69.68
6334,412,2121,69.68
6334,426,2121,69.68
6334,712,2547,83.68
6334,1703,1452,47.68
61225,304,1725,56.68
77177,304,4678,153.68
77177,305,4678,153.68
77177,306,4678,153.68
77177,1617,4678,153.68
77177,1637,2729,89.68
103371,304,1876,61.68
81859,1616,1452,47.68
81859,1617,1452,47.68
7550,304,1177,38.68
7550,305,1177,38.68
7550,914,2363,77.68
7550,1105,3186,104.68
7550,1813,4282,140.68
45475,1605,1817,59.68
45475,1619,2241,73.68
45475,1798,1207,39.68
96407,406,994,32.68
96407,1627,2821,92.68
86966,511,1360,44.68
86966,1007,2060,67.68
86966,1108,1025,33.68
86966,1805,1115,36.68
87741,305,2547,83.68
31545,410,1299,42.68
31545,412,1299,42.68
31545,1701,1177,38.68
30128,301,3033,99.68
30128,302,3033,99.68
30128,303,2972,97.68
30128,208,933,30.68
30128,313,2913,95.68
30128,412,2455,80.68
30128,426,2455,80.68
30128,430,2913,95.68
30128,1617,2913,95.68
51124,116,1025,33.68
51124,304,1025,33.68
51124,305,3582,117.68
51124,306,3582,117.68
51124,405,3217,105.68
51124,809,1511,49.68
75153,423,1360,44.68
75153,426,1360,44.68
29606,713,2516,82.68
29606,1615,1268,41.68
29606,1805,1937,63.68
29606,1898,4617,151.68
96933,408,660,21.68
96933,916,780,25.68
96933,1605,780,25.68
89920,916,1452,47.68
74185,104,1786,58.68
74185,714,1025,33.68
74185,1105,1817,59.68
74185,1110,1817,59.68
74185,1113,1817,59.68
74185,1630,4859,159.68
17686,1605,1115,36.68
62740,108,964,31.68
62740,198,964,31.68
62740,305,2455,80.68
62740,504,964,31.68
98060,203,2029,66.68
98060,304,2121,69.68
98060,498,1115,36.68
98060,1605,2607,85.68
72872,1605,1756,57.68
14972,425,5012,164.68
14972,1701,1542,50.68
59223,432,3733,122.68
59223,1805,4617,151.68
59223,1810,4617,151.68
13684,101,4068,133.68
37581,102,1025,33.68
37581,305,1025,33.68
16796,304,1268,41.68
16796,305,1664,54.68
16796,306,1664,54.68
16796,708,3125,102.68
16796,915,1086,35.68
16796,1617,3125,102.68
16796,1630,3125,102.68
16796,1801,3855,126.68
24836,311,3033,99.68
24836,1117,1025,33.68
81832,305,1146,37.68
81832,406,1876,61.68
81832,407,1876,61.68
81832,412,1876,61.68
81832,423,1876,61.68
81832,916,1480,48.68
94786,1607,1452,47.68
94786,1609,2821,92.68
94786,1616,2090,68.68
54379,304,2821,92.68
54379,1627,5012,164.68
81973,205,1330,43.68
81973,305,4008,131.68
81973,605,3337,109.68
81973,612,3337,109.68
81973,1113,2972,97.68
46813,201,2638,86.68
46813,304,1845,60.68
46813,305,1115,36.68
46813,714,1207,39.68
46813,1710,1998,65.68
19662,426,1055,34.68
19662,432,964,31.68
19662,511,933,30.68
19662,519,933,30.68
19662,1801,872,28.68
43121,304,1177,38.68
43121,398,1177,38.68
43121,408,3459,113.68
43121,426,3459,113.68
43121,1709,1786,58.68
43121,1798,1268,41.68
43121,1812,1452,47.68
43121,1898,1452,47.68
54982,115,2425,79.68
54982,202,2090,68.68
100043,1598,660,21.68
74079,424,1025,33.68
74079,712,1756,57.68
74079,1817,1025,33.68
6001,1627,2791,91.68
63615,111,841,27.68
63615,205,1299,42.68
63615,304,872,28.68
66219,202,1207,39.68
66219,423,1207,39.68
102146,428,476,15.68
102146,432,507,16.68
102146,1617,1695,55.68
102146,1627,476,15.68
102146,1812,629,20.68
32169,201,4343,142.68
32169,504,1360,44.68
32169,202,5316,174.68
32169,305,1603,52.68
32169,306,1968,64.68
32169,426,3612,118.68
32169,504,1603,52.68
32169,1110,4617,151.68
32169,1113,1756,57.68
32169,1117,5285,173.68
86724,1622,1725,56.68
86724,1637,1725,56.68
69253,916,3003,98.68
22236,1812,1998,65.68
15526,809,872,28.68
15526,1105,872,28.68
89647,304,902,29.68
89647,405,1421,46.68
9234,608,1238,40.68
9234,1815,5255,172.68
42466,304,1360,44.68
42466,305,1360,44.68
42466,306,1360,44.68
42466,915,1207,39.68
6328,504,1756,57.68
6328,708,1725,56.68
6328,709,902,29.68
6328,712,1725,56.68
6328,1108,1391,45.68
6328,1110,2090,68.68
6328,1113,1756,57.68
6328,1609,2486,81.68
6328,1801,1207,39.68
46786,108,1207,39.68
46786,304,1238,40.68
46786,1009,3702,121.68
46786,1634,3794,124.68
3064,307,2576,84.68
3064,1617,2455,80.68
3064,1798,2607,85.68
92215,298,1633,53.68
92215,430,4190,137.68
92215,698,1633,53.68
92215,1105,721,23.68
92215,1113,721,23.68
92215,1117,3459,113.68
92215,1312,1421,46.68
92215,1817,721,23.68
94398,202,3794,124.68
94398,205,1572,51.68
94398,304,1177,38.68
94398,1011,2821,92.68
94398,1113,1391,45.68
94398,1609,4617,151.68
94398,1634,4617,151.68
94398,1637,4525,148.68
6483,116,2852,93.68
6483,205,2607,85.68
6483,305,2607,85.68
6483,608,1876,61.68
6483,916,1086,35.68
6483,1204,1115,36.68
6483,1211,1876,61.68
6483,1215,5224,171.68
6483,1627,2729,89.68
6483,1805,1603,52.68
60624,426,1391,45.68
88391,298,2333,76.68
88391,304,2060,67.68
88391,305,3824,125.68
88391,598,1268,41.68
88391,605,2029,66.68
88391,612,1603,52.68
88391,1804,5682,186.68
58890,410,1695,55.68
58890,1312,1299,42.68
58890,1898,1146,37.68
92691,1001,4433,145.68
92691,304,1603,52.68
92691,305,1603,52.68
92691,311,4433,145.68
92691,612,2913,95.68
92691,713,4464,146.68
92691,914,2455,80.68
92691,1798,4464,146.68
100747,403,1968,64.68
100747,704,1968,64.68
100747,1710,1268,41.68
62463,1801,1025,33.68
51406,304,1268,41.68
51406,1619,4798,157.68
51406,1626,1299,42.68
51406,1812,1542,50.68
24325,1622,1452,47.68
26581,306,1055,34.68
25730,298,902,29.68
25730,1014,1511,49.68
25730,1701,872,28.68
18628,1703,1238,40.68
81513,118,1633,53.68
81513,410,933,30.68
81513,705,1572,51.68
81513,915,4008,131.68
81513,998,4008,131.68
81513,1113,2455,80.68
54170,304,599,19.68
54170,305,599,19.68
54170,307,599,19.68
3952,1598,3247,106.68
3952,104,2699,88.68
3952,108,2852,93.68
3952,916,1633,53.68
3952,1110,3247,106.68
35885,304,1146,37.68
19553,304,1876,61.68
19553,1113,1115,36.68
16342,504,1146,37.68
61297,503,2121,69.68
61297,504,2121,69.68
61297,1598,2121,69.68
61297,304,1452,47.68
61297,504,2121,69.68
61297,511,2121,69.68
61297,1112,2972,97.68
56189,108,872,28.68
56189,198,872,28.68
56189,1640,1177,38.68
68501,1014,3064,100.68
92075,310,1177,38.68
92075,424,933,30.68
92075,432,933,30.68
92075,1015,933,30.68
92075,1634,1511,49.68
79757,1001,2882,94.68
79757,428,1115,36.68
52943,914,1330,43.68
52943,1634,4647,152.68
52943,1801,2913,95.68
5769,304,1360,44.68
5769,305,1360,44.68
5769,398,1360,44.68
1198,605,933,30.68
1198,1812,841,27.68
79635,712,2455,80.68
79635,1701,994,32.68
79635,1704,2455,80.68
79635,1710,1238,40.68
79635,1798,1725,56.68
8517,305,2576,84.68
8517,498,5682,186.68
8517,911,599,19.68
8517,1627,3582,117.68
59736,302,1391,45.68
59736,313,1268,41.68
59736,1617,1177,38.68
59736,1798,841,27.68
90071,202,841,27.68
90071,407,933,30.68
90071,504,1360,44.68
90071,1617,4129,135.68
34430,404,3886,127.68
34430,1113,933,30.68
34430,1802,2486,81.68
62076,201,1511,49.68
62076,202,1086,35.68
62076,428,4068,133.68
62076,915,2607,85.68
62076,1113,1876,61.68
93034,202,2151,70.68
93034,1817,1391,45.68
81687,304,1480,48.68
81687,307,1480,48.68
81687,916,2547,83.68
65127,298,1025,33.68
92232,202,1360,44.68
63793,809,3886,127.68
63793,1627,811,26.68
63793,1898,1633,53.68
31520,112,2121,69.68
48938,102,1542,50.68
48938,198,1542,50.68
48938,304,1146,37.68
48938,307,1146,37.68
48938,398,1146,37.68
48938,414,1391,45.68
48938,425,4555,149.68
48938,1801,964,31.68
48938,1817,2699,88.68
52716,1704,3368,110.68
59158,304,2241,73.68
59158,504,1511,49.68
59158,908,1299,42.68
59158,911,1360,44.68
59158,915,1360,44.68
59158,1801,2821,92.68
59158,1898,1268,41.68
53981,1105,1238,40.68
53981,1117,1238,40.68
56236,304,1876,61.68
56236,426,994,32.68
56236,504,1511,49.68
50173,405,964,31.68
50173,406,2821,92.68
50173,504,964,31.68
50173,511,964,31.68
50173,605,964,31.68
50173,914,964,31.68
50173,1813,2760,90.68
2670,304,4190,137.68
2670,305,2455,80.68
2670,705,4190,137.68
71885,305,933,30.68
71885,426,3886,127.68
71885,428,568,18.68
71885,519,2090,68.68
85455,116,1055,34.68
85455,304,1055,34.68
85455,519,2882,94.68
83875,1898,964,31.68
40790,306,1086,35.68
22890,108,3094,101.68
22890,705,1268,41.68
22890,712,1968,64.68
22890,1898,3064,100.68
40351,102,1207,39.68
40351,202,1207,39.68
40351,407,1207,39.68
40351,412,1207,39.68
40351,415,1207,39.68
40351,429,1207,39.68
40351,430,1207,39.68
59566,408,2060,67.68
72507,304,1299,42.68
72507,305,1299,42.68
72507,414,2029,66.68
72507,1105,1845,60.68
72507,1113,1845,60.68
72507,1305,1238,40.68
72507,1312,3186,104.68
72507,1634,3582,117.68
72507,1640,3582,117.68
75148,108,1817,59.68
75148,405,1421,46.68
75148,426,1452,47.68
93698,1113,1299,42.68
93698,1801,3217,105.68
93698,1817,902,29.68
87725,305,2090,68.68
83686,1617,2760,90.68
83686,1634,2760,90.68
83686,1813,2060,67.68
83686,1817,1238,40.68
82938,1812,933,30.68
4471,504,4402,144.68
4471,504,4402,144.68
4471,511,1664,54.68
92541,307,1421,46.68
92541,1706,3824,125.68
92541,1798,1937,63.68
34869,304,933,30.68
34869,305,933,30.68
34869,311,2029,66.68
34869,1117,2029,66.68
58540,1701,1421,46.68
47849,1634,1695,55.68
2536,304,3125,102.68
2536,916,2090,68.68
2536,1801,3033,99.68
96003,307,1421,46.68
96003,423,964,31.68
96003,809,1603,52.68
96003,1014,2729,89.68
96003,1617,4708,154.68
99070,1605,841,27.68
99070,1698,933,30.68
87277,313,4068,133.68
28113,910,964,31.68
103103,305,1664,54.68
103103,1117,3582,117.68
103103,1118,1511,49.68
103103,1617,2060,67.68
103103,1701,2668,87.68
13149,116,1633,53.68
13149,304,1115,36.68
13149,305,1115,36.68
13149,306,1115,36.68
13149,307,1115,36.68
13149,405,1268,41.68
13149,605,1542,50.68
13149,916,1146,37.68
95067,798,872,28.68
95067,1198,872,28.68
95067,1298,872,28.68
95067,915,872,28.68
95067,998,872,28.68
95067,1198,872,28.68
95067,1298,872,28.68
20683,704,3671,120.68
20683,809,1268,41.68
36991,101,2151,70.68
36991,304,3551,116.68
36991,305,3551,116.68
36991,612,1480,48.68
36991,705,4068,133.68
36991,1705,5986,196.68
73770,304,2852,93.68
73770,305,2913,95.68
73770,809,1695,55.68
73770,1111,2151,70.68
76496,410,1025,33.68
76496,411,1025,33.68
85755,1098,3064,100.68
85755,104,1268,41.68
85755,305,902,29.68
85755,307,2576,84.68
85755,708,902,29.68
85755,809,1603,52.68
27405,102,1055,34.68
27405,1307,1086,35.68
59060,1806,2852,93.68
59060,1807,2852,93.68
59060,1810,2455,80.68
94256,1617,2121,69.68
94256,1637,2121,69.68
76107,203,2882,94.68
76107,306,1360,44.68
76107,1113,994,32.68
76107,1616,2882,94.68
76107,1701,1786,58.68
76107,1801,1817,59.68
76107,1898,2882,94.68
91851,304,1845,60.68
91851,305,1845,60.68
91851,426,4433,145.68
91851,498,1633,53.68
91851,713,3763,123.68
91851,1105,2302,75.68
91851,1113,1845,60.68
91851,1617,4374,143.68
91851,1798,4374,143.68
91851,1803,4343,142.68
91851,1817,2760,90.68
48757,198,1452,47.68
48757,304,1086,35.68
48757,307,1086,35.68
48757,412,4798,157.68
48757,712,4798,157.68
48757,898,2090,68.68
48757,1198,1937,63.68
48757,1215,4798,157.68
48757,1298,1998,65.68
48757,1312,1086,35.68
48757,1615,1937,63.68
57458,407,1360,44.68
57458,412,1603,52.68
57458,421,1360,44.68
57458,426,1360,44.68
57458,1801,1633,53.68
87445,304,3916,128.68
87445,305,2821,92.68
87445,428,5043,165.68
87445,504,1207,39.68
87445,809,1177,38.68
87445,910,1177,38.68
87445,1111,1238,40.68
87445,1113,1238,40.68
87445,1210,1207,39.68
87445,1216,933,30.68
73815,202,1238,40.68
73815,407,1511,49.68
73815,1609,2699,88.68
92832,205,811,26.68
92832,304,811,26.68
56728,1619,1695,55.68
78716,1703,1086,35.68
79419,101,2760,90.68
79419,102,3643,119.68
79419,103,3490,114.68
79419,109,1633,53.68
79419,119,1633,53.68
79419,304,1330,43.68
79419,305,1330,43.68
79419,307,1330,43.68
79419,313,5469,179.68
79419,426,4982,163.68
85539,305,2210,72.68
85539,1701,841,27.68
2415,1106,1876,61.68
49930,304,1207,39.68
49930,411,1664,54.68
49930,423,1086,35.68
49930,425,5651,185.68
49930,519,1421,46.68
49930,1111,1207,39.68
49930,1634,5743,188.68
76672,1810,2302,75.68
72689,1105,3977,130.68
21117,1801,1391,45.68
21117,1815,2699,88.68
86821,102,1845,60.68
86821,304,872,28.68
86821,305,872,28.68
86821,307,872,28.68
86821,498,872,28.68
86821,1612,3217,105.68
86821,1817,2060,67.68
86821,1898,2913,95.68
84774,305,2607,85.68
84774,1605,3064,100.68
84774,1809,2394,78.68
84774,1812,1695,55.68
87183,426,1391,45.68
87183,1817,1421,46.68
60347,1701,872,28.68
60347,1798,1238,40.68
86191,414,1360,44.68
86191,1618,1360,44.68
86191,1619,4402,144.68
86191,1801,1025,33.68
87559,102,964,31.68
87559,304,1360,44.68
87559,305,1360,44.68
87559,1616,3855,126.68
87559,1701,4920,161.68
84286,1609,902,29.68
84286,1617,902,29.68
79766,1001,1603,52.68
79766,108,964,31.68
84816,404,2060,67.68
84816,412,2060,67.68
84816,432,1299,42.68
84816,1605,2302,75.68
84816,1616,2302,75.68
26728,423,2210,72.68
26728,1634,2272,74.68
98253,1801,1115,36.68
98253,1898,1086,35.68
79124,1634,1299,42.68
79124,1801,902,29.68
58170,102,1055,34.68
58170,104,1055,34.68
58170,108,5012,164.68
58170,205,1055,34.68
58170,304,1055,34.68
58170,305,1055,34.68
48022,703,3186,104.68
48022,430,3186,104.68
48022,703,3186,104.68
48022,1817,1603,52.68
93203,1605,902,29.68
103164,306,2241,73.68
103164,1105,3733,122.68
87415,426,3156,103.68
87415,1312,1664,54.68
86322,306,1025,33.68
17791,118,3217,105.68
17791,398,2852,93.68
17791,1630,3217,105.68
46108,415,964,31.68
35727,1017,2941,96.68
82123,305,1207,39.68
82123,602,1207,39.68
82123,605,1115,36.68
82123,610,1115,36.68
82123,1704,2852,93.68
83559,202,1876,61.68
83559,426,1876,61.68
17037,305,964,31.68
17037,307,964,31.68
17037,1798,1421,46.68
58274,423,1330,43.68
58274,426,1330,43.68
58274,1619,2455,80.68
56680,415,994,32.68
56680,424,1238,40.68
56680,798,1238,40.68
56680,1110,5408,177.68
56680,1113,2852,93.68
56680,1801,1268,41.68
85257,304,872,28.68
85257,411,1603,52.68
85257,705,1480,48.68
85257,1605,1603,52.68
85257,1612,1603,52.68
85257,1616,1572,51.68
85257,1637,1572,51.68
45897,102,1421,46.68
45897,108,1055,34.68
45897,405,1452,47.68
102957,1105,629,20.68
102957,1198,1025,33.68
23624,423,2516,82.68
23624,1701,1055,34.68
23624,1705,1876,61.68
68417,428,1786,58.68
68417,432,1756,57.68
68417,1105,1177,38.68
68417,1709,1025,33.68
68417,1898,1177,38.68
89344,1101,4767,156.68
89344,102,1876,61.68
89344,304,1452,47.68
92178,108,841,27.68
83940,102,1055,34.68
83940,113,5743,188.68
83940,205,1055,34.68
83940,304,4647,152.68
83940,305,2729,89.68
83940,307,1633,53.68
83940,504,1055,34.68
83940,519,872,28.68
7313,116,1086,35.68
7313,406,933,30.68
7313,407,933,30.68
7313,1198,1086,35.68
55889,304,1115,36.68
55889,1601,2210,72.68
55889,1614,2210,72.68
55889,1616,2060,67.68
55889,1619,2210,72.68
55889,1622,2060,67.68
55889,1627,2210,72.68
55889,1634,2060,67.68
55889,1637,2060,67.68
55889,1640,2060,67.68
55889,1898,2210,72.68
87188,1605,1756,57.68
87188,1704,3855,126.68
40693,1113,1086,35.68
40693,1413,1452,47.68
96720,203,1603,52.68
96720,1616,2394,78.68
96720,1698,2363,77.68
96720,1812,2363,77.68
96720,1813,2363,77.68
96720,1898,2090,68.68
6835,504,1756,57.68
75150,304,902,29.68
75150,414,1452,47.68
75150,421,902,29.68
75150,498,933,30.68
75150,598,2516,82.68
73987,405,1360,44.68
100261,101,1146,37.68
100261,102,1146,37.68
100261,202,841,27.68
100261,405,4798,157.68
14625,304,964,31.68
14625,410,1845,60.68
14625,412,1421,46.68
14625,708,2210,72.68
14625,1617,1086,35.68
14625,1810,2607,85.68
14625,1898,2607,85.68
35236,304,1725,56.68
35236,305,1725,56.68
11235,304,1238,40.68
11235,1704,1603,52.68
61287,915,964,31.68
11074,1704,3551,116.68
87603,430,4402,144.68
87603,510,1480,48.68
87603,1701,1572,51.68
87603,1801,1330,43.68
77817,202,1146,37.68
77817,1617,964,31.68
77817,1634,1146,37.68
77817,1710,1207,39.68
46673,108,2241,73.68
46673,304,2607,85.68
46673,415,3337,109.68
3585,407,1452,47.68
3585,1310,1695,55.68
10323,1619,1268,41.68
12873,115,2151,70.68
12873,713,2090,68.68
42244,1198,1330,43.68
42244,1701,933,30.68
6649,304,964,31.68
7800,102,1876,61.68
7800,304,1876,61.68
7800,307,1876,61.68
7800,411,5043,165.68
7800,432,1055,34.68
7800,1105,1055,34.68
7800,1616,5012,164.68
7800,1801,1330,43.68
7800,1809,1025,33.68
7800,1898,872,28.68
14245,117,5835,191.68
14245,120,3217,105.68
14245,304,3306,108.68
14245,307,3306,108.68
14245,712,4374,143.68
14245,1312,3643,119.68
91782,1627,1845,60.68
90351,1114,749,24.68
90351,1805,660,21.68
103400,432,629,20.68
103400,605,811,26.68
103400,1805,476,15.68
40138,109,4068,133.68
40138,201,964,31.68
40138,305,5163,169.68
40138,306,4068,133.68
40138,307,5163,169.68
40138,311,5894,193.68
40138,398,5163,169.68
40138,504,1542,50.68
40138,1117,5163,169.68
40138,1305,1937,63.68
40138,1898,1968,64.68
10723,1812,1421,46.68
10723,1817,994,32.68
36577,1198,3977,130.68
73741,108,1177,38.68
73741,405,1238,40.68
73741,432,872,28.68
73741,710,1207,39.68
99295,1803,2121,69.68
99295,1817,902,29.68
84947,915,933,30.68
21904,108,1756,57.68
21904,1605,994,32.68
21904,1813,2151,70.68
981,102,1146,37.68
981,120,1360,44.68
88876,304,1968,64.68
88876,305,1968,64.68
88876,408,1542,50.68
20768,1105,1115,36.68
20768,1704,2090,68.68
50877,202,2060,67.68
57204,419,3521,115.68
57204,510,902,29.68
57204,915,3551,116.68
57204,1113,933,30.68
57204,1198,933,30.68
57204,1617,1725,56.68
57204,1810,2302,75.68
57324,412,994,32.68
57324,1108,1421,46.68
57324,1801,1786,58.68
91274,201,1511,49.68
91274,305,1452,47.68
91274,411,1452,47.68
91274,1704,1146,37.68
91274,1898,4798,157.68
96390,208,1330,43.68
96390,606,1330,43.68
96390,1113,1146,37.68
96390,1617,1299,42.68
10861,1801,1603,52.68
98611,411,2576,84.68
33382,1605,1207,39.68
25641,406,994,32.68
25641,1110,1876,61.68
99246,1105,1633,53.68
99246,1616,2029,66.68
92676,411,1299,42.68
92676,432,1268,41.68
84194,1801,1845,60.68
84194,1805,1633,53.68
2480,426,1268,41.68
2480,1617,1756,57.68
61735,305,1238,40.68
61735,306,1238,40.68
61735,432,994,32.68
61735,809,1177,38.68
61735,1701,1146,37.68
61735,1801,3429,112.68
76812,205,1360,44.68
76812,304,3551,116.68
76812,305,2821,92.68
76812,504,1817,59.68
76812,809,1756,57.68
76812,1312,2455,80.68
26685,423,3278,107.68
26685,1215,3612,118.68
41824,120,1664,54.68
41824,198,1542,50.68
41824,206,2363,77.68
41824,398,2363,77.68
41824,423,5043,165.68
41824,1105,2210,72.68
41824,1801,2852,93.68
41824,1805,3702,121.68
41824,1813,3337,109.68
41824,1817,3702,121.68
45770,498,1268,41.68
45770,698,1330,43.68
45770,1628,1268,41.68
45770,1998,1330,43.68
58652,407,1115,36.68
58652,1616,2547,83.68
58652,1623,2941,96.68
58652,1801,1633,53.68
58652,1816,3003,98.68
88953,201,933,30.68
88953,1198,1115,36.68
98781,304,1817,59.68
98781,1198,994,32.68
98781,1801,2852,93.68
39142,112,1268,41.68
404,1817,1360,44.68
17971,415,1421,46.68
85369,201,1511,49.68
85369,202,2241,73.68
85369,809,5986,196.68
85369,1112,841,27.68
60204,1622,1876,61.68
60204,1817,1207,39.68
81013,304,902,29.68
81013,313,2121,69.68
81013,410,1725,56.68
81013,411,1725,56.68
81013,914,1086,35.68
33746,1705,964,31.68
7569,102,933,30.68
7569,201,2241,73.68
7569,398,2302,75.68
7569,1598,1480,48.68
7569,102,964,31.68
7569,310,2302,75.68
7569,1105,1480,48.68
96418,305,1572,51.68
96418,410,1268,41.68
96418,708,1664,54.68
96418,709,1603,52.68
96418,1701,933,30.68
96418,1801,1360,44.68
17554,1198,3886,127.68
17554,102,1725,56.68
17554,108,1146,37.68
17554,430,4252,139.68
17554,809,1845,60.68
17554,1113,1695,55.68
17554,1216,2760,90.68
17554,1627,4982,163.68
17554,1811,5285,173.68
91009,406,994,32.68
91009,798,933,30.68
77253,1701,1055,34.68
54776,1813,1025,33.68
96004,116,964,31.68
96004,202,964,31.68
96004,304,841,27.68
96004,305,841,27.68
96004,809,1330,43.68
96004,1110,2791,91.68
96004,1113,2791,91.68
96004,1701,2425,79.68
96004,1703,2425,79.68
56711,915,2455,80.68
159,304,1055,34.68
73732,1617,1817,59.68
73732,1704,1845,60.68
87774,116,1207,39.68
87774,305,1086,35.68
87774,405,2363,77.68
87774,1698,1633,53.68
87774,1703,4798,157.68
26001,102,1452,47.68
26001,304,1817,59.68
80939,1627,1330,43.68
80939,1801,2972,97.68
9103,304,1725,56.68
9103,1617,1937,63.68
92254,102,1968,64.68
92254,104,1968,64.68
92254,298,2852,93.68
92254,606,2852,93.68
92254,705,872,28.68
92254,1113,1786,58.68
92254,1798,4252,139.68
36985,1804,1421,46.68
23811,306,1695,55.68
23811,1802,4282,140.68
23811,1812,1968,64.68
23811,1898,4525,148.68
100705,306,811,26.68
100705,310,811,26.68
88169,304,2182,71.68
88169,305,2182,71.68
88169,705,1817,59.68
88169,1106,2121,69.68
88169,1112,2121,69.68
88169,1634,2121,69.68
102767,412,629,20.68
102767,601,749,24.68
102767,607,749,24.68
71114,1619,1391,45.68
71114,1627,1330,43.68
71114,1634,964,31.68
71114,1812,933,30.68
16351,202,1268,41.68
36560,304,3824,125.68
36560,313,4402,144.68
36560,406,4282,140.68
36560,423,4282,140.68
36560,426,4282,140.68
36560,1637,1725,56.68
45562,405,1238,40.68
45562,498,2576,84.68
45562,705,2516,82.68
45562,719,2576,84.68
45562,1798,1207,39.68
45562,1998,2576,84.68
96292,102,1330,43.68
96292,201,1055,34.68
96292,305,994,32.68
96292,504,2791,91.68
96292,1607,721,23.68
102519,405,2121,69.68
102519,1801,2182,71.68
102519,1813,568,18.68
102519,1817,1511,49.68
55468,298,3763,123.68
55468,306,1511,49.68
55468,809,1115,36.68
55468,1113,1207,39.68
55468,1801,1055,34.68
93651,202,2791,91.68
93651,304,1299,42.68
93651,306,2455,80.68
93651,307,1299,42.68
93651,414,2090,68.68
93651,423,1391,45.68
93651,709,964,31.68
93651,714,2425,79.68
93651,1816,4920,161.68
28571,108,1025,33.68
29557,1117,1177,38.68
18202,116,1268,41.68
18202,198,1268,41.68
24786,504,1480,48.68
24786,598,1480,48.68
24786,1598,1845,60.68
24786,305,3643,119.68
24786,398,3643,119.68
24786,426,964,31.68
24786,498,964,31.68
24786,1701,1391,45.68
95322,1198,780,25.68
95322,1703,933,30.68
95322,1805,1937,63.68
79727,305,1115,36.68
79727,705,1299,42.68
4342,1802,1603,52.68
2612,306,933,30.68
2612,415,1876,61.68
2612,915,3977,130.68
2612,1113,964,31.68
2612,1605,4068,133.68
2612,1704,4037,132.68
85366,306,4678,153.68
85366,428,3247,106.68
85366,1617,3125,102.68
85366,1801,1876,61.68
5736,304,1146,37.68
5736,498,1207,39.68
5736,713,2547,83.68
5736,1112,933,30.68
5736,1605,1968,64.68
5736,1637,2090,68.68
5736,1817,1725,56.68
107,1617,1603,52.68
100732,305,568,18.68
100732,313,2516,82.68
100732,1803,599,19.68
1024,304,2272,74.68
1024,306,2425,79.68
1024,708,4798,157.68
1024,713,902,29.68
1024,798,1086,35.68
1024,1312,2852,93.68
1024,1798,5163,169.68
1024,1801,3643,119.68
87777,1198,2455,80.68
87777,108,1664,54.68
87777,1117,2455,80.68
87777,1809,3125,102.68
91286,1617,1238,40.68
56368,306,3125,102.68
56368,1707,4920,161.68
56368,1898,2333,76.68
33509,202,1146,37.68
33509,1817,902,29.68
27714,310,1115,36.68
44372,305,1725,56.68
44372,1801,1664,54.68
674,304,2821,92.68
674,305,3306,108.68
91614,304,4313,141.68
29902,1617,4282,140.68
77514,116,994,32.68
77514,714,964,31.68
77514,1601,994,32.68
1160,310,4160,136.68
1160,410,1572,51.68
1160,1701,3671,120.68
1160,1802,3306,108.68
1160,1805,1876,61.68
18028,310,4464,146.68
18028,411,4494,147.68
18028,426,4343,142.68
18028,1617,2852,93.68
18028,1701,1968,64.68
18028,1704,3064,100.68
65502,1622,1086,35.68
65502,1805,1360,44.68
81084,713,1299,42.68
81084,1798,1055,34.68
81084,1801,3247,106.68
54970,428,2363,77.68
54970,916,1817,59.68
54970,1105,1786,58.68
54970,1605,6078,199.68
31078,306,1725,56.68
31078,414,4951,162.68
31078,498,2090,68.68
31078,504,1603,52.68
79243,1640,1025,33.68
9343,902,1511,49.68
9343,902,1511,49.68
68969,101,1845,60.68
68969,707,1845,60.68
68969,1106,1391,45.68
68969,1627,8269,271.68
12804,1998,2029,66.68
97826,301,811,26.68
97826,302,811,26.68
97826,1198,811,26.68
97826,1598,811,26.68
97826,610,780,25.68
97826,1198,749,24.68
97826,1710,721,23.68
94973,304,902,29.68
94973,307,902,29.68
94973,1801,1421,46.68
94973,1809,2090,68.68
94973,1817,2425,79.68
73558,1612,1025,33.68
10989,108,3156,103.68
10989,411,4129,135.68
10989,1619,4129,135.68
10989,1706,994,32.68
10989,1817,3612,118.68
89571,102,1695,55.68
89571,205,2151,70.68
89571,305,1603,52.68
89571,419,1207,39.68
89571,908,1177,38.68
89571,1909,1207,39.68
22888,411,964,31.68
22888,412,1360,44.68
22888,1617,1360,44.68
22888,1637,1360,44.68
50841,304,1115,36.68
50841,1798,3186,104.68
34325,305,1207,39.68
34325,423,964,31.68
97570,108,2029,66.68
52478,405,2151,70.68
52478,406,2151,70.68
52478,426,2151,70.68
86210,104,1330,43.68
86210,504,1177,38.68
89084,405,902,29.68
80311,102,1876,61.68
80311,414,1876,61.68
80311,714,933,30.68
80311,1111,3337,109.68
80311,1215,1146,37.68
4570,998,1998,65.68
4570,1617,1268,41.68
5092,104,1115,36.68
5092,203,902,29.68
5092,304,902,29.68
5092,406,4555,149.68
5092,411,2363,77.68
5092,414,1603,52.68
5092,428,1268,41.68
5092,504,902,29.68
5092,898,2699,88.68
5092,1113,1603,52.68
5092,1205,872,28.68
5092,1627,3824,125.68
5092,1801,1968,64.68
42680,504,902,29.68
45391,406,1025,33.68
45391,511,1025,33.68
45391,1312,5104,167.68
26391,102,933,30.68
26391,202,933,30.68
26391,205,933,30.68
26391,426,2972,97.68
26391,1801,2699,88.68
78324,1698,1207,39.68
18488,304,902,29.68
60031,426,1238,40.68
60031,916,1238,40.68
60031,1617,1725,56.68
60031,1815,2302,75.68
40162,304,1511,49.68
40162,305,1480,48.68
40162,306,1480,48.68
40162,428,902,29.68
40162,432,2607,85.68
40162,504,1146,37.68
40162,519,1146,37.68
40162,898,1452,47.68
40162,1637,1299,42.68
33207,305,4798,157.68
33207,1801,4068,133.68
56222,304,1207,39.68
56222,410,3916,128.68
56222,1616,4037,132.68
56222,1812,933,30.68
56222,1815,2821,92.68
83804,1215,1146,37.68
83804,1305,1786,58.68
83804,1312,1786,58.68
83804,1605,2455,80.68
52019,112,3125,102.68
52019,305,1055,34.68
52019,306,1055,34.68
52019,498,2455,80.68
52019,1615,1268,41.68
52019,1698,1268,41.68
52019,1801,1998,65.68
52019,1817,2121,69.68
52019,1905,1268,41.68
77623,313,2394,78.68
77623,398,2394,78.68
87351,108,1268,41.68
87351,498,3217,105.68
87351,705,4160,136.68
87351,1312,2913,95.68
87351,1815,3916,128.68
87351,1817,2060,67.68
35512,307,964,31.68
35512,708,1146,37.68
35512,1801,3521,115.68
68039,1637,2607,85.68
90000,1798,3094,101.68
33464,713,2272,74.68
33464,1110,2576,84.68
63208,405,1238,40.68
63208,406,1238,40.68
63208,426,1238,40.68
63208,1619,1695,55.68
63208,1812,2607,85.68
97828,108,1542,50.68
97828,404,902,29.68
97828,405,902,29.68
97828,412,902,29.68
97828,423,902,29.68
30943,411,1207,39.68
30943,1015,1360,44.68
87888,426,1268,41.68
87888,1817,872,28.68
44992,198,2760,90.68
44992,1110,2760,90.68
44992,1617,2455,80.68
44992,1817,3125,102.68
61241,108,4282,140.68
61241,305,3551,116.68
61241,306,3551,116.68
61241,1106,1330,43.68
61241,1112,1330,43.68
61241,1113,1330,43.68
61241,1198,1086,35.68
61241,1617,5285,173.68
61241,1634,5285,173.68
61241,1704,4402,144.68
28225,304,1086,35.68
28225,708,1511,49.68
89476,1617,1086,35.68
2104,102,1177,38.68
2104,108,3947,129.68
2104,201,1452,47.68
2104,202,4402,144.68
2104,305,1177,38.68
2104,1817,3947,129.68
58121,1109,6351,208.68
58121,1118,6565,215.68
58121,1205,1480,48.68
58121,1627,964,31.68
33562,705,933,30.68
21281,201,1572,51.68
21281,1634,1452,47.68
86836,298,3459,113.68
86836,1801,1299,42.68
94000,298,1268,41.68
94000,305,2241,73.68
94000,713,5163,169.68
94000,1111,933,30.68
94000,1216,1268,41.68
94000,1630,5835,191.68
94000,1898,5163,169.68
75674,202,964,31.68
75674,205,933,30.68
75674,1105,2791,91.68
75674,1312,902,29.68
73689,109,1055,34.68
73689,998,1268,41.68
73689,1622,3156,103.68
73689,1813,1330,43.68
83796,1113,1725,56.68
83796,1898,1725,56.68
64948,298,2333,76.68
64948,798,4433,145.68
64948,1108,2882,94.68
64948,1898,2791,91.68
40406,304,2090,68.68
40406,305,2090,68.68
40406,412,994,32.68
40406,415,994,32.68
40406,426,994,32.68
40406,1112,841,27.68
40406,1215,4160,136.68
40406,1605,4190,137.68
40406,1701,2699,88.68
40406,1798,2882,94.68
40406,1809,4190,137.68
63437,410,5043,165.68
63437,426,5073,166.68
63437,914,2241,73.68
63437,1701,3733,122.68
40835,504,4221,138.68
40835,102,2060,67.68
40835,104,3033,99.68
40835,205,2090,68.68
40835,305,4982,163.68
40835,426,3947,129.68
40835,432,4008,131.68
40835,504,4282,140.68
40835,514,2210,72.68
40835,908,2210,72.68
40835,1205,1360,44.68
40835,1215,964,31.68
40835,1601,1330,43.68
40835,1619,6290,206.68
40835,1803,1480,48.68
53553,1605,1876,61.68
53553,1617,1845,60.68
53553,1623,1876,61.68
53553,1637,1786,58.68
346,1605,3886,127.68
96828,1106,1391,45.68
89907,1802,1391,45.68
10354,304,1238,40.68
10354,305,1238,40.68
10354,307,1238,40.68
14148,405,2699,88.68
75303,304,2151,70.68
75303,916,2151,70.68
75303,1605,3702,121.68
75303,1637,3582,117.68
75303,1801,2791,91.68
86587,202,964,31.68
86587,415,1238,40.68
86587,1113,1876,61.68
86587,1812,1725,56.68
82819,104,1756,57.68
82819,304,4798,157.68
82819,305,4798,157.68
82819,306,4767,156.68
82819,432,1238,40.68
82819,610,1207,39.68
82819,708,5163,169.68
82819,809,1876,61.68
82819,1113,1025,33.68
82819,1622,4586,150.68
82819,1801,1756,57.68
85188,1617,964,31.68
34653,406,2821,92.68
51155,713,1421,46.68
51155,1015,1664,54.68
51155,1817,1055,34.68
79202,304,4617,151.68
79202,305,4617,151.68
79202,428,3521,115.68
79202,514,841,27.68
79202,803,841,27.68
79202,1112,841,27.68
79202,1801,4617,151.68
22852,809,2607,85.68
65980,405,1360,44.68
65980,1605,1452,47.68
65980,1609,1664,54.68
78179,1801,5408,177.68
9387,398,5073,166.68
9387,1215,1725,56.68
9387,1801,4282,140.68
9387,1803,1725,56.68
13313,304,1268,41.68
13313,1627,2302,75.68
13313,1817,2302,75.68
87354,1111,1817,59.68
39548,698,872,28.68
39548,102,1207,39.68
39548,202,902,29.68
39548,304,872,28.68
39548,305,1207,39.68
39548,604,872,28.68
39548,612,872,28.68
39548,998,872,28.68
56240,415,1299,42.68
56240,432,1330,43.68
44443,798,2241,73.68
57653,202,1876,61.68
57653,407,1876,61.68
57653,712,1876,61.68
57653,1617,2182,71.68
57653,1628,902,29.68
2602,102,1330,43.68
2602,304,1330,43.68
2602,307,1330,43.68
2602,1898,2363,77.68
86683,1617,1664,54.68
86683,1805,1452,47.68
30029,1626,4282,140.68
87694,405,902,29.68
87694,713,3278,107.68
87694,1113,1817,59.68
87694,1708,4829,158.68
87694,1798,4829,158.68
63379,504,3916,128.68
63379,116,3125,102.68
63379,198,3125,102.68
63379,430,3886,127.68
63379,504,3916,128.68
63379,1698,3886,127.68
63379,1710,3824,125.68
87804,304,1756,57.68
87804,305,1756,57.68
90161,202,15756,517.68
90161,711,15756,517.68
62782,107,1511,49.68
62782,1634,1572,51.68
54468,709,1360,44.68
54468,809,1360,44.68
88949,208,2455,80.68
88949,1605,1299,42.68
88949,1617,2852,93.68
64527,307,1845,60.68
64527,398,1845,60.68
64527,705,994,32.68
64527,708,994,32.68
64527,710,994,32.68
64527,1703,2607,85.68
64527,1801,2060,67.68
64527,1816,1391,45.68
30076,432,2060,67.68
30076,1614,1572,51.68
30076,1622,2302,75.68
30076,1812,2182,71.68
56094,714,721,23.68
84802,304,1025,33.68
10480,305,2090,68.68
2259,423,933,30.68
2259,713,2060,67.68
2259,1898,1480,48.68
98801,108,690,22.68
9283,108,3916,128.68
6239,304,933,30.68
6239,305,933,30.68
6239,307,933,30.68
6239,407,933,30.68
6239,424,933,30.68
6239,426,933,30.68
6239,898,872,28.68
6239,1005,2791,91.68
6239,1615,1055,34.68
6239,1898,933,30.68
22224,498,3247,106.68
88885,426,1421,46.68
83564,504,4647,152.68
83564,116,1146,37.68
83564,304,1511,49.68
83564,307,1511,49.68
83564,504,4647,152.68
88049,914,1146,37.68
88049,1619,3306,108.68
88049,1898,964,31.68
11337,1701,1146,37.68
101914,202,780,25.68
101914,415,721,23.68
84771,304,1876,61.68
84771,305,2607,85.68
84771,601,4798,157.68
84771,607,4798,157.68
84771,711,1511,49.68
84771,914,4798,157.68
84771,1204,2241,73.68
84771,1701,1055,34.68
84771,1703,1115,36.68
84771,1817,872,28.68
58980,1637,1391,45.68
47096,1813,1055,34.68
13598,103,3824,125.68
13598,104,2363,77.68
13598,115,3824,125.68
13598,405,4920,161.68
13598,412,4920,161.68
3857,1113,1330,43.68
3857,1802,1695,55.68
49142,428,1695,55.68
49142,1801,2760,90.68
28050,102,2241,73.68
28050,306,933,30.68
28050,406,4982,163.68
28050,414,1633,53.68
28050,714,2363,77.68
28050,1098,5132,168.68
28050,1105,994,32.68
28050,1106,2972,97.68
28050,1810,3886,127.68
80297,705,994,32.68
80297,1815,872,28.68
8792,798,933,30.68
8792,1701,2090,68.68
8792,1708,2029,66.68
52071,1622,1299,42.68
96297,205,1511,49.68
96297,1704,1968,64.68
96297,1801,1146,37.68
96297,1809,1998,65.68
25329,1801,1695,55.68
25329,1816,1756,57.68
18665,426,1998,65.68
18665,1816,2394,78.68
18665,1898,2394,78.68
90609,408,872,28.68
55405,202,964,31.68
55405,1630,2029,66.68
96560,1701,2547,83.68
96560,1801,3064,100.68
26064,305,1998,65.68
26064,306,2272,74.68
26064,408,933,30.68
26064,423,1421,46.68
26064,426,1421,46.68
26064,1619,2272,74.68
26064,1898,2272,74.68
51675,410,1542,50.68
51675,411,1542,50.68
4876,102,2576,84.68
4876,304,2576,84.68
4876,305,2576,84.68
4876,306,2576,84.68
4876,308,2576,84.68
4876,504,2576,84.68
4876,1305,1480,48.68
81293,1619,2821,92.68
70055,304,1725,56.68
70055,306,1725,56.68
70055,1108,2941,96.68
70055,1804,3916,128.68
90828,426,3521,115.68
90828,1113,2029,66.68
90828,1637,2791,91.68
90828,1802,2852,93.68
90828,1805,933,30.68
59013,107,3337,109.68
59013,304,3337,109.68
59013,313,3337,109.68
65185,304,1025,33.68
65185,305,1391,45.68
65185,998,1025,33.68
65185,1117,1756,57.68
65185,1812,2486,81.68
65185,1817,1238,40.68
71050,1622,1086,35.68
83204,202,1817,59.68
83204,1112,994,32.68
83204,1601,4767,156.68
11516,426,1998,65.68
11516,1605,2210,72.68
11516,1704,1633,53.68
100622,412,1268,41.68
100622,426,1268,41.68
100622,712,1268,41.68
51498,304,1086,35.68
51498,305,1391,45.68
51498,1306,1086,35.68
51498,1312,1391,45.68
51498,1701,2607,85.68
85281,1812,3521,115.68
89871,198,1025,33.68
89871,798,933,30.68
89871,801,933,30.68
89871,798,933,30.68
89871,898,933,30.68
89871,1298,933,30.68
7264,1817,1603,52.68
75175,108,3551,116.68
75175,198,3551,116.68
76130,304,1360,44.68
76130,306,1360,44.68
76130,415,1572,51.68
76130,1111,1238,40.68
76130,1637,2425,79.68
76130,1801,2121,69.68
67966,1609,1480,48.68
67966,1616,1480,48.68
67966,1898,1480,48.68
15208,426,1817,59.68
15208,1105,1725,56.68
15208,1198,1480,48.68
48706,306,1725,56.68
48706,1105,1238,40.68
48706,1701,872,28.68
71486,915,2791,91.68
71486,916,2363,77.68
71486,1215,4464,146.68
71486,1611,4190,137.68
71486,1619,4282,140.68
71486,1898,4433,145.68
71684,109,1511,49.68
71684,305,1511,49.68
71684,414,1511,49.68
71684,705,1391,45.68
71684,1113,1511,49.68
29206,1619,2241,73.68
29259,915,1330,43.68
29259,916,4008,131.68
29259,1801,902,29.68
26336,102,994,32.68
26336,304,1238,40.68
26336,305,1238,40.68
26336,306,1238,40.68
73548,202,1115,36.68
73548,426,994,32.68
73548,1801,1421,46.68
18768,202,1299,42.68
18768,412,1268,41.68
18768,423,1299,42.68
18768,425,1299,42.68
18768,430,1299,42.68
18768,705,1055,34.68
18768,712,1055,34.68
18768,1622,1299,42.68
83899,1609,933,30.68
45931,305,1268,41.68
45931,809,1207,39.68
83553,104,4678,153.68
83553,107,4678,153.68
83553,198,2852,93.68
83553,304,1421,46.68
83553,305,1421,46.68
83553,306,1421,46.68
83553,708,4374,143.68
83553,709,4374,143.68
83553,712,4374,143.68
83553,1803,2791,91.68
83553,1898,3278,107.68
72293,102,1299,42.68
72293,423,3916,128.68
72293,1801,4647,152.68
72293,1816,3003,98.68
76384,1113,1115,36.68
76384,1637,4555,149.68
76384,1812,4252,139.68
99286,202,749,24.68
99286,412,749,24.68
99286,708,1177,38.68
99286,1605,1330,43.68
95453,304,902,29.68
83835,1609,964,31.68
54954,202,1025,33.68
54954,1801,2060,67.68
54954,1898,3977,130.68
33082,1801,1330,43.68
85938,410,4037,132.68
79585,201,994,32.68
79585,304,1177,38.68
79585,415,1086,35.68
79585,426,1086,35.68
61396,1898,2060,67.68
71862,1498,1238,40.68
85658,1812,1511,49.68
85658,1816,2791,91.68
82077,1622,2972,97.68
77897,398,1299,42.68
77897,705,1511,49.68
77897,1817,1055,34.68
77897,1898,902,29.68
19137,710,1025,33.68
19137,1119,1025,33.68
19137,1617,1817,59.68
1952,304,2090,68.68
1952,305,2090,68.68
1952,306,2090,68.68
1952,504,5012,164.68
1952,906,1845,60.68
1952,908,1817,59.68
1952,1701,4252,139.68
95246,1117,933,30.68
96188,206,1086,35.68
63412,304,994,32.68
47918,1630,1452,47.68
17157,805,933,30.68
17157,1105,2547,83.68
17157,1630,5163,169.68
21381,1801,2394,78.68
83259,305,1146,37.68
24436,898,933,30.68
36609,1798,1452,47.68
18058,1598,902,29.68
18058,915,902,29.68
18058,1613,3156,103.68
40216,1898,1452,47.68
43797,1622,1055,34.68
96733,102,1452,47.68
96733,118,1452,47.68
96733,406,749,24.68
96733,1105,2486,81.68
96733,1113,1511,49.68
89378,305,1542,50.68
89378,306,1542,50.68
89378,1898,1511,49.68
83604,202,964,31.68
83604,404,1177,38.68
42880,202,2486,81.68
42880,404,2486,81.68
399,104,964,31.68
399,202,2241,73.68
399,708,1695,55.68
399,1017,1330,43.68
27656,1110,5285,173.68
20057,202,1086,35.68
20057,412,1664,54.68
20057,714,1664,54.68
20057,1701,1115,36.68
20057,1801,1025,33.68
88156,304,1086,35.68
88156,305,1086,35.68
88156,307,1086,35.68
88156,311,4129,135.68
89187,313,4402,144.68
89187,1619,1452,47.68
89187,1810,1146,37.68
89187,1898,4099,134.68
46179,306,994,32.68
46179,1014,2060,67.68
80563,202,1360,44.68
80563,304,1025,33.68
80563,305,1391,45.68
80563,406,1391,45.68
94254,423,811,26.68
57817,1605,1115,36.68
57817,1801,1025,33.68
93334,305,2791,91.68
93334,423,2972,97.68
93334,432,1330,43.68
93334,1601,8207,269.68
93334,1701,8207,269.68
65149,202,2121,69.68
65149,412,2121,69.68
65149,426,2121,69.68
65149,1008,2182,71.68
58813,405,1572,51.68
58813,408,1572,51.68
58813,415,1572,51.68
58813,423,1572,51.68
58813,426,1572,51.68
76069,1616,2210,72.68
13344,426,1268,41.68
34019,406,2882,94.68
34019,908,872,28.68
34019,1312,4160,136.68
34019,1801,3217,105.68
78232,202,3337,109.68
78232,304,1633,53.68
78232,406,1633,53.68
79340,1110,2941,96.68
79340,1113,2941,96.68
79340,1813,749,24.68
69026,512,2060,67.68
69026,1617,3824,125.68
16743,1613,1480,48.68
16743,1617,1421,46.68
16743,1801,1360,44.68
56765,304,1299,42.68
56765,306,1299,42.68
56765,411,1511,49.68
1962,304,933,30.68
97749,104,2607,85.68
97749,1803,2821,92.68
90628,998,1299,42.68
90628,915,1299,42.68
90628,1798,964,31.68
102280,304,2972,97.68
102280,305,2668,87.68
102280,306,2668,87.68
102280,415,3337,109.68
102280,432,507,16.68
102280,1105,1268,41.68
102280,1605,2668,87.68
102280,1616,2394,78.68
102280,1634,4678,153.68
102280,1637,2394,78.68
1240,1619,2151,70.68
89274,203,2394,78.68
89274,307,1055,34.68
89274,411,1907,62.68
89274,504,1055,34.68
89274,1117,2394,78.68
89274,1701,1845,60.68
88200,412,872,28.68
88200,1105,1391,45.68
99153,306,2486,81.68
99153,798,2363,77.68
99153,1414,2486,81.68
99153,1601,2486,81.68
99153,1614,2486,81.68
99153,1617,2486,81.68
54538,102,1664,54.68
54538,398,1452,47.68
54538,428,1664,54.68
54538,498,1664,54.68
54538,916,1299,42.68
54538,1017,1299,42.68
54538,1113,2029,66.68
54538,1204,1086,35.68
32053,915,1603,52.68
32053,1801,1603,52.68
71435,1634,964,31.68
91931,305,1330,43.68
91931,1701,994,32.68
26083,404,2182,71.68
26083,1617,1907,62.68
13494,305,994,32.68
13494,1105,2090,68.68
55421,1898,1299,42.68
46359,198,1238,40.68
46359,1622,1817,59.68
83625,202,872,28.68
83625,426,1907,62.68
83625,1110,1330,43.68
83625,1798,1937,63.68
83625,1817,1115,36.68
44086,1701,1817,59.68
44086,1806,4099,134.68
44086,1898,1452,47.68
62698,305,872,28.68
62698,426,1876,61.68
62698,1801,872,28.68
98424,201,780,25.68
98424,1706,660,21.68
91650,304,1115,36.68
91650,305,1115,36.68
91650,306,1115,36.68
91650,404,994,32.68
91650,498,994,32.68
91650,1015,1115,36.68
91650,1117,2182,71.68
91650,1305,1055,34.68
91650,1801,1360,44.68
87605,705,1330,43.68
45282,108,3671,120.68
45282,304,1238,40.68
45282,415,1725,56.68
45282,432,933,30.68
45282,498,3916,128.68
43762,426,994,32.68
43762,1198,599,19.68
93437,201,3247,106.68
93437,304,2972,97.68
93437,428,2607,85.68
93437,916,2607,85.68
93437,1014,3306,108.68
93437,1110,811,26.68
69847,706,964,31.68
69847,708,1025,33.68
69847,709,1086,35.68
69847,1803,1207,39.68
19254,101,1633,53.68
19254,198,1572,51.68
19254,305,1603,52.68
19254,306,1633,53.68
19254,307,1633,53.68
19254,313,1633,53.68
19254,610,1633,53.68
19254,1605,1633,53.68
19254,1619,1603,52.68
81818,1617,2363,77.68
81818,1701,872,28.68
74785,202,964,31.68
74785,304,933,30.68
74785,305,933,30.68
74785,1113,964,31.68
43998,406,1086,35.68
43998,719,1511,49.68
43998,1616,1511,49.68
86243,428,1452,47.68
86243,708,1572,51.68
86243,1817,2210,72.68
19714,304,1633,53.68
19714,305,1633,53.68
15749,101,2821,92.68
15749,304,2821,92.68
15749,305,2425,79.68
15749,306,3582,117.68
8599,403,4252,139.68
8599,304,1146,37.68
8599,514,1207,39.68
8599,1622,4252,139.68
8599,1634,4282,140.68
8599,1637,4252,139.68
8599,1640,4252,139.68
8599,1801,2486,81.68
60081,1812,1511,49.68
60081,1817,933,30.68
41781,708,1086,35.68
41781,1617,1115,36.68
76946,205,1876,61.68
76946,298,2607,85.68
76946,602,2607,85.68
76946,708,902,29.68
76946,916,1511,49.68
76946,1106,3337,109.68
76946,1108,2972,97.68
76946,1112,3337,109.68
76946,1617,902,29.68
30847,305,2729,89.68
6944,412,1360,44.68
6944,1616,1299,42.68
16734,306,1542,50.68
16734,1698,5073,166.68
24577,407,3855,126.68
24577,412,3855,126.68
24577,1803,2486,81.68
24577,1816,1725,56.68
80661,504,1664,54.68
80661,1801,1968,64.68
66674,1108,1511,49.68
66674,1312,2029,66.68
79429,1198,2090,68.68
79429,1117,2090,68.68
40780,118,1238,40.68
40780,518,2029,66.68
40780,1098,1664,54.68
40780,1110,2547,83.68
40780,1617,1391,45.68
40780,1634,2516,82.68
40780,1801,1756,57.68
24997,1001,1452,47.68
24997,426,1330,43.68
66660,202,1055,34.68
66660,405,1391,45.68
66660,1605,1146,37.68
5621,304,1115,36.68
5621,305,1115,36.68
5621,426,1025,33.68
5621,708,1207,39.68
5621,809,2151,70.68
78254,1705,841,27.68
78254,1798,902,29.68
59517,202,1695,55.68
59517,406,1480,48.68
59517,916,1330,43.68
59517,1634,1998,65.68
61084,408,2486,81.68
61084,914,2182,71.68
61084,1801,2182,71.68
6879,108,964,31.68
6879,610,1786,58.68
6879,713,1299,42.68
6879,1698,933,30.68
41892,304,3186,104.68
41892,426,6016,197.68
41892,915,902,29.68
97844,115,3702,121.68
97844,206,721,23.68
97844,298,780,25.68
97844,304,780,25.68
97844,426,1695,55.68
97844,605,780,25.68
97844,1113,994,32.68
97844,1616,1360,44.68
97844,1634,1360,44.68
97844,1701,780,25.68
97844,1704,4464,146.68
73039,102,1572,51.68
73039,205,1299,42.68
73039,305,1907,62.68
73039,307,2272,74.68
73039,512,1603,52.68
73039,1801,5255,172.68
73039,1812,5255,172.68
21972,708,1937,63.68
21972,1617,1968,64.68
53506,605,872,28.68
54802,916,964,31.68
84049,202,2486,81.68
84049,424,3156,103.68
84049,1609,811,26.68
46130,1617,2455,80.68
82076,1616,1876,61.68
45110,305,3551,116.68
45110,798,1817,59.68
45110,1312,2455,80.68
45110,1631,2821,92.68
45110,1639,2821,92.68
43428,412,1146,37.68
43428,1617,1511,49.68
43428,1801,1480,48.68
63339,1810,4252,139.68
55119,709,1177,38.68
55119,1634,1725,56.68
76342,306,2455,80.68
76342,798,780,25.68
76342,914,964,31.68
94094,305,1480,48.68
94094,1304,3916,128.68
27234,304,4798,157.68
27234,305,2821,92.68
27234,307,4433,145.68
27234,1312,2972,97.68
35098,411,2151,70.68
94684,708,1330,43.68
94684,1634,1360,44.68
100754,311,902,29.68
100754,1798,721,23.68
98899,304,1664,54.68
98899,305,1633,53.68
98899,1817,1633,53.68
30059,198,872,28.68
30059,1803,1786,58.68
30059,1804,1786,58.68
6183,1801,1786,58.68
6183,1812,1177,38.68
59312,1617,1452,47.68
42531,304,964,31.68
42531,305,964,31.68
42531,428,1421,46.68
42531,1601,2455,80.68
42531,1637,4282,140.68
55542,512,2241,73.68
55542,516,2241,73.68
55542,519,2241,73.68
55542,698,3702,121.68
83874,305,964,31.68
83874,306,964,31.68
83874,1298,3521,115.68
925,1098,1845,60.68
6261,512,1025,33.68
6261,1801,3217,105.68
46007,1812,1360,44.68
769,108,1786,58.68
769,404,2029,66.68
769,405,2029,66.68
769,406,2029,66.68
769,415,902,29.68
769,423,1360,44.68
769,426,1055,34.68
769,1817,902,29.68
39292,1117,1299,42.68
39292,1634,1664,54.68
31220,304,1664,54.68
31220,305,1664,54.68
4721,305,1452,47.68
4721,306,1572,51.68
4721,1640,1572,51.68
56952,1215,1452,47.68
56952,1701,2882,94.68
89077,708,1421,46.68
89077,1614,1330,43.68
89077,1616,1421,46.68
89077,1617,1421,46.68
89077,1622,1391,45.68
89077,1634,1421,46.68
11829,405,4068,133.68
11829,406,4068,133.68
11829,407,4068,133.68
11829,1112,2547,83.68
11829,1898,2547,83.68
44137,305,1330,43.68
44137,1111,1756,57.68
44137,1817,1845,60.68
29374,406,1330,43.68
29374,1605,1907,62.68
29374,1703,2029,66.68
29374,1817,1330,43.68
4177,201,1238,40.68
4177,304,2699,88.68
4177,504,902,29.68
4177,705,1695,55.68
4177,713,3612,118.68
4177,1634,1907,62.68
4177,1701,4494,147.68
4177,1703,4494,147.68
4177,1801,933,30.68
57592,432,964,31.68
57592,1112,1115,36.68
57592,1701,1421,46.68
57592,1801,1480,48.68
65158,1617,1845,60.68
65158,1635,1664,54.68
64619,108,2302,75.68
64619,432,1299,42.68
60396,1102,2760,90.68
60396,304,3064,100.68
60396,305,2852,93.68
60396,311,3064,100.68
60396,423,1330,43.68
40515,206,2486,81.68
40515,498,1086,35.68
40515,1113,1360,44.68
72564,304,2302,75.68
72564,305,2302,75.68
72564,307,2302,75.68
6813,304,2425,79.68
6813,1617,4374,143.68
51307,201,2241,73.68
51307,206,1998,65.68
51307,712,1998,65.68
3157,1801,1360,44.68
89318,428,1725,56.68
89318,1298,2363,77.68
89318,1498,1238,40.68
90603,1111,3490,114.68
90603,1898,3490,114.68
76290,1704,2151,70.68
7183,1810,4221,138.68
90954,304,1480,48.68
81062,1637,902,29.68
97825,410,1268,41.68
97825,1627,1207,39.68
90932,708,841,27.68
79536,1215,1876,61.68
28547,313,1664,54.68
28547,1617,1664,54.68
28547,1622,1664,54.68
28547,1634,1664,54.68
1980,201,933,30.68
1980,414,872,28.68
1980,915,2852,93.68
1980,1105,2941,96.68
1980,1701,4037,132.68
1980,1703,1391,45.68
1980,1801,3247,106.68
1980,1998,1268,41.68
53950,423,994,32.68
53950,1312,933,30.68
53950,1709,2151,70.68
86331,202,1299,42.68
86331,1617,1391,45.68
86331,1803,1695,55.68
86331,1816,1603,52.68
3565,411,994,32.68
3565,423,2821,92.68
70333,398,3612,118.68
70333,304,1845,60.68
70333,313,3612,118.68
70333,809,2425,79.68
70333,1117,3247,106.68
70333,1622,2516,82.68
86417,108,994,32.68
86417,298,933,30.68
86417,429,933,30.68
86417,713,1055,34.68
74782,305,1360,44.68
74782,1110,1299,42.68
50684,305,1299,42.68
50684,307,2821,92.68
50684,426,3156,103.68
50684,428,1299,42.68
50684,498,1299,42.68
50684,1701,5073,166.68
55972,304,1360,44.68
55972,305,1360,44.68
55972,307,1360,44.68
55972,498,902,29.68
55972,1617,3278,107.68
55972,1801,872,28.68
31411,1605,1391,45.68
19100,304,902,29.68
19100,305,902,29.68
26849,108,1542,50.68
75843,304,3398,111.68
75843,708,1055,34.68
75843,1113,3217,105.68
79295,304,933,30.68
79295,412,1695,55.68
79295,421,841,27.68
79295,426,2029,66.68
79295,712,933,30.68
79295,1605,2090,68.68
79295,1705,2029,66.68
79295,1816,2060,67.68
79295,1817,994,32.68
79717,102,994,32.68
79717,202,964,31.68
79717,203,5285,173.68
79717,408,1725,56.68
79717,411,2760,90.68
79717,423,2791,91.68
79717,428,2852,93.68
79717,432,1998,65.68
79717,504,1633,53.68
79717,519,1633,53.68
79717,604,872,28.68
79717,605,2821,92.68
79717,1105,2821,92.68
79717,1106,1664,54.68
79717,1113,1664,54.68
79717,1601,3612,118.68
79717,1605,902,29.68
79717,1614,1968,64.68
79717,1903,1998,65.68
14813,304,1817,59.68
14813,407,1452,47.68
33988,304,1238,40.68
90084,428,1786,58.68
90084,1801,3824,125.68
90084,1813,4313,141.68
48637,503,1146,37.68
48637,509,902,29.68
48637,304,1299,42.68
48637,305,1299,42.68
48637,498,1207,39.68
48637,516,902,29.68
48637,519,1115,36.68
48637,604,1115,36.68
48637,605,1115,36.68
48637,1813,1664,54.68
34,1605,1817,59.68
92474,304,2607,85.68
92474,305,2607,85.68
92474,504,3551,116.68
92474,1108,3977,130.68
92474,1111,1268,41.68
92474,1701,3278,107.68
92474,1806,1633,53.68
90691,304,1115,36.68
90691,411,2455,80.68
90691,705,3643,119.68
90691,1617,3886,127.68
90691,1701,2852,93.68
90691,1705,2029,66.68
90691,1710,2729,89.68
90691,1812,2852,93.68
718,304,1968,64.68
718,1119,2060,67.68
718,1817,3702,121.68
98327,1703,1146,37.68
98327,1898,841,27.68
76092,1117,660,21.68
76092,1215,780,25.68
76092,1630,3459,113.68
65790,1622,1238,40.68
65790,1801,1480,48.68
47876,423,1633,53.68
47876,1622,1998,65.68
47876,1640,1998,65.68
47876,1798,1725,56.68
62860,1605,3794,124.68
62860,1801,3094,101.68
77334,203,2333,76.68
77334,705,1937,63.68
77334,708,1695,55.68
77334,898,1146,37.68
77334,1605,3186,104.68
77334,1801,1756,57.68
77334,1812,2425,79.68
80448,423,1786,58.68
80448,1605,2302,75.68
8022,1701,3278,107.68
8022,1801,1725,56.68
8022,1815,1756,57.68
8022,1816,2852,93.68
37871,1015,5377,176.68
37871,1898,1633,53.68
50693,305,1115,36.68
50693,612,1207,39.68
50693,1117,1055,34.68
83793,1810,1786,58.68
73895,1816,1330,43.68
35247,307,964,31.68
35247,1805,964,31.68
9348,915,2363,77.68
9348,1812,1177,38.68
9348,1813,1177,38.68
98212,307,1330,43.68
98212,712,2638,86.68
98212,1605,2394,78.68
99560,1605,749,24.68
72254,408,3278,107.68
72254,412,3278,107.68
72254,712,3278,107.68
72254,1113,1572,51.68
72254,1622,3490,114.68
72254,1701,3337,109.68
72254,1817,2455,80.68
34480,406,1086,35.68
34480,709,872,28.68
34480,1798,1086,35.68
617,1627,2913,95.68
617,1704,2729,89.68
31066,107,4037,132.68
31066,1215,2972,97.68
63717,423,933,30.68
63717,1605,2972,97.68
82655,306,1238,40.68
82655,405,3278,107.68
82655,406,3278,107.68
82655,410,3278,107.68
82655,424,3278,107.68
82655,1105,2210,72.68
82655,1113,1603,52.68
82655,1616,2547,83.68
82655,1801,1725,56.68
82655,1898,2210,72.68
91681,313,1876,61.68
86357,307,1146,37.68
86357,1622,933,30.68
59112,102,933,30.68
59112,201,933,30.68
59112,205,933,30.68
59112,598,1421,46.68
69638,304,1511,49.68
69638,415,2607,85.68
17722,304,1695,55.68
17722,305,1695,55.68
17722,306,1695,55.68
17722,307,1695,55.68
17722,426,4951,162.68
17722,428,1330,43.68
17722,720,4859,159.68
17722,911,2090,68.68
17722,1013,4982,163.68
17722,1112,1664,54.68
17722,1117,5163,169.68
17722,1614,2455,80.68
17722,1616,5012,164.68
17722,1709,3886,127.68
67622,798,2972,97.68
67622,1105,1876,61.68
67622,1605,3186,104.68
67622,1617,2913,95.68
91819,404,2121,69.68
91819,1215,1968,64.68
19260,304,1115,36.68
19260,305,2151,70.68
100591,304,749,24.68
100591,305,749,24.68
100591,415,2151,70.68
100591,432,1146,37.68
100591,1817,1633,53.68
89215,1601,2182,71.68
44239,198,4037,132.68
44239,305,1360,44.68
44239,798,4008,131.68
44239,1805,4525,148.68
44239,1817,1086,35.68
28604,408,1086,35.68
28604,1804,6169,202.68
77550,116,964,31.68
77550,202,2972,97.68
77550,406,964,31.68
77550,1113,1146,37.68
77550,1812,4008,131.68
77550,1898,4313,141.68
87826,1805,1998,65.68
6609,713,1360,44.68
6609,1622,1055,34.68
6609,1801,1756,57.68
88698,432,1025,33.68
37892,109,994,32.68
37892,198,994,32.68
37892,305,2210,72.68
37892,306,2210,72.68
24197,202,2121,69.68
24197,428,933,30.68
24197,1898,2791,91.68
1821,105,6228,204.68
1821,403,6228,204.68
1821,1703,5743,188.68
1821,1801,5377,176.68
1821,1812,3855,126.68
1821,1898,5804,190.68
17556,102,2121,69.68
17556,409,2090,68.68
17556,1110,2121,69.68
17556,1307,2241,73.68
17556,1617,1907,62.68
24266,203,1452,47.68
24266,708,1391,45.68
24266,1617,1452,47.68
24266,1698,1452,47.68
27779,198,2241,73.68
27779,208,1146,37.68
27779,432,1055,34.68
27779,908,1268,41.68
27779,1113,1907,62.68
27779,1627,2760,90.68
27779,1810,4494,147.68
27779,1817,2821,92.68
25933,206,1817,59.68
25933,209,6108,200.68
25933,1110,1845,60.68
45138,305,2425,79.68
45138,514,841,27.68
45138,911,994,32.68
45138,1637,5713,187.68
1930,504,964,31.68
1930,1113,1511,49.68
30560,423,3977,130.68
30560,1113,1391,45.68
30560,1614,872,28.68
88469,206,5469,179.68
88469,304,568,18.68
88469,423,5073,166.68
88469,604,902,29.68
88469,605,902,29.68
88469,709,537,17.68
45567,202,1299,42.68
45567,708,1177,38.68
82563,304,1725,56.68
82563,305,1360,44.68
82563,306,1025,33.68
82563,405,1603,52.68
82563,705,1115,36.68
82563,707,1360,44.68
82563,708,1086,35.68
82563,1609,2060,67.68
82563,1801,1786,58.68
70280,998,1876,61.68
85813,1812,1391,45.68
85813,1817,841,27.68
25127,304,1146,37.68
25127,305,1146,37.68
25127,1798,1025,33.68
56125,605,964,31.68
56125,1605,2972,97.68
50045,498,1786,58.68
50045,713,4068,133.68
50045,1108,964,31.68
1986,398,1391,45.68
1986,310,1391,45.68
97965,304,1664,54.68
97965,305,1664,54.68
97965,307,1664,54.68
97965,410,3125,102.68
97965,412,2029,66.68
97965,498,2060,67.68
97965,504,2060,67.68
97965,1117,5651,185.68
97965,1617,5560,182.68
82045,306,1177,38.68
82045,1619,1177,38.68
86299,202,811,26.68
74803,1637,964,31.68
54101,504,2210,72.68
54101,202,1664,54.68
54101,412,2090,68.68
54101,504,2210,72.68
54101,713,1725,56.68
54101,1605,1299,42.68
54101,1617,2121,69.68
68304,304,1511,49.68
68304,311,2607,85.68
68304,914,2272,74.68
68304,1117,2272,74.68
68304,1898,2272,74.68
1619,305,1817,59.68
1619,307,1817,59.68
1619,405,1968,64.68
1619,432,1968,64.68
1619,1113,1998,65.68
1619,1810,2425,79.68
27375,304,1299,42.68
27375,712,2060,67.68
27375,1111,994,32.68
27375,1803,994,32.68
12176,1811,1695,55.68
12176,1817,1299,42.68
103005,305,1845,60.68
103005,307,1845,60.68
103005,398,1845,60.68
103005,1304,1876,61.68
103005,1617,2363,77.68
103005,1812,1603,52.68
93400,1617,841,27.68
43427,304,1146,37.68
43427,306,2972,97.68
43427,307,1146,37.68
43427,408,2241,73.68
43427,410,2607,85.68
43427,414,2241,73.68
43427,426,3094,101.68
75876,201,1146,37.68
75876,202,933,30.68
75876,205,1146,37.68
75876,304,1391,45.68
75876,1110,4068,133.68
33522,1802,2852,93.68
10071,307,2852,93.68
10071,1111,1572,51.68
10071,1601,2882,94.68
47847,708,1572,51.68
47847,1105,872,28.68
47847,1609,1572,51.68
47847,1898,872,28.68
47328,411,841,27.68
47328,1704,1603,52.68
85259,304,1238,40.68
85259,305,2607,85.68
85259,498,2090,68.68
85259,504,1238,40.68
85259,1710,4008,131.68
13862,305,1572,51.68
13862,306,1572,51.68
13862,408,4555,149.68
13862,412,4555,149.68
13862,423,4555,149.68
13862,426,4494,147.68
13862,428,1360,44.68
13862,608,872,28.68
13862,708,3582,117.68
13862,712,4555,149.68
13862,1113,1756,57.68
60677,1709,2029,66.68
90705,1801,1299,42.68
91336,414,3094,101.68
91336,1627,4190,137.68
91336,1898,3886,127.68
52893,398,1268,41.68
52893,708,1330,43.68
56859,1627,1238,40.68
56859,1709,1695,55.68
56859,1817,994,32.68
17911,415,994,32.68
17911,424,902,29.68
17911,428,2821,92.68
17911,429,994,32.68
17911,610,1115,36.68
25652,205,1511,49.68
25652,1627,2791,91.68
25652,1812,5804,190.68
92091,705,1876,61.68
92091,1705,2852,93.68
92091,1801,2394,78.68
37840,411,1452,47.68
37840,412,1086,35.68
37840,423,1695,55.68
37840,604,660,21.68
37840,1801,1238,40.68
64929,305,4555,149.68
64929,1117,2547,83.68
64929,1817,1725,56.68
13664,304,1146,37.68
13664,305,1421,46.68
37623,108,1177,38.68
37623,713,3247,106.68
37623,1640,2729,89.68
53174,1110,1876,61.68
93273,411,3003,98.68
93273,426,1360,44.68
93273,428,1664,54.68
82491,102,1876,61.68
82491,205,2090,68.68
82491,304,3186,104.68
82491,305,3186,104.68
82491,406,5285,173.68
82491,412,5163,169.68
82491,504,6624,217.68
82491,512,2090,68.68
82491,605,2090,68.68
82491,910,933,30.68
82491,1105,1725,56.68
82491,1637,4647,152.68
82491,1898,1725,56.68
54766,206,1268,41.68
54766,423,994,32.68
51976,1105,1086,35.68
37331,405,2699,88.68
40870,404,3186,104.68
40870,410,3186,104.68
40870,713,1480,48.68
40870,914,1146,37.68
40870,1105,1086,35.68
13388,1108,1330,43.68
13388,1617,1633,53.68
61773,104,2060,67.68
61773,304,1238,40.68
61773,405,1330,43.68
61773,1298,2060,67.68
57432,1105,2029,66.68
57432,1622,1207,39.68
57432,1810,1633,53.68
43593,304,964,31.68
43593,406,933,30.68
43593,798,964,31.68
43593,1312,1421,46.68
46482,798,1238,40.68
46482,1622,1207,39.68
9095,311,1756,57.68
9095,1617,1876,61.68
59967,719,1998,65.68
59967,914,933,30.68
59967,1704,1725,56.68
48540,498,1511,49.68
48540,1801,1511,49.68
76996,1634,1391,45.68
77,1617,2455,80.68
77,1801,994,32.68
77,1817,2060,67.68
56047,410,2486,81.68
56047,411,2486,81.68
68762,304,1177,38.68
68762,305,4586,150.68
68762,504,1177,38.68
68762,809,1268,41.68
68762,1110,1725,56.68
68762,1111,2852,93.68
68762,1113,2852,93.68
68762,1216,1146,37.68
68762,1708,1268,41.68
102547,1110,2151,70.68
102547,1215,1876,61.68
96616,426,2151,70.68
96616,1809,933,30.68
83232,915,2090,68.68
83232,1015,2090,68.68
83232,1617,2241,73.68
83232,1622,2210,72.68
27359,1801,1542,50.68
9078,712,2394,78.68
84115,305,2210,72.68
84115,1014,2638,86.68
84115,1622,964,31.68
40626,1312,2272,74.68
100571,202,1360,44.68
100571,404,1360,44.68
100571,423,1360,44.68
100571,712,994,32.68
100571,714,994,32.68
100571,1111,994,32.68
100571,1210,994,32.68
100571,1637,3337,109.68
100571,1898,660,21.68
4226,202,1421,46.68
4226,304,1086,35.68
4226,313,3094,101.68
4226,405,1664,54.68
4226,1015,3003,98.68
4226,1708,1695,55.68
10347,705,1786,58.68
10347,708,1086,35.68
27526,712,1299,42.68
27526,1110,1299,42.68
70303,109,3582,117.68
70303,305,2363,77.68
70303,510,1603,52.68
77946,1617,2516,82.68
34082,304,1025,33.68
34082,307,1025,33.68
34082,412,4678,153.68
34082,432,4678,153.68
34082,498,4678,153.68
34082,898,1025,33.68
34082,1111,2241,73.68
34082,1112,2241,73.68
34082,1113,2241,73.68
34082,1212,2241,73.68
34082,1810,5835,191.68
48142,305,1268,41.68
48142,306,1268,41.68
48142,311,1268,41.68
48142,707,3947,129.68
48142,1014,1725,56.68
46466,304,4221,138.68
46466,504,902,29.68
46466,914,1299,42.68
46466,915,1299,42.68
46466,916,872,28.68
46466,1117,4586,150.68
46466,1704,1511,49.68
32374,1605,902,29.68
2890,116,1937,63.68
2890,304,841,27.68
2890,411,2913,95.68
2890,428,1360,44.68
2890,432,2090,68.68
2890,504,872,28.68
2890,714,994,32.68
2890,908,964,31.68
2890,911,964,31.68
2890,915,994,32.68
2890,1117,4160,136.68
63874,1110,1115,36.68
63874,1627,2852,93.68
63874,1798,1817,59.68
63874,1812,1115,36.68
63874,1898,1115,36.68
8861,304,1115,36.68
94367,298,780,25.68
13215,304,1268,41.68
75918,198,1817,59.68
75918,1898,1330,43.68
43,1627,2425,79.68
75395,1701,1817,59.68
75395,1817,2852,93.68
76411,102,3337,109.68
76411,304,4798,157.68
76411,305,1876,61.68
76411,809,2241,73.68
76411,908,1511,49.68
57721,1605,4647,152.68
57721,1627,4282,140.68
61899,108,2029,66.68
61899,304,1146,37.68
61899,709,2302,75.68
61899,1622,2638,86.68
61899,1701,1177,38.68
67415,202,1025,33.68
67415,304,902,29.68
67415,305,1845,60.68
67415,411,1725,56.68
67415,1113,1786,58.68
67415,1627,902,29.68
67415,1801,3033,99.68
89252,205,1330,43.68
89252,407,3490,114.68
89252,426,3490,114.68
89252,1298,1817,59.68
89252,1804,4586,150.68
58809,202,1968,64.68
58809,1117,3064,100.68
58809,1605,1238,40.68
58809,1801,2638,86.68
26390,101,2455,80.68
26390,102,2455,80.68
26390,103,2455,80.68
26390,119,2455,80.68
26390,298,902,29.68
26390,304,3278,107.68
26390,305,1725,56.68
26390,504,2151,70.68
26390,916,2151,70.68
26390,1117,3947,129.68
26390,1605,5104,167.68
26390,1701,4313,141.68
26390,1817,1115,36.68
26390,1898,1786,58.68
43835,709,1360,44.68
43835,1801,1238,40.68
40516,1701,4647,152.68
40516,1801,2882,94.68
7797,403,5925,194.68
7797,704,5925,194.68
7797,304,2486,81.68
7797,305,2486,81.68
7797,423,3643,119.68
7797,424,2425,79.68
7797,426,2882,94.68
7797,1605,3306,108.68
4128,201,1207,39.68
4128,304,1603,52.68
4128,305,1603,52.68
4128,404,3643,119.68
4128,605,1845,60.68
4128,708,1817,59.68
4128,803,1391,45.68
4128,1110,1633,53.68
4128,1112,1633,53.68
4128,1209,3582,117.68
4128,1617,1360,44.68
71237,1117,1238,40.68
42521,305,1330,43.68
14301,908,994,32.68
14301,1113,1511,49.68
76111,428,2638,86.68
40895,708,1817,59.68
40895,715,1817,59.68
79840,1617,1695,55.68
7169,408,1695,55.68
7169,1801,3217,105.68
102029,1105,1055,34.68
102029,1898,1025,33.68
95983,310,5163,169.68
95983,709,5163,169.68
95983,712,5163,169.68
28478,412,1299,42.68
28478,426,1299,42.68
28478,1609,1330,43.68
8006,202,994,32.68
8006,305,1907,62.68
8006,398,1907,62.68
11272,504,1603,52.68
11272,504,1603,52.68
64890,406,964,31.68
64890,432,964,31.68
64890,1605,1268,41.68
26022,915,3186,104.68
26022,1606,1756,57.68
26022,1622,1207,39.68
26022,1898,1937,63.68
334,304,4068,133.68
334,305,3886,127.68
334,504,2425,79.68
334,714,1177,38.68
334,1113,3156,103.68
334,1215,933,30.68
9279,305,2576,84.68
9279,423,1664,54.68
9279,715,1786,58.68
9279,1637,2607,85.68
32887,304,811,26.68
32887,406,811,26.68
32887,498,811,26.68
32887,1113,811,26.68
32887,1801,2060,67.68
32887,1813,1238,40.68
3502,304,2729,89.68
3502,306,2729,89.68
3502,428,1115,36.68
3502,1701,2241,73.68
3502,1813,1845,60.68
3502,1817,1664,54.68
51993,108,902,29.68
51993,1804,3247,106.68
73014,714,1968,64.68
27282,1627,933,30.68
27282,1798,3551,116.68
92373,498,1542,50.68
19378,423,3217,105.68
19378,1801,2425,79.68
35524,425,4494,147.68
35524,1705,3671,120.68
35524,1801,4068,133.68
35524,1817,3794,124.68
10301,915,2729,89.68
10301,1113,1207,39.68
11525,305,1452,47.68
11525,307,1480,48.68
11525,504,964,31.68
16097,305,4525,148.68
16097,311,4525,148.68
16097,713,4129,135.68
16097,1634,4647,152.68
91427,305,872,28.68
91427,398,933,30.68
91427,798,3612,118.68
91427,1601,2791,91.68
91427,1627,3156,103.68
13712,102,1268,41.68
13712,304,1268,41.68
13712,305,1268,41.68
13712,898,1511,49.68
13712,1305,994,32.68
13712,1307,1511,49.68
30746,202,5163,169.68
30746,205,1876,61.68
30746,304,1695,55.68
30746,305,1695,55.68
30746,307,1695,55.68
30746,1701,5012,164.68
30746,1710,1572,51.68
30746,1810,5377,176.68
57221,102,1725,56.68
57221,108,2913,95.68
57221,304,2029,66.68
57221,428,2852,93.68
57221,1118,2729,89.68
57221,1801,4586,150.68
57221,1898,1542,50.68
97028,104,1360,44.68
97028,412,1299,42.68
97028,607,1330,43.68
97028,712,1268,41.68
97028,1007,2182,71.68
97028,1015,2151,70.68
97028,1703,1391,45.68
97028,1801,1480,48.68
95905,202,1511,49.68
95905,803,1511,49.68
95905,915,2241,73.68
95905,1801,1480,48.68
95905,1802,2821,92.68
16107,304,1268,41.68
16107,305,1268,41.68
16107,313,3003,98.68
16107,410,2516,82.68
16107,1015,2821,92.68
16107,1609,3003,98.68
16107,1622,1937,63.68
88317,102,1603,52.68
88317,205,1146,37.68
88317,304,1115,36.68
88317,305,1480,48.68
88317,915,1055,34.68
91955,408,2121,69.68
91955,1605,1633,53.68
91955,1701,811,26.68
91955,1817,2151,70.68
52812,201,1207,39.68
52812,304,872,28.68
52812,305,1603,52.68
52812,306,2791,91.68
85793,305,933,30.68
85793,307,933,30.68
85793,405,1786,58.68
85793,426,1817,59.68
85793,809,1360,44.68
85793,1312,2060,67.68
68947,1622,1391,45.68
83649,108,2090,68.68
83649,305,1238,40.68
83649,306,1238,40.68
83649,1605,1845,60.68
79978,1817,1025,33.68
13803,1598,1786,58.68
13803,1198,1786,58.68
102703,1616,507,16.68
102703,1698,507,16.68
16836,305,2121,69.68
16836,405,1998,65.68
16836,898,1025,33.68
16836,1801,1025,33.68
77986,1198,2151,70.68
77986,304,1146,37.68
77986,1104,2151,70.68
77986,1112,2151,70.68
77986,1113,2151,70.68
77986,1801,933,30.68
50667,102,1876,61.68
50667,306,2607,85.68
50667,413,1511,49.68
50667,1113,1876,61.68
77993,914,933,30.68
77993,1617,1633,53.68
77993,1801,1725,56.68
44983,205,1055,34.68
44983,304,933,30.68
92720,408,1055,34.68
92720,1609,1299,42.68
92720,1617,1299,42.68
92720,1817,780,25.68
59646,708,1086,35.68
59646,717,1055,34.68
59646,720,1055,34.68
59646,1801,1299,42.68
40362,1801,3125,102.68
40362,1813,1268,41.68
40362,1817,1907,62.68
3161,101,2210,72.68
3161,102,1511,49.68
3161,118,1511,49.68
3161,120,1542,50.68
3161,198,1511,49.68
3161,306,1968,64.68
3161,713,1299,42.68
3161,898,1238,40.68
3161,916,1360,44.68
3161,1198,811,26.68
3161,1619,2972,97.68
46045,610,933,30.68
31374,421,1937,63.68
31374,916,2852,93.68
97323,305,1725,56.68
97323,711,1299,42.68
23722,998,1360,44.68
23722,1113,1452,47.68
23722,1803,5255,172.68
44391,1817,2121,69.68
92561,104,3521,115.68
92561,202,872,28.68
92561,305,1480,48.68
92561,504,1146,37.68
92561,916,811,26.68
92561,1817,964,31.68
29665,198,1695,55.68
29665,916,2791,91.68
29665,1605,1330,43.68
80571,305,1115,36.68
80571,306,1115,36.68
80571,411,2302,75.68
80571,426,2516,82.68
80571,713,3702,121.68
80571,1117,3459,113.68
90528,411,660,21.68
90528,423,660,21.68
90528,498,660,21.68
90528,798,4586,150.68
90528,809,4586,150.68
90528,1113,933,30.68
23600,1801,1055,34.68
9991,1801,964,31.68
71229,304,1330,43.68
71229,428,2029,66.68
71229,432,2486,81.68
71229,914,1452,47.68
71229,1634,2668,87.68
79508,1817,2151,70.68
45647,411,1330,43.68
45647,428,1725,56.68
45647,1605,2060,67.68
99220,1605,3094,101.68
36614,304,1725,56.68
36614,305,1725,56.68
36614,411,1360,44.68
36614,423,1025,33.68
36614,504,1876,61.68
36614,1634,1207,39.68
91712,202,4647,152.68
91712,406,4494,147.68
91712,407,4494,147.68
91712,423,4647,152.68
91712,426,4494,147.68
91712,428,2090,68.68
91712,915,1786,58.68
91712,1110,1786,58.68
83381,1605,994,32.68
68478,414,2668,87.68
68478,713,3125,102.68
68478,1113,3094,101.68
68478,1605,3429,112.68
68478,1634,3429,112.68
68478,1637,3429,112.68
50926,1616,1542,50.68
21859,1605,1998,65.68
21859,1640,1998,65.68
87819,107,4920,161.68
87819,120,841,27.68
87819,305,2394,78.68
87819,307,2394,78.68
87819,1117,4343,142.68
87819,1637,4586,150.68
87819,1801,2821,92.68
87819,1816,3855,126.68
87819,1817,902,29.68
39514,304,2638,86.68
39514,712,2060,67.68
39514,906,6228,204.68
39514,1804,6412,210.68
39514,1805,6412,210.68
46519,426,4037,132.68
46519,1801,902,29.68
46519,1812,2699,88.68
46519,1817,4586,150.68
63494,107,4221,138.68
63494,306,1115,36.68
63494,405,1115,36.68
63494,803,3186,104.68
63494,1305,3278,107.68
45431,504,994,32.68
45431,1198,1360,44.68
45431,202,994,32.68
45431,423,994,32.68
45431,504,964,31.68
45431,705,933,30.68
45431,1117,1360,44.68
45431,1798,1480,48.68
7648,198,2425,79.68
7648,203,1299,42.68
7648,428,1876,61.68
7648,1305,2882,94.68
24855,304,1725,56.68
24855,305,1725,56.68
24855,1640,1207,39.68
42571,1804,1360,44.68
88660,708,994,32.68
53362,102,780,25.68
53362,306,1207,39.68
53362,432,3977,130.68
48162,1627,2060,67.68
48162,1637,2182,71.68
48162,1640,1968,64.68
84199,311,994,32.68
84199,1609,1055,34.68
84199,1637,1055,34.68
89926,1701,1115,36.68
89926,1898,964,31.68
91799,198,1115,36.68
91799,305,841,27.68
91799,306,1360,44.68
91799,423,3551,116.68
91799,713,3429,112.68
91799,1816,1603,52.68
91799,1898,1786,58.68
92551,304,872,28.68
92551,306,872,28.68
92551,406,2607,85.68
92551,428,872,28.68
92551,1113,1115,36.68
92551,1215,1025,33.68
92551,1617,2090,68.68
92551,1701,2821,92.68
92551,1801,1360,44.68
79778,504,2060,67.68
79778,504,2060,67.68
25059,202,1025,33.68
25059,406,1025,33.68
25059,412,1025,33.68
91072,426,1876,61.68
91072,504,1876,61.68
91072,514,1146,37.68
91072,911,1146,37.68
91072,1105,3156,103.68
91072,1113,1876,61.68
24309,1704,1238,40.68
80146,423,1025,33.68
80146,915,1299,42.68
80146,1609,1695,55.68
80146,1698,902,29.68
80146,1812,2151,70.68
80146,1816,1025,33.68
1910,1407,1511,49.68
1910,1622,1511,49.68
1910,1802,1207,39.68
11150,1215,2182,71.68
843,304,2516,82.68
843,305,2516,82.68
94454,1216,721,23.68
56293,412,4647,152.68
56293,1105,2699,88.68
56293,1701,2638,86.68
56293,1898,2699,88.68
26181,1812,2060,67.68
31672,305,1756,57.68
31672,598,1299,42.68
31672,1701,994,32.68
49026,1298,3064,100.68
49026,1816,1115,36.68
61571,202,1603,52.68
61571,304,1695,55.68
61571,809,1421,46.68
61571,1108,2272,74.68
61571,1617,1968,64.68
84315,304,872,28.68
51828,405,902,29.68
51828,1627,1633,53.68
51828,1704,1695,55.68
96135,1215,1452,47.68
30559,712,2333,76.68
30559,1110,2241,73.68
30559,1627,2090,68.68
13007,608,1055,34.68
13007,1211,1055,34.68
13007,1898,3551,116.68
80871,305,476,15.68
80871,504,1725,56.68
80871,602,2821,92.68
80871,1117,1238,40.68
80871,1615,690,22.68
68262,432,1452,47.68
68262,1601,1452,47.68
68262,1810,3947,129.68
68262,1812,3947,129.68
55844,1198,3824,125.68
55844,306,872,28.68
55844,405,2486,81.68
55844,406,2486,81.68
55844,412,2486,81.68
55844,414,2486,81.68
55844,426,2486,81.68
55844,712,2486,81.68
55844,915,2486,81.68
55844,916,1937,63.68
55844,1104,3824,125.68
55844,1113,2121,69.68
91458,306,1452,47.68
91458,1706,1756,57.68
44248,713,1998,65.68
44248,719,994,32.68
44248,1117,1937,63.68
97190,1817,721,23.68
89242,304,872,28.68
89242,708,1817,59.68
96154,1102,4739,155.68
96154,304,660,21.68
96154,706,811,26.68
96154,1105,4374,143.68
96154,1113,2913,95.68
96154,1801,5469,179.68
68324,1624,1421,46.68
32792,1627,2060,67.68
71247,1612,1421,46.68
51480,202,2425,79.68
51480,405,3278,107.68
51480,1113,2151,70.68
51480,1627,2852,93.68
83946,304,1025,33.68
83946,305,1025,33.68
83946,916,872,28.68
83946,1801,3094,101.68
43107,202,2363,77.68
43107,407,2090,68.68
43107,426,2363,77.68
89074,398,2791,91.68
7803,205,1511,49.68
7803,304,1756,57.68
7803,305,1756,57.68
7803,914,1817,59.68
7803,1111,1452,47.68
96052,407,872,28.68
96052,1812,872,28.68
68038,412,1115,36.68
68038,915,1299,42.68
68038,1113,2241,73.68
68038,1801,4617,151.68
61443,423,1786,58.68
33,1598,4739,155.68
33,1106,964,31.68
33,1117,4739,155.68
86215,205,902,29.68
86215,304,902,29.68
86215,306,902,29.68
86215,1113,902,29.68
86215,1298,2852,93.68
22480,1815,933,30.68
22480,1817,2363,77.68
4701,705,1299,42.68
63015,305,1998,65.68
63015,306,2060,67.68
63015,406,2852,93.68
77479,305,3429,112.68
77479,306,3429,112.68
77479,404,3794,124.68
77479,428,1572,51.68
77479,1112,3643,119.68
77479,1117,3794,124.68
77479,1312,1207,39.68
77479,1898,4099,134.68
65276,304,994,32.68
91013,198,994,32.68
91013,112,994,32.68
91013,405,872,28.68
91013,1617,994,32.68
28746,1801,690,22.68
28746,1802,599,19.68
64685,809,1086,35.68
64685,1640,1360,44.68
65972,511,1146,37.68
65972,512,1146,37.68
65972,1312,2699,88.68
39165,304,1695,55.68
39165,798,2791,91.68
39165,1801,2455,80.68
88428,411,1998,65.68
88428,708,3582,117.68
63438,202,2882,94.68
63438,305,1511,49.68
63438,411,2394,78.68
63438,1801,1268,41.68
24930,304,1391,45.68
24930,307,1391,45.68
24930,407,994,32.68
24930,1015,1086,35.68
24870,1117,1817,59.68
24870,1803,2060,67.68
2903,304,1968,64.68
2903,305,1968,64.68
2903,408,964,31.68
26625,1704,1115,36.68
83634,1110,3947,129.68
29200,205,1421,46.68
29200,504,2821,92.68
29200,1118,1115,36.68
29200,1817,1025,33.68
96185,411,994,32.68
96185,498,872,28.68
96185,809,1511,49.68
96185,1113,1177,38.68
96185,1312,1421,46.68
96185,1801,841,27.68
47471,1198,5163,169.68
47471,304,1421,46.68
47471,311,4708,154.68
47471,1801,4982,163.68
89637,412,3794,124.68
5659,102,2852,93.68
5659,109,1330,43.68
5659,202,1664,54.68
5659,205,1756,57.68
5659,605,1391,45.68
5659,705,1511,49.68
5659,1112,1391,45.68
5659,1616,6716,220.68
5659,1619,6716,220.68
5659,1622,6716,220.68
5659,1637,6716,220.68
5659,1802,6565,215.68
5659,1817,811,26.68
57134,498,811,26.68
57134,1605,1360,44.68
57134,1634,1664,54.68
57134,1704,1480,48.68
38278,504,2121,69.68
33587,1817,1086,35.68
33587,1898,1238,40.68
77570,304,2729,89.68
77570,705,4343,142.68
91663,102,902,29.68
91663,116,902,29.68
91663,504,1633,53.68
91663,514,1633,53.68
91663,516,841,27.68
91663,519,841,27.68
91663,911,1511,49.68
91663,1113,1115,36.68
91663,1307,1115,36.68
50132,304,902,29.68
50132,1801,872,28.68
58163,1701,4313,141.68
9194,304,1360,44.68
9194,306,1360,44.68
9194,803,1238,40.68
9194,1105,2486,81.68
9194,1113,2090,68.68
9194,1309,1086,35.68
9194,1637,1998,65.68
9194,1801,2486,81.68
96791,406,8330,273.68
96791,407,8330,273.68
85220,202,964,31.68
85220,306,1268,41.68
85220,406,964,31.68
85220,1110,3582,117.68
85220,1627,3521,115.68
70142,198,4099,134.68
70142,201,3733,122.68
70142,202,4099,134.68
70142,205,3733,122.68
70142,304,3490,114.68
70142,305,3490,114.68
70142,307,3490,114.68
70142,424,4099,134.68
70142,711,1086,35.68
70142,714,3490,114.68
70142,915,1086,35.68
70142,916,1268,41.68
70142,1110,2090,68.68
70142,1111,2090,68.68
70142,1113,2090,68.68
70142,1204,2090,68.68
70142,1210,2090,68.68
82677,305,1817,59.68
82677,311,3582,117.68
82677,404,3247,106.68
82677,410,3247,106.68
82677,411,3247,106.68
82677,1801,3551,116.68
80735,101,872,28.68
80735,103,872,28.68
80735,109,872,28.68
80735,112,872,28.68
80735,116,872,28.68
80735,120,1391,45.68
80735,412,2182,71.68
80735,426,2182,71.68
80735,712,2182,71.68
80735,1805,1572,51.68
19189,198,3306,108.68
19189,304,2972,97.68
19189,306,2241,73.68
19189,1215,1876,61.68
86214,202,3977,130.68
86214,406,4343,142.68
86214,426,4343,142.68
86214,1803,1391,45.68
86214,1813,1238,40.68
86214,1816,1360,44.68
83132,1627,2029,66.68
96336,206,1268,41.68
96336,504,2699,88.68
49608,504,1025,33.68
49608,1117,1299,42.68
49608,1627,1299,42.68
39126,504,2516,82.68
39126,404,2151,70.68
39126,498,2151,70.68
39126,1619,2151,70.68
97373,304,780,25.68
27746,304,1876,61.68
27746,405,964,31.68
27746,408,1360,44.68
27746,414,2090,68.68
27746,423,2060,67.68
27746,426,2060,67.68
27746,1609,3916,128.68
85325,1801,2516,82.68
5738,1098,2638,86.68
5738,1817,1421,46.68
7866,426,1786,58.68
7866,1614,2029,66.68
32883,1801,1177,38.68
75837,411,964,31.68
75837,414,1452,47.68
75837,428,1238,40.68
75837,498,994,32.68
72747,608,2760,90.68
72747,705,1238,40.68
72747,908,2394,78.68
72747,1113,1998,65.68
72747,1710,1603,52.68
17637,1619,2941,96.68
86251,313,1664,54.68
86251,426,1421,46.68
86251,714,1146,37.68
74747,116,1511,49.68
74747,304,1146,37.68
74747,305,1115,36.68
74747,407,2425,79.68
74747,411,2090,68.68
74747,602,1603,52.68
74747,809,964,31.68
74747,1010,2241,73.68
74747,1012,1786,58.68
74747,1117,2607,85.68
74747,1605,5621,184.68
74747,1634,5590,183.68
511,305,2913,95.68
511,1105,1177,38.68
511,1701,1542,50.68
511,1898,1756,57.68
79178,405,964,31.68
79178,1812,964,31.68
62842,426,2151,70.68
62842,1605,3033,99.68
62842,1618,2941,96.68
62842,1701,1511,49.68
62842,1898,1238,40.68
33131,406,1086,35.68
29075,306,3186,104.68
29075,1806,1391,45.68
29075,1807,1391,45.68
29075,1809,3855,126.68
29075,1810,3947,129.68
29075,1811,3521,115.68
29075,1812,3125,102.68
29075,1813,3916,128.68
29075,1898,2821,92.68
87621,809,994,32.68
87621,1305,2791,91.68
87074,428,1025,33.68
87074,1215,1572,51.68
69660,423,1238,40.68
69660,1628,1603,52.68
69660,1812,1725,56.68
38525,304,1360,44.68
38525,1622,2210,72.68
38525,1703,1756,57.68
98470,298,629,20.68
98470,709,721,23.68
98470,712,721,23.68
98470,1634,721,23.68
48213,1215,1452,47.68
48213,1617,2272,74.68
48213,1817,964,31.68
102524,305,1238,40.68
52222,305,1330,43.68
52744,1617,1238,40.68
52744,1801,1115,36.68
83566,1622,1330,43.68
46982,401,1238,40.68
67893,306,1968,64.68
67893,1701,1603,52.68
83139,809,994,32.68
34511,102,2516,82.68
34511,1105,1756,57.68
34511,1112,1756,57.68
34511,1613,4313,141.68
85641,203,1542,50.68
85641,708,994,32.68
85641,914,1115,36.68
85641,916,1115,36.68
97157,102,872,28.68
97157,304,2151,70.68
97157,305,2151,70.68
97157,428,2151,70.68
97157,504,872,28.68
97157,705,721,23.68
97157,914,3521,115.68
97157,1205,690,22.68
14996,102,1238,40.68
14996,304,1146,37.68
14996,305,1146,37.68
14996,306,1146,37.68
14996,307,1146,37.68
14996,411,872,28.68
14996,1117,2729,89.68
60200,1614,1664,54.68
60200,1627,2029,66.68
32563,102,2760,90.68
32563,104,2882,94.68
32563,205,1664,54.68
32563,304,2760,90.68
32563,306,1268,41.68
32563,1113,1998,65.68
32563,1637,2486,81.68
32563,1798,4374,143.68
32563,1801,2607,85.68
32563,1817,2486,81.68
32563,1898,1998,65.68
32563,1998,2486,81.68
87951,306,2241,73.68
87951,398,2241,73.68
87951,914,1452,47.68
87951,1805,2241,73.68
101053,304,1086,35.68
101053,432,1055,34.68
101053,1627,1025,33.68
101053,1634,2333,76.68
101053,1812,1998,65.68
101053,1817,1115,36.68
60326,107,1845,60.68
82620,304,2182,71.68
82620,305,2182,71.68
82620,306,2182,71.68
82620,1617,3217,105.68
82620,1709,6808,223.68
40744,203,1391,45.68
90524,1617,1480,48.68
90524,1817,1086,35.68
194,708,2576,84.68
194,915,2882,94.68
21521,108,933,30.68
21521,202,1146,37.68
43816,201,2241,73.68
43816,1627,1817,59.68
88743,1617,1299,42.68
62648,798,933,30.68
62648,1106,2029,66.68
11946,116,2151,70.68
11946,201,1299,42.68
11946,909,2699,88.68
11946,1812,2333,76.68
52039,202,902,29.68
52039,423,1146,37.68
52039,1701,2913,95.68
52039,1809,2638,86.68
9962,201,2941,96.68
9962,298,2941,96.68
9962,411,2791,91.68
9962,426,2972,97.68
9962,432,2791,91.68
9962,1605,2668,87.68
9962,1617,2272,74.68
9962,1898,1664,54.68
46903,1110,3521,115.68
65774,426,1786,58.68
65774,498,1299,42.68
93546,1298,1452,47.68
93546,1215,2547,83.68
93546,1609,2668,87.68
93546,1812,2607,85.68
93546,1813,1633,53.68
58983,408,1299,42.68
58983,410,1207,39.68
58983,1801,3125,102.68
58983,1813,2607,85.68
88879,201,1025,33.68
88879,202,2607,85.68
88879,205,1025,33.68
88879,605,6259,205.68
88879,1803,964,31.68
13297,206,1725,56.68
13297,1617,3947,129.68
13297,1637,2821,92.68
13297,1703,1268,41.68
1148,109,1330,43.68
1148,305,3671,120.68
1148,1113,2090,68.68
97799,108,1086,35.68
97799,298,721,23.68
97799,1617,1055,34.68
97799,1698,1025,33.68
97799,1817,749,24.68
33737,102,1177,38.68
169,109,1207,39.68
169,605,964,31.68
169,1113,1421,46.68
75919,304,2241,73.68
75919,306,1542,50.68
75919,424,3278,107.68
75919,498,964,31.68
75919,1622,1907,62.68
75919,1634,3278,107.68
75919,1637,3368,110.68
71919,102,1268,41.68
71919,118,1268,41.68
71919,305,5682,186.68
71919,307,5804,190.68
71919,514,1664,54.68
71919,803,2821,92.68
71919,908,1664,54.68
71919,1626,1664,54.68
71919,1627,4555,149.68
71919,1634,4767,156.68
71919,1801,5743,188.68
71919,1812,6777,222.68
39901,202,2425,79.68
39901,498,2060,67.68
39901,916,3337,109.68
39901,1601,2210,72.68
39901,1617,3398,111.68
39901,1802,2029,66.68
81926,1198,3337,109.68
81926,305,1146,37.68
81926,1117,2607,85.68
81926,1705,2852,93.68
14881,411,994,32.68
14881,423,964,31.68
14881,709,2151,70.68
78560,205,2972,97.68
78560,305,2607,85.68
78560,504,1086,35.68
78560,510,1086,35.68
78560,1215,1086,35.68
78560,1898,3612,118.68
22475,504,3186,104.68
22475,205,1299,42.68
22475,305,3186,104.68
22475,504,3186,104.68
40304,809,2394,78.68
40304,1617,2882,94.68
45910,426,933,30.68
45910,1617,933,30.68
45910,1627,1664,54.68
76182,304,1421,46.68
76182,306,1786,58.68
91995,101,902,29.68
91995,103,902,29.68
91995,120,902,29.68
91995,201,902,29.68
91995,304,933,30.68
90600,1804,2699,88.68
42038,304,1177,38.68
42038,305,1177,38.68
42038,1701,2852,93.68
94046,305,2486,81.68
94046,809,1146,37.68
94046,1015,3582,117.68
94046,1110,3306,108.68
94046,1605,5104,167.68
48349,108,1115,36.68
48349,202,384,12.68
48349,304,384,12.68
48349,504,2791,91.68
48349,605,384,12.68
48349,998,2363,77.68
48349,1113,1207,39.68
48349,1119,2791,91.68
48349,1817,3156,103.68
43316,1801,1695,55.68
22421,305,1238,40.68
22421,306,1238,40.68
22421,411,1360,44.68
22421,423,872,28.68
22421,425,3521,115.68
22421,426,1055,34.68
22421,1112,3398,111.68
22421,1113,902,29.68
22421,1117,3186,104.68
22421,1701,2882,94.68
93488,202,2760,90.68
93488,412,3886,127.68
93488,1627,2394,78.68
78658,428,1633,53.68
84509,198,872,28.68
84509,111,872,28.68
84509,1616,964,31.68
5858,498,2972,97.68
5858,608,1542,50.68
5858,1113,2607,85.68
5858,1813,3125,102.68
61223,1801,1268,41.68
61223,1812,1421,46.68
33242,104,2425,79.68
33242,408,1025,33.68
33242,426,1025,33.68
33242,519,2060,67.68
33242,605,2060,67.68
33242,809,3824,125.68
53391,102,1086,35.68
53391,1811,5621,184.68
53391,1816,2210,72.68
21328,426,1360,44.68
90334,915,2121,69.68
60304,304,1756,57.68
60304,414,994,32.68
60304,1798,994,32.68
76879,1215,2210,72.68
36865,201,4402,144.68
36865,707,3947,129.68
36865,1701,872,28.68
36865,1703,933,30.68
36865,1704,4282,140.68
36865,1810,4221,138.68
57594,398,629,20.68
57594,1117,3398,111.68
57594,1617,3247,106.68
57594,1817,2486,81.68
93147,1812,841,27.68
77810,202,1695,55.68
77810,313,4402,144.68
77810,405,2029,66.68
77810,1205,1207,39.68
59597,428,1633,53.68
60863,202,3459,113.68
60863,411,1907,62.68
60863,412,3459,113.68
60863,712,3459,113.68
60863,1813,1756,57.68
60863,1817,1664,54.68
63085,305,1391,45.68
63085,1801,2121,69.68
99053,504,4555,149.68
99053,1301,3855,126.68
99053,1312,3855,126.68
99053,1701,5408,177.68
99053,1801,1055,34.68
83239,1704,1146,37.68
83239,1812,1086,35.68
71907,705,1603,52.68
71907,1816,2425,79.68
71907,1817,2913,95.68
904,305,1268,41.68
22239,104,1177,38.68
22239,108,1664,54.68
22239,109,1177,38.68
22239,304,1360,44.68
22239,305,1360,44.68
22239,307,1360,44.68
22239,432,3824,125.68
22239,709,3824,125.68
93228,305,1391,45.68
93228,1813,3459,113.68
49359,1106,2210,72.68
49359,1110,2210,72.68
49359,1113,1845,60.68
49359,1698,1268,41.68
2400,305,1876,61.68
2400,307,2060,67.68
2400,910,3977,130.68
2400,916,3977,130.68
37126,101,2121,69.68
37126,103,2182,71.68
37126,201,1391,45.68
37126,205,1391,45.68
37126,304,2210,72.68
37126,398,2210,72.68
37126,423,5986,196.68
37126,504,933,30.68
37126,512,933,30.68
37126,605,6655,218.68
37126,708,1786,58.68
37126,711,1786,58.68
37126,915,5104,167.68
37126,1215,933,30.68
37126,1803,2151,70.68
37126,1898,933,30.68
84869,101,2241,73.68
84869,102,2241,73.68
84869,201,1511,49.68
84869,304,2821,92.68
84869,305,2821,92.68
84869,504,933,30.68
84869,809,933,30.68
84869,914,4678,153.68
84869,915,933,30.68
84869,1110,1664,54.68
84869,1117,1664,54.68
87429,1113,1299,42.68
87429,1619,1025,33.68
87429,1803,1299,42.68
87429,1805,1299,42.68
87429,1809,1299,42.68
87429,1810,2121,69.68
90185,901,1817,59.68
90185,405,933,30.68
90185,428,2972,97.68
90185,1105,1725,56.68
90185,1106,933,30.68
90185,1798,2121,69.68
90185,1801,3247,106.68
89298,305,1391,45.68
89298,914,1268,41.68
89298,1815,2516,82.68
53024,304,2882,94.68
53024,305,2882,94.68
53024,307,2882,94.68
53024,705,3306,108.68
51154,102,2547,83.68
51154,201,1756,57.68
51154,208,1542,50.68
51154,305,2182,71.68
51154,428,2090,68.68
51154,606,1542,50.68
51154,809,2060,67.68
51154,1105,2913,95.68
87642,108,841,27.68
87642,798,902,29.68
5821,310,2972,97.68
5821,498,1817,59.68
5821,1804,2913,95.68
32146,1601,1817,59.68
91926,306,2394,78.68
91926,504,1025,33.68
91926,1701,1177,38.68
91926,1709,933,30.68
91926,1801,2029,66.68
97770,415,1207,39.68
97770,426,4617,151.68
97770,428,2729,89.68
97770,711,1238,40.68
97770,712,4555,149.68
97770,916,629,20.68
97770,1815,3551,116.68
85371,104,964,31.68
85371,428,3217,105.68
85371,713,4859,159.68
85371,1609,2516,82.68
44714,1105,933,30.68
44714,1705,1480,48.68
5265,915,2121,69.68
5265,1605,2302,75.68
5265,1617,2151,70.68
66179,304,933,30.68
66179,305,1725,56.68
66179,411,1330,43.68
66179,423,1086,35.68
66179,1622,2060,67.68
32799,202,2972,97.68
32799,1106,2241,73.68
32799,1112,2972,97.68
4213,1098,2547,83.68
4213,1801,3824,125.68
70975,404,3217,105.68
70975,1803,2425,79.68
92447,1801,1452,47.68
12215,304,2882,94.68
12215,305,2882,94.68
12215,307,2882,94.68
12215,705,3916,128.68
12215,1113,2913,95.68
12215,1803,1360,44.68
28209,205,749,24.68
28209,898,3490,114.68
28209,1112,994,32.68
28209,1798,1480,48.68
28209,1801,4739,155.68
28209,1803,4920,161.68
28209,1898,994,32.68
90701,304,1086,35.68
90701,409,994,32.68
90701,1801,2913,95.68
90701,1812,2121,69.68
45929,202,1330,43.68
45929,406,1907,62.68
46561,305,1391,45.68
46561,306,1391,45.68
46561,411,2791,91.68
46561,432,2029,66.68
46561,713,3429,112.68
46561,1637,1786,58.68
6365,1110,3612,118.68
85052,107,1480,48.68
85052,423,3247,106.68
85052,1622,3278,107.68
85052,1704,1845,60.68
8499,713,933,30.68
14069,1105,2941,96.68
14069,1709,3521,115.68
88369,306,1086,35.68
95759,304,721,23.68
95759,307,721,23.68
95759,432,994,32.68
95759,915,1937,63.68
95759,1637,1177,38.68
44139,202,2852,93.68
44139,304,1998,65.68
44139,916,1055,34.68
44139,1806,3612,118.68
44139,1810,3612,118.68
99468,304,690,22.68
99468,306,6838,224.68
38051,305,1937,63.68
38051,306,1542,50.68
38051,1617,1025,33.68
37007,1198,2638,86.68
37007,1801,2090,68.68
37007,1810,2638,86.68
36028,1798,1025,33.68
30011,428,1968,64.68
14111,712,4402,144.68
14111,1106,994,32.68
14111,1627,4282,140.68
14111,1817,3916,128.68
82180,305,1876,61.68
82180,306,1876,61.68
82180,307,1876,61.68
82180,309,1845,60.68
82180,404,1876,61.68
82180,504,1876,61.68
82180,712,1360,44.68
82180,1098,1876,61.68
60416,109,1817,59.68
60416,304,1817,59.68
60416,408,1421,46.68
60416,426,933,30.68
11632,425,1603,52.68
11632,1014,1542,50.68
1577,119,1725,56.68
30538,1312,3094,101.68
44410,304,4798,157.68
44410,307,4798,157.68
44410,1106,1876,61.68
44410,1298,4798,157.68
44410,1627,2821,92.68
59805,1812,933,30.68
47414,998,1664,54.68
47414,1622,2060,67.68
92595,1703,964,31.68
16093,1801,3156,103.68
16093,1812,2182,71.68
95687,405,1299,42.68
100197,1105,964,31.68
100197,1106,964,31.68
100197,1112,1360,44.68
33690,198,3033,99.68
33130,304,1115,36.68
33130,411,2760,90.68
33130,432,1360,44.68
33130,708,1360,44.68
36394,407,2090,68.68
36394,426,2090,68.68
36394,1605,1480,48.68
94413,432,1695,55.68
94413,1627,2607,85.68
94413,1801,2121,69.68
82223,1616,1421,46.68
46120,406,599,19.68
46120,407,599,19.68
46120,414,994,32.68
20294,202,1299,42.68
20294,415,1238,40.68
20294,1605,1238,40.68
20294,1609,1452,47.68
42856,1098,6047,198.68
42856,104,1330,43.68
42856,304,1998,65.68
42856,305,1998,65.68
42856,309,1998,65.68
42856,407,994,32.68
42856,426,994,32.68
42856,1801,2576,84.68
20574,120,1115,36.68
20574,1110,1086,35.68
20574,1604,1115,36.68
86610,604,1146,37.68
86610,1803,1299,42.68
77448,1198,1725,56.68
77448,304,476,15.68
77448,305,476,15.68
77448,306,476,15.68
77448,425,2272,74.68
77448,1110,1725,56.68
77448,1605,1633,53.68
77448,1698,2272,74.68
77448,1801,1299,42.68
16700,1605,1330,43.68
16700,1609,1480,48.68
16700,1617,1421,46.68
16700,1626,1480,48.68
77129,305,1391,45.68
77129,309,1391,45.68
77129,1701,1452,47.68
77129,1804,1968,64.68
5652,426,2821,92.68
5652,1616,1115,36.68
5652,1898,2913,95.68
25534,304,2029,66.68
25534,708,1268,41.68
25534,1634,5043,165.68
40849,304,1268,41.68
40849,915,1299,42.68
40849,998,1299,42.68
34232,1098,3916,128.68
34232,1704,1299,42.68
34232,1801,3977,130.68
36405,1616,1268,41.68
78044,305,2333,76.68
78044,306,2333,76.68
45783,398,1360,44.68
45783,1609,3033,99.68
45783,1617,3033,99.68
18737,304,1299,42.68
18737,306,2121,69.68
18737,307,1299,42.68
18737,498,2121,69.68
18737,1112,1360,44.68
47712,1630,1725,56.68
47712,1640,994,32.68
70161,108,5347,175.68
70161,198,1299,42.68
70161,298,1391,45.68
70161,411,4586,150.68
70161,713,2425,79.68
18715,713,2913,95.68
18715,1898,2913,95.68
16399,313,2394,78.68
7546,1306,2029,66.68
60926,304,1572,51.68
60926,305,1572,51.68
60926,916,1360,44.68
60926,1106,841,27.68
24892,104,1845,60.68
24892,305,2182,71.68
24892,514,1845,60.68
24892,910,1146,37.68
24892,1105,2882,94.68
24892,1305,1025,33.68
24892,1307,2547,83.68
24892,1310,2852,93.68
25947,102,1876,61.68
25947,405,4920,161.68
25947,712,4374,143.68
25947,1113,1360,44.68
67480,108,902,29.68
38089,411,1146,37.68
38089,432,1146,37.68
45802,414,1086,35.68
45802,809,3398,111.68
92834,102,1876,61.68
92834,202,3337,109.68
92834,205,1876,61.68
92834,304,1025,33.68
92834,498,1695,55.68
92834,606,872,28.68
92834,915,1391,45.68
4110,1627,1146,37.68
77215,1617,1817,59.68
77215,1801,1207,39.68
31273,1605,5285,173.68
31273,1812,3855,126.68
27129,1205,964,31.68
27129,1312,1511,49.68
95115,498,1391,45.68
95115,1637,2972,97.68
68361,412,7569,248.68
68361,1801,3916,128.68
80971,602,2516,82.68
80971,916,1695,55.68
80971,1305,2029,66.68
82742,1637,2791,91.68
82742,1801,2455,80.68
82742,1898,2151,70.68
86574,1102,3916,128.68
86574,909,2760,90.68
86574,1112,3916,128.68
12777,504,2486,81.68
12777,809,1876,61.68
12777,1617,1391,45.68
12777,1817,1330,43.68
12777,1898,2241,73.68
98173,108,2090,68.68
98173,109,690,22.68
98173,304,902,29.68
98173,410,2060,67.68
98173,412,1330,43.68
98173,426,690,22.68
98173,712,2821,92.68
98173,1801,2821,92.68
98173,1803,2821,92.68
29822,1801,1086,35.68
63786,1801,1207,39.68
102995,1812,1511,49.68
80728,798,2425,79.68
80728,108,1115,36.68
80728,804,964,31.68
80728,916,933,30.68
55534,1215,2060,67.68
89838,428,1817,59.68
89838,432,1025,33.68
89838,1013,4282,140.68
89838,1110,1268,41.68
89838,1113,2121,69.68
89838,1701,1542,50.68
49023,304,2151,70.68
49023,1605,2852,93.68
44337,410,964,31.68
80979,1605,2699,88.68
96971,107,1664,54.68
93734,305,872,28.68
93734,1110,1177,38.68
93734,1627,2241,73.68
93734,1634,2852,93.68
93734,1816,3947,129.68
91369,1312,2241,73.68
91369,1804,4282,140.68
91369,1805,4282,140.68
91369,1812,1299,42.68
83755,305,933,30.68
83755,1117,3916,128.68
76421,601,1391,45.68
76421,102,1177,38.68
76421,201,1391,45.68
76421,304,1177,38.68
76421,307,1177,38.68
76421,601,1391,45.68
76421,610,1207,39.68
76421,711,1025,33.68
76421,1113,1391,45.68
76421,1117,1207,39.68
87102,305,872,28.68
67855,1701,1115,36.68
36691,1001,2576,84.68
36691,304,1421,46.68
36691,432,994,32.68
36691,498,1299,42.68
36691,1601,2455,80.68
36691,1698,2060,67.68
36691,1898,2029,66.68
62337,426,1299,42.68
87101,118,902,29.68
87101,1801,2241,73.68
87101,1811,2182,71.68
102907,1605,1025,33.68
102907,1801,629,20.68
13876,101,1876,61.68
13876,102,2241,73.68
13876,202,1876,61.68
13876,205,1876,61.68
13876,304,2241,73.68
13876,305,4798,157.68
13876,426,5163,169.68
13876,914,4282,140.68
13876,1305,4068,133.68
23664,202,902,29.68
23664,408,1695,55.68
23664,705,902,29.68
23664,712,902,29.68
27634,415,1725,56.68
27634,914,1756,57.68
27634,1304,3064,100.68
27634,1637,2882,94.68
27634,1701,2272,74.68
671,1802,964,31.68
178,898,1299,42.68
178,1598,1299,42.68
178,432,1360,44.68
178,898,1664,54.68
178,1802,1360,44.68
178,1817,1268,41.68
178,1898,933,30.68
65407,407,1238,40.68
65407,421,1268,41.68
65407,423,1268,41.68
65407,1630,1299,42.68
89922,305,1480,48.68
89922,412,1086,35.68
89922,916,902,29.68
80681,1703,1025,33.68
27949,201,2333,76.68
27949,512,1845,60.68
27949,1298,872,28.68
17017,305,1115,36.68
17017,601,5043,165.68
17017,607,5043,165.68
17017,1113,1146,37.68
17017,1216,994,32.68
72549,304,1998,65.68
72549,307,1086,35.68
72549,610,964,31.68
72549,1305,1299,42.68
14534,102,1876,61.68
14534,306,1268,41.68
14534,915,1268,41.68
14534,1113,2394,78.68
14534,1701,3702,121.68
14534,1705,3306,108.68
14534,1810,5073,166.68
14534,1817,1695,55.68
84808,1701,872,28.68
41809,304,1146,37.68
41809,1703,1330,43.68
41809,1817,1268,41.68
92033,1110,872,28.68
90526,304,1238,40.68
90526,305,1238,40.68
37765,112,933,30.68
4536,498,2791,91.68
4536,498,2791,91.68
4536,1310,3886,127.68
14459,1113,1511,49.68
14459,1306,1146,37.68
14459,1312,2241,73.68
26012,504,5073,166.68
26012,205,994,32.68
26012,304,4068,133.68
26012,307,4068,133.68
26012,411,4920,161.68
26012,424,964,31.68
26012,512,2272,74.68
26012,519,2272,74.68
26012,809,2272,74.68
26012,1105,3156,103.68
46158,1801,2272,74.68
78398,1801,994,32.68
78398,1817,1421,46.68
68357,1622,1603,52.68
68357,1634,1603,52.68
101919,305,2121,69.68
101919,1898,1633,53.68
23304,304,933,30.68
23304,405,4678,153.68
23304,803,1876,61.68
53328,104,994,32.68
53328,109,994,32.68
53328,110,994,32.68
53328,305,1086,35.68
53328,504,4068,133.68
53328,605,994,32.68
53328,612,902,29.68
53328,1111,1360,44.68
43143,1312,2060,67.68
80353,1812,1115,36.68
27173,1801,1146,37.68
1059,305,3398,111.68
1059,714,1146,37.68
7022,998,1542,50.68
7022,1704,933,30.68
9278,102,2241,73.68
9278,304,3306,108.68
9278,305,1603,52.68
9278,916,2241,73.68
9278,1105,2241,73.68
9278,1111,2210,72.68
9278,1112,2272,74.68
9278,1801,5774,189.68
9278,1802,1725,56.68
90065,914,2060,67.68
90065,916,2425,79.68
90065,1106,1786,58.68
90065,1113,1786,58.68
90065,1605,4464,146.68
90065,1617,4343,142.68
90065,1801,1695,55.68
58025,498,2607,85.68
58025,1701,2182,71.68
88753,1801,5408,177.68
88753,1805,5438,178.68
88753,1817,1633,53.68
33305,304,1086,35.68
33305,305,1086,35.68
33305,306,1086,35.68
33305,307,1086,35.68
33305,405,1146,37.68
33305,423,1146,37.68
33305,1704,2363,77.68
33305,1809,1086,35.68
2114,298,1937,63.68
2114,404,1876,61.68
2114,405,3337,109.68
2114,407,4920,161.68
2114,409,1876,61.68
2114,411,4829,158.68
2114,424,5043,165.68
2114,708,2333,76.68
2114,711,1268,41.68
2114,1112,1907,62.68
2114,1215,3824,125.68
2114,1617,5043,165.68
2114,1628,4920,161.68
2114,1634,5043,165.68
2114,1902,1876,61.68
41836,398,2272,74.68
41836,306,2272,74.68
41836,410,1421,46.68
41836,426,2363,77.68
41836,712,4402,144.68
41836,798,1421,46.68
41836,898,1115,36.68
41836,1105,2972,97.68
41836,1113,2607,85.68
41836,1305,1330,43.68
45299,1105,933,30.68
45299,1117,1937,63.68
45299,1801,1146,37.68
45299,1898,933,30.68
90961,1637,1086,35.68
90961,1703,1664,54.68
62600,405,1025,33.68
62600,406,1146,37.68
62600,412,1025,33.68
62600,1106,1391,45.68
62600,1698,933,30.68
83109,1198,3429,112.68
83109,104,2607,85.68
83109,404,1664,54.68
3267,1105,2941,96.68
49074,102,1664,54.68
49074,103,1146,37.68
49074,109,3977,130.68
49074,304,3156,103.68
49074,307,3156,103.68
49074,498,1299,42.68
49074,605,1025,33.68
49074,713,3916,128.68
49074,1012,1695,55.68
49074,1105,1360,44.68
49074,1810,4221,138.68
49074,1898,1146,37.68
89860,412,994,32.68
9748,407,902,29.68
9748,706,1238,40.68
90202,104,1115,36.68
90202,205,1452,47.68
90202,1118,1633,53.68
90202,1307,841,27.68
95459,202,3247,106.68
95459,305,2090,68.68
95459,408,2516,82.68
95459,426,2516,82.68
95459,1701,2972,97.68
58326,398,933,30.68
58326,1113,1511,49.68
58326,1817,1115,36.68
58326,1898,3702,121.68
26102,120,1725,56.68
26102,1312,8054,264.68
83951,1622,933,30.68
40440,1640,3217,105.68
40440,1809,3977,130.68
73685,1605,933,30.68
73685,1634,1360,44.68
88923,101,933,30.68
88923,205,1360,44.68
88923,304,4617,151.68
88923,305,4617,151.68
88923,710,4920,161.68
88923,1117,4890,160.68
88923,1805,4890,160.68
88923,1817,4890,160.68
49467,102,1086,35.68
49467,202,690,22.68
49467,205,629,20.68
49467,304,568,18.68
49467,504,2090,68.68
49467,998,1086,35.68
49467,1298,690,22.68
18027,412,964,31.68
18027,712,964,31.68
18027,1605,1086,35.68
18532,304,1299,42.68
18532,305,1299,42.68
18532,407,841,27.68
18532,1801,1786,58.68
59096,1622,2394,78.68
59096,1634,2394,78.68
48031,304,1603,52.68
48031,706,1238,40.68
48031,1108,1968,64.68
6521,304,1633,53.68
6521,428,1633,53.68
6521,504,1268,41.68
6521,915,1146,37.68
6521,916,1086,35.68
6521,1617,5774,189.68
36829,108,1391,45.68
36829,1605,933,30.68
19674,304,933,30.68
19674,305,933,30.68
19674,307,933,30.68
19674,1014,1907,62.68
102378,306,629,20.68
102378,407,2729,89.68
102378,412,2729,89.68
102378,432,2333,76.68
102378,1605,3064,100.68
102378,1898,811,26.68
29020,304,2029,66.68
29020,305,2029,66.68
29020,428,1086,35.68
29020,1113,1086,35.68
20494,1105,3306,108.68
20494,1801,2394,78.68
20494,1817,3186,104.68
90575,398,780,25.68
32770,306,1115,36.68
32770,430,1360,44.68
32770,1703,1115,36.68
32770,1898,1115,36.68
1497,202,3763,123.68
1497,304,1299,42.68
1497,426,3521,115.68
1497,809,1055,34.68
1497,1803,4129,135.68
1497,1817,3306,108.68
101092,1605,568,18.68
52044,305,1756,57.68
52044,313,3094,101.68
52044,428,1756,57.68
52044,708,1268,41.68
52044,709,1268,41.68
52044,1117,2060,67.68
52044,1701,3003,98.68
52044,1704,1876,61.68
52044,1817,2060,67.68
52044,1898,2060,67.68
79039,298,1177,38.68
79039,304,1330,43.68
79039,431,1177,38.68
79039,713,3156,103.68
79039,714,3429,112.68
79039,798,3156,103.68
79039,911,1177,38.68
79039,1619,4037,132.68
79039,1898,3186,104.68
79039,1912,1177,38.68
21625,1701,2060,67.68
21625,1703,2060,67.68
73331,304,3247,106.68
73331,307,3247,106.68
73331,809,4008,131.68
73331,1801,3643,119.68
73331,1812,2182,71.68
73331,1813,1055,34.68
73331,1817,1725,56.68
2017,432,1511,49.68
2017,708,2241,73.68
2017,1698,3337,109.68
16092,202,2607,85.68
16092,1017,4402,144.68
22383,311,2941,96.68
87952,423,2151,70.68
87952,1619,2241,73.68
87952,1637,1511,49.68
87952,1801,1725,56.68
38779,305,2547,83.68
38779,311,2547,83.68
38779,1601,1238,40.68
38779,1627,1238,40.68
20255,202,5529,181.68
20255,206,1207,39.68
20255,404,2882,94.68
20255,411,3551,116.68
20255,432,3551,116.68
20255,1110,1845,60.68
20255,1113,2882,94.68
20255,1311,2547,83.68
90559,1598,3794,124.68
90559,304,872,28.68
90559,423,3824,125.68
90559,1110,3794,124.68
90559,1698,3824,125.68
51634,202,841,27.68
51634,1601,1086,35.68
40635,602,2241,73.68
40635,1106,2241,73.68
40635,1215,5438,178.68
44173,398,2029,66.68
44173,1112,1421,46.68
44173,1898,1603,52.68
52454,1898,1421,46.68
78737,104,872,28.68
78737,304,2241,73.68
78737,305,1207,39.68
78737,429,1268,41.68
45497,305,2182,71.68
45497,498,4343,142.68
45497,1113,1452,47.68
45497,1605,2121,69.68
45497,1801,1725,56.68
45497,1804,4678,153.68
26756,102,446,14.68
26756,306,3947,129.68
26756,406,446,14.68
26756,1198,446,14.68
26756,1205,568,18.68
26756,1810,2060,67.68
26756,1812,1421,46.68
26756,1817,537,17.68
34172,1898,5774,189.68
17854,405,1511,49.68
17854,1113,1511,49.68
97629,307,780,25.68
97629,504,1725,56.68
97629,1105,721,23.68
97629,1198,721,23.68
97629,1617,2821,92.68
97629,1898,721,23.68
90702,1206,1725,56.68
78865,504,1115,36.68
87190,598,4617,151.68
87190,305,1055,34.68
87190,398,1055,34.68
87190,908,1876,61.68
87190,1622,3947,129.68
87190,1640,3156,103.68
87959,304,872,28.68
87959,306,872,28.68
87959,915,2607,85.68
87959,1106,872,28.68
87959,1113,872,28.68
87959,1709,3977,130.68
87959,1813,1633,53.68
87959,1898,1725,56.68
88354,102,1452,47.68
88354,504,1968,64.68
34712,1598,5194,170.68
34712,306,1480,48.68
34712,415,5163,169.68
34712,428,3886,127.68
34712,504,1055,34.68
34712,1630,5132,168.68
34712,1801,3582,117.68
34712,1817,1299,42.68
97079,102,2516,82.68
97079,1801,3094,101.68
12737,1609,1817,59.68
12737,1637,1330,43.68
32511,426,3064,100.68
32511,914,1115,36.68
32511,1816,4920,161.68
7917,423,933,30.68
7917,426,1817,59.68
7917,1801,2121,69.68
90922,304,2972,97.68
90922,407,1452,47.68
90922,1113,2699,88.68
90922,1627,2821,92.68
90922,1637,1968,64.68
90922,1801,3582,117.68
53325,1105,1876,61.68
53325,1801,1542,50.68
53325,1802,1360,44.68
54582,101,1664,54.68
54582,202,1207,39.68
54582,304,1146,37.68
54582,504,1572,51.68
54582,604,1115,36.68
54582,605,1055,34.68
54582,911,1391,45.68
54582,1701,1330,43.68
9227,101,1086,35.68
9227,103,1086,35.68
9227,108,1086,35.68
9227,116,1086,35.68
9227,118,1086,35.68
9227,119,1086,35.68
9227,120,1086,35.68
9227,708,4798,157.68
9227,714,4798,157.68
9227,1105,2425,79.68
9227,1106,2972,97.68
9227,1113,2972,97.68
9227,1215,2151,70.68
92021,1605,1299,42.68
29377,102,994,32.68
29377,305,2486,81.68
61896,713,1238,40.68
61896,1617,1146,37.68
86657,1810,872,28.68
83621,1622,1603,52.68
83621,1634,1603,52.68
9167,501,2882,94.68
9167,507,2882,94.68
9167,306,2882,94.68
9167,310,3551,116.68
9167,504,2882,94.68
9167,507,2882,94.68
9167,518,2882,94.68
9167,1801,2090,68.68
9167,1812,2547,83.68
9167,1898,2913,95.68
29087,305,1086,35.68
29087,1106,1480,48.68
22905,423,1937,63.68
75136,1117,1756,57.68
75136,1701,1360,44.68
75136,1817,1086,35.68
66215,504,7689,252.68
66215,102,2972,97.68
66215,104,1756,57.68
66215,205,1876,61.68
66215,305,2151,70.68
66215,504,7689,252.68
66215,514,1756,57.68
66215,708,1756,57.68
66215,908,1330,43.68
66215,1205,1421,46.68
66215,1801,1421,46.68
69569,108,1756,57.68
69569,201,1572,51.68
69569,202,3033,99.68
69569,206,1937,63.68
69569,428,5621,184.68
69569,711,1146,37.68
69569,915,1146,37.68
69569,916,2060,67.68
69569,1106,1146,37.68
69569,1112,1572,51.68
69569,1216,2029,66.68
25135,108,749,24.68
54603,101,1207,39.68
54603,102,1207,39.68
54603,103,1207,39.68
54603,120,1421,46.68
54603,405,4555,149.68
54603,406,1055,34.68
54603,707,1845,60.68
54603,1106,1025,33.68
54603,1803,1025,33.68
41690,1198,1268,41.68
10870,1198,2182,71.68
10870,426,1664,54.68
10870,1117,2182,71.68
10870,1798,994,32.68
7548,304,933,30.68
7548,1617,2760,90.68
7548,1801,1421,46.68
85298,407,902,29.68
85298,412,2729,89.68
6815,116,1146,37.68
6815,205,1055,34.68
6815,305,1055,34.68
6815,306,1055,34.68
6815,1113,4708,154.68
6815,1312,1786,58.68
6815,1708,1086,35.68
10405,108,902,29.68
35284,1803,872,28.68
34717,1813,1330,43.68
16122,602,3643,119.68
16122,604,3643,119.68
16122,712,3582,117.68
58334,304,841,27.68
58334,408,1937,63.68
58334,1605,1845,60.68
10557,1198,933,30.68
92521,102,1725,56.68
92521,205,1725,56.68
92521,307,2363,77.68
67976,202,964,31.68
67976,405,964,31.68
47248,305,1817,59.68
47248,411,1817,59.68
47248,1601,1817,59.68
47248,1627,1817,59.68
53899,202,933,30.68
53899,705,902,29.68
58136,304,1725,56.68
58136,1605,2547,83.68
58136,1701,1876,61.68
58136,1703,1360,44.68
39746,405,902,29.68
39746,1637,1421,46.68
89910,202,2607,85.68
8273,304,872,28.68
8273,305,872,28.68
8273,404,1725,56.68
8273,405,1725,56.68
8273,1117,3643,119.68
48962,201,3763,123.68
48962,1801,3186,104.68
58535,432,872,28.68
78589,102,2486,81.68
78589,104,1025,33.68
78589,205,1756,57.68
78589,304,1756,57.68
78589,305,1025,33.68
78589,307,1025,33.68
78589,915,2852,93.68
78589,998,2852,93.68
92846,108,841,27.68
92846,1609,1146,37.68
99515,1617,629,20.68
40738,798,933,30.68
71206,1112,2060,67.68
71206,1813,2394,78.68
55273,306,5073,166.68
55273,398,5377,176.68
55273,432,2060,67.68
55273,498,1725,56.68
55273,705,3337,109.68
55273,708,1146,37.68
55273,713,4647,152.68
55273,809,4647,152.68
55273,1110,2455,80.68
55273,1605,5408,177.68
55273,1609,4798,157.68
55273,1698,4433,145.68
55273,1801,1725,56.68
55273,1817,4617,151.68
32749,709,1115,36.68
32749,710,3247,106.68
32749,1817,994,32.68
92241,713,902,29.68
1632,398,1817,59.68
1632,426,1330,43.68
1632,1106,1268,41.68
1632,1617,1968,64.68
1632,1805,1756,57.68
86931,412,1299,42.68
86931,1704,1452,47.68
86931,1708,1025,33.68
49703,198,1725,56.68
49703,916,4829,158.68
49703,1198,1360,44.68
34941,305,1725,56.68
34941,306,1725,56.68
34941,307,1725,56.68
34941,311,2760,90.68
74741,1617,1177,38.68
72054,1117,3551,116.68
40630,304,2060,67.68
40630,305,2060,67.68
40630,415,1146,37.68
40630,504,1177,38.68
40630,516,1786,58.68
40630,612,1786,58.68
40630,709,1115,36.68
40630,1111,1177,38.68
40630,1210,1177,38.68
21558,109,1695,55.68
21558,1305,1238,40.68
21558,1701,4555,149.68
21558,1703,4008,131.68
21558,1704,5408,177.68
21558,1801,3094,101.68
32912,1627,1238,40.68
92533,304,1025,33.68
88040,1113,1603,52.68
88040,1407,994,32.68
1115,202,2913,95.68
1115,514,4008,131.68
1115,1113,1817,59.68
3445,411,3490,114.68
3445,715,5316,174.68
3445,916,1268,41.68
3445,1113,994,32.68
3445,1617,4617,151.68
3445,1701,3368,110.68
24712,423,1695,55.68
24712,426,1695,55.68
24712,429,1360,44.68
24712,1111,2090,68.68
24712,1210,2090,68.68
24712,1212,2090,68.68
24712,1816,3156,103.68
24712,1898,2090,68.68
11061,304,933,30.68
11061,305,933,30.68
90199,598,872,28.68
90199,704,2272,74.68
90199,798,872,28.68
90199,304,872,28.68
90199,428,1511,49.68
90199,1812,1633,53.68
76315,809,1725,56.68
76315,1111,964,31.68
76315,1210,964,31.68
76315,1709,1725,56.68
59896,1634,1695,55.68
12903,104,2972,97.68
12903,1111,6290,206.68
12903,1998,6290,206.68
5699,201,1756,57.68
5699,305,3217,105.68
5699,428,3459,113.68
5699,915,2241,73.68
95556,423,1817,59.68
95556,1605,2090,68.68
95556,1634,3247,106.68
95556,1898,780,25.68
88243,304,1391,45.68
88243,426,1756,57.68
88243,1210,1025,33.68
88243,1801,1845,60.68
78313,203,4433,145.68
78313,306,1603,52.68
78313,426,1055,34.68
78313,708,1025,33.68
78313,1805,2576,84.68
78313,1898,1086,35.68
94019,426,3551,116.68
94019,432,1572,51.68
94019,498,2090,68.68
94019,712,2363,77.68
94019,898,1817,59.68
94019,911,749,24.68
94019,1106,994,32.68
94019,1112,1998,65.68
31339,102,1115,36.68
31339,201,1115,36.68
31339,202,5104,167.68
31339,414,1115,36.68
31339,423,5012,164.68
31339,432,1177,38.68
31339,1112,1115,36.68
31339,1802,1055,34.68
31339,1803,4586,150.68
92009,398,841,27.68
92009,1898,841,27.68
29258,101,1998,65.68
29258,118,1998,65.68
29258,1812,2090,68.68
9389,101,476,15.68
9389,710,780,25.68
9389,712,780,25.68
9389,1106,537,17.68
9389,1113,537,17.68
94272,708,1086,35.68
94272,898,1086,35.68
94272,1601,1452,47.68
55108,304,1115,36.68
55108,1605,1177,38.68
55108,1622,1115,36.68
84782,304,933,30.68
84782,305,933,30.68
84782,914,1845,60.68
84782,1112,4464,146.68
84782,1616,2060,67.68
84782,1801,1603,52.68
84782,1898,4464,146.68
86673,498,933,30.68
86673,713,1115,36.68
86673,1617,1299,42.68
79390,304,1452,47.68
79390,305,1452,47.68
79390,428,1146,37.68
79390,713,2547,83.68
79390,1798,2547,83.68
42624,405,1238,40.68
42624,406,1238,40.68
42624,407,1238,40.68
42624,423,1238,40.68
42624,424,1238,40.68
42624,1812,933,30.68
84775,424,933,30.68
84775,1609,964,31.68
20661,201,5651,185.68
20661,305,872,28.68
20661,398,872,28.68
20661,498,1937,63.68
10506,608,1695,55.68
10506,803,1421,46.68
10506,1211,1664,54.68
10506,1816,3582,117.68
10506,1817,2090,68.68
66776,1815,1055,34.68
16436,423,1725,56.68
16436,426,1725,56.68
16436,1198,994,32.68
16436,1812,841,27.68
89969,1304,1086,35.68
89969,1801,1786,58.68
34265,108,2882,94.68
34265,916,1572,51.68
66563,406,1817,59.68
66563,411,2486,81.68
66563,1108,2272,74.68
66563,1798,2029,66.68
38198,719,1299,42.68
38198,1801,1115,36.68
36627,1898,2151,70.68
94777,116,1876,61.68
94777,304,780,25.68
94777,911,841,27.68
33224,1802,1086,35.68
33224,1810,1817,59.68
40772,102,1268,41.68
40772,898,1511,49.68
40772,1307,1511,49.68
38460,1704,994,32.68
38460,1801,1177,38.68
37367,119,1177,38.68
37367,1617,3398,111.68
37367,1898,1360,44.68
102325,304,1452,47.68
102325,412,2182,71.68
102325,708,1664,54.68
102325,712,2182,71.68
102325,1113,1238,40.68
102325,1801,1695,55.68
102325,1817,599,19.68
102325,1898,1817,59.68
90548,108,2029,66.68
90548,202,2182,71.68
31725,102,1299,42.68
31725,304,1299,42.68
31725,305,1299,42.68
31725,306,1299,42.68
31725,410,5043,165.68
31725,411,5043,165.68
31725,423,2699,88.68
31725,426,2699,88.68
31725,809,2241,73.68
31725,908,1664,54.68
31725,1637,5043,165.68
31725,1701,4767,156.68
88,1001,2121,69.68
14740,305,4859,159.68
14740,306,4859,159.68
14740,914,3064,100.68
14740,998,3064,100.68
14740,1113,1086,35.68
14740,1298,4313,141.68
14740,1898,3947,129.68
22282,305,994,32.68
22282,708,1086,35.68
22282,1805,1330,43.68
78597,403,1480,48.68
78597,704,1480,48.68
78597,916,1207,39.68
78597,1617,994,32.68
78597,1624,964,31.68
11318,406,1542,50.68
11318,412,1207,39.68
11318,426,1542,50.68
11318,708,1664,54.68
11318,712,1664,54.68
10386,803,3794,124.68
10386,1812,3916,128.68
10386,1813,3916,128.68
4498,305,1330,43.68
4498,916,4252,139.68
4498,1605,3977,130.68
4498,1817,2821,92.68
100005,102,749,24.68
4628,304,2090,68.68
4628,1810,4282,140.68
4628,1812,2486,81.68
57326,1701,1391,45.68
57326,1801,1572,51.68
65642,305,933,30.68
65642,313,3521,115.68
65642,426,3398,111.68
79533,1001,4617,151.68
79533,1305,1268,41.68
79533,1312,1268,41.68
4862,306,933,30.68
78181,108,1603,52.68
78181,404,1452,47.68
78181,713,1511,49.68
74374,1605,1268,41.68
7861,205,1207,39.68
7861,423,2821,92.68
7861,908,1756,57.68
7861,1113,1391,45.68
93942,1598,2455,80.68
51301,203,994,32.68
51301,304,1268,41.68
51301,415,2913,95.68
51301,1617,3429,112.68
51301,1634,3429,112.68
51301,1801,3003,98.68
51301,1810,3398,111.68
51301,1817,1146,37.68
56818,1898,2425,79.68
99511,1622,660,21.68
73524,1619,3278,107.68
73524,1812,2151,70.68
41171,307,1268,41.68
41171,1116,1542,50.68
11745,406,1207,39.68
90430,1001,1055,34.68
90430,108,1025,33.68
90430,1609,1086,35.68
90430,1812,994,32.68
76825,101,2241,73.68
76825,118,1876,61.68
76825,208,2121,69.68
76825,306,2607,85.68
76825,605,2121,69.68
76825,606,2121,69.68
76825,1801,3217,105.68
76825,1817,1115,36.68
33764,1622,2151,70.68
23484,1812,1391,45.68
97493,306,2455,80.68
97493,1105,1207,39.68
97493,1113,1207,39.68
97493,1704,3794,124.68
97493,1812,2638,86.68
65442,202,1695,55.68
65442,203,1695,55.68
65442,310,1695,55.68
65442,407,1695,55.68
65442,408,1421,46.68
65442,1117,1695,55.68
6255,304,1511,49.68
6255,305,1511,49.68
6255,504,2182,71.68
6255,809,1480,48.68
6255,1708,2425,79.68
41769,102,1238,40.68
41769,426,2821,92.68
51662,1617,1968,64.68
70801,415,1360,44.68
70801,1801,1268,41.68
82860,111,3337,109.68
82860,202,2607,85.68
82860,607,3643,119.68
82860,1108,2821,92.68
82860,1703,1907,62.68
82860,1898,2090,68.68
34193,202,964,31.68
34193,715,1115,36.68
79519,1598,3398,111.68
79519,198,3398,111.68
79519,916,2638,86.68
79519,1105,1542,50.68
79519,1605,3306,108.68
61164,101,1146,37.68
61164,102,1876,61.68
61164,304,2913,95.68
61164,305,2151,70.68
61164,306,2151,70.68
61164,405,4525,148.68
61164,410,4525,148.68
24199,398,2363,77.68
24199,1215,1055,34.68
86652,202,902,29.68
86652,307,1238,40.68
86652,426,902,29.68
86652,428,1238,40.68
86652,914,1756,57.68
86652,1701,2638,86.68
26384,202,2029,66.68
26384,408,1115,36.68
26384,1605,4617,151.68
29467,1017,1330,43.68
29467,1611,1299,42.68
25654,423,1086,35.68
28599,1804,1572,51.68
3251,304,902,29.68
3251,412,4282,140.68
3251,510,2090,68.68
3251,714,3916,128.68
3251,906,902,29.68
3251,1113,1086,35.68
3251,1801,3064,100.68
3251,1817,872,28.68
42767,304,1025,33.68
42767,305,1025,33.68
42767,306,4617,151.68
42767,709,1391,45.68
42767,714,1299,42.68
42767,914,1299,42.68
42767,1015,1480,48.68
42767,1117,1480,48.68
42767,1801,3186,104.68
37142,1801,1238,40.68
89714,102,841,27.68
89714,305,1086,35.68
89714,411,8330,273.68
89714,898,8726,286.68
89714,1705,4739,155.68
89714,1801,1146,37.68
71606,708,1055,34.68
71606,709,1055,34.68
73366,1215,1664,54.68
73366,1601,3368,110.68
73366,1627,3368,110.68
73366,1812,1330,43.68
73366,1905,3702,121.68
54906,1617,4190,137.68
86973,916,1330,43.68
19949,1704,2302,75.68
19949,1812,1421,46.68
16947,915,1480,48.68
16947,1112,933,30.68
16947,1605,1238,40.68
16947,1812,1725,56.68
46126,107,1268,41.68
13917,304,872,28.68
13917,305,841,27.68
13917,404,964,31.68
13917,1801,4282,140.68
13917,1810,4374,143.68
48800,108,2182,71.68
48800,198,3125,102.68
48800,202,1025,33.68
48800,1215,1115,36.68
48800,1633,3429,112.68
83680,116,1664,54.68
83680,205,964,31.68
83680,305,933,30.68
83680,1817,2760,90.68
1175,102,1238,40.68
1175,202,5408,177.68
1175,305,3094,101.68
1175,404,3459,113.68
1175,412,5529,181.68
1175,428,933,30.68
1175,608,2729,89.68
1175,803,2486,81.68
1175,906,1055,34.68
1175,1105,1391,45.68
1175,1106,902,29.68
1175,1211,2729,89.68
1175,1798,6200,203.68
1175,1801,5285,173.68
52942,1312,3247,106.68
62728,305,1511,49.68
62728,306,1511,49.68
72210,109,872,28.68
72210,313,1603,52.68
32755,426,4068,133.68
86090,1198,994,32.68
15137,498,1086,35.68
15137,1630,1452,47.68
41612,112,4252,139.68
77099,998,1086,35.68
77099,1212,5255,172.68
77099,1801,933,30.68
77099,1810,5255,172.68
77099,1812,4617,151.68
13557,803,1817,59.68
13557,805,1817,59.68
13557,1117,2455,80.68
48508,423,1268,41.68
10754,410,5774,189.68
10754,1801,1725,56.68
8362,202,1268,41.68
8362,304,3156,103.68
8362,412,2882,94.68
8362,426,2821,92.68
8362,705,3612,118.68
8362,709,3702,121.68
8362,1703,2821,92.68
8362,1898,3156,103.68
6411,398,2182,71.68
6411,1812,2060,67.68
33189,415,4282,140.68
33189,1630,2333,76.68
33189,1701,2821,92.68
33189,1703,3977,130.68
33189,1898,1025,33.68
9052,304,1725,56.68
9052,305,1725,56.68
9052,428,2913,95.68
9052,809,3278,107.68
9052,1118,2182,71.68
9052,1627,4313,141.68
57258,305,2455,80.68
57258,498,3003,98.68
103058,108,599,19.68
103058,205,964,31.68
103058,305,933,30.68
103058,504,841,27.68
103058,1801,2241,73.68
103058,1817,1299,42.68
92622,426,1452,47.68
92622,428,1452,47.68
45926,102,2941,96.68
45926,105,2941,96.68
45926,411,3064,100.68
45926,798,2913,95.68
45926,914,1421,46.68
45926,916,1421,46.68
45926,1110,3003,98.68
45926,1198,2241,73.68
45926,1304,2333,76.68
45926,1805,2394,78.68
25554,1617,1360,44.68
25554,1798,1086,35.68
5591,202,1452,47.68
93485,1614,4008,131.68
14765,304,1207,39.68
14765,305,1207,39.68
14765,404,1177,38.68
14765,405,1177,38.68
14765,898,994,32.68
14765,1312,994,32.68
14765,1812,1480,48.68
3031,305,2882,94.68
3031,1703,2547,83.68
59461,1113,1452,47.68
54720,305,1360,44.68
94448,198,2210,72.68
37359,426,1572,51.68
37359,504,872,28.68
37359,1117,1480,48.68
98792,415,2455,80.68
98792,1605,1360,44.68
98792,1804,2029,66.68
5380,1801,1421,46.68
40436,1616,1845,60.68
40436,1617,1786,58.68
44664,414,872,28.68
44664,1634,1633,53.68
92266,102,841,27.68
92266,201,841,27.68
92266,305,841,27.68
92266,708,841,27.68
92266,809,841,27.68
92266,1804,2972,97.68
30116,198,2668,87.68
30116,304,2272,74.68
30116,311,1542,50.68
61003,206,3977,130.68
61003,305,872,28.68
61003,306,872,28.68
61003,406,3337,109.68
31404,298,1360,44.68
31404,304,2060,67.68
31404,602,1360,44.68
31404,1117,2090,68.68
31404,1898,1391,45.68
78605,109,902,29.68
78605,304,1421,46.68
78605,310,5377,176.68
767,305,1086,35.68
767,306,1086,35.68
767,914,10583,347.68
767,916,10583,347.68
767,1015,10642,349.68
767,1104,10218,335.68
767,1105,9487,311.68
767,1112,9487,311.68
58693,108,2060,67.68
58693,305,1786,58.68
58693,406,1391,45.68
91175,915,3003,98.68
91175,1634,3094,101.68
91175,1701,2333,76.68
91175,1709,3125,102.68
18400,405,1511,49.68
18400,424,1511,49.68
18400,916,1725,56.68
18400,1105,1421,46.68
18400,1605,1786,58.68
18400,1622,1756,57.68
18400,1634,1756,57.68
18400,1898,1421,46.68
87300,102,1146,37.68
87300,304,2972,97.68
87300,407,2182,71.68
87300,428,2791,91.68
87300,1113,1876,61.68
84244,202,721,23.68
84244,206,660,21.68
84244,426,721,23.68
84244,1014,629,20.68
13221,915,2729,89.68
13221,1113,1268,41.68
13221,1605,3217,105.68
13221,1898,4678,153.68
34769,102,1907,62.68
34769,304,1907,62.68
34769,1701,3278,107.68
51858,916,2486,81.68
51858,1304,2121,69.68
51858,1802,2882,94.68
76202,108,3125,102.68
76202,304,2363,77.68
76202,1609,3306,108.68
76202,1616,3306,108.68
76202,1617,3306,108.68
76202,1803,3125,102.68
15121,108,4647,152.68
15121,298,4494,147.68
15121,424,4647,152.68
15121,809,1086,35.68
15121,1634,4433,145.68
61399,304,1086,35.68
61399,915,994,32.68
88121,305,964,31.68
88121,1801,2394,78.68
91237,304,994,32.68
91237,305,994,32.68
91237,1605,1664,54.68
91237,1803,4647,152.68
91082,798,1452,47.68
58178,306,1633,53.68
58178,1798,1115,36.68
70825,201,5043,165.68
70825,108,811,26.68
70825,423,4555,149.68
70825,426,4829,158.68
70825,428,3612,118.68
70825,504,811,26.68
70825,511,780,25.68
70825,1104,721,23.68
70825,1614,902,29.68
70825,1801,1786,58.68
87293,298,872,28.68
87293,426,1086,35.68
78162,305,902,29.68
78162,504,1633,53.68
41132,304,1055,34.68
41132,498,1664,54.68
32612,298,1695,55.68
32612,305,1695,55.68
32612,504,3337,109.68
102171,114,1207,39.68
102171,304,1876,61.68
102171,1801,2151,70.68
94596,198,1207,39.68
94596,304,780,25.68
94596,1017,1146,37.68
94596,1617,1391,45.68
75863,305,1086,35.68
75863,406,994,32.68
75863,1801,6808,223.68
50865,304,2060,67.68
50865,1801,2060,67.68
82005,116,1998,65.68
82005,414,1572,51.68
82005,1113,749,24.68
68512,115,2516,82.68
68512,304,1146,37.68
68512,305,2699,88.68
68512,412,3064,100.68
4674,1198,2394,78.68
4674,1108,994,32.68
32560,306,1207,39.68
32560,809,721,23.68
99907,202,1025,33.68
99907,305,1055,34.68
26137,102,964,31.68
26137,304,1330,43.68
26137,305,1330,43.68
26137,426,1330,43.68
72827,504,841,27.68
72827,1605,3306,108.68
72827,1622,3306,108.68
59916,423,3125,102.68
59916,1634,3551,116.68
59916,1805,3186,104.68
61354,519,1786,58.68
92390,198,1968,64.68
92390,1215,3733,122.68
92390,1798,1480,48.68
92390,1809,4767,156.68
92390,1812,872,28.68
92390,1817,994,32.68
92390,1898,1115,36.68
1804,202,2882,94.68
1804,410,1817,59.68
1804,1110,3551,116.68
1804,1113,933,30.68
1804,1801,2241,73.68
96486,1113,1511,49.68
47655,102,1998,65.68
44542,424,2090,68.68
44542,712,2090,68.68
73134,202,2607,85.68
73134,305,1025,33.68
73134,426,2029,66.68
73134,1630,3398,111.68
73134,1634,3306,108.68
73134,1636,2394,78.68
80885,108,1360,44.68
80885,202,1511,49.68
80885,1637,994,32.68
80885,1703,2668,87.68
80885,1704,3033,99.68
80762,498,1299,42.68
80762,798,1086,35.68
80762,1015,1664,54.68
83432,1701,3217,105.68
90668,311,872,28.68
90668,713,994,32.68
88349,423,1664,54.68
88349,1113,1664,54.68
88349,1816,4586,150.68
97360,1617,1177,38.68
96948,112,1756,57.68
96948,1013,2210,72.68
96948,1015,2547,83.68
96948,1609,1664,54.68
96948,1617,1664,54.68
96948,1622,2455,80.68
96948,1634,2455,80.68
96948,1640,933,30.68
96948,1701,1845,60.68
96948,1803,2060,67.68
96948,1898,1756,57.68
17812,305,2210,72.68
17812,306,2210,72.68
17812,698,1511,49.68
17812,914,5012,164.68
32111,304,933,30.68
94862,202,1299,42.68
94862,426,1268,41.68
94862,705,1238,40.68
94862,712,811,26.68
94862,713,1086,35.68
94862,1801,1360,44.68
74914,1111,1725,56.68
74914,1637,2547,83.68
94776,708,4586,150.68
94776,713,3671,120.68
9741,1630,2972,97.68
97185,498,1968,64.68
97185,1801,690,22.68
97185,1805,2363,77.68
97185,1816,660,21.68
43172,430,1299,42.68
65543,1198,902,29.68
65543,1215,4951,162.68
65543,1619,4982,163.68
34487,411,599,19.68
34487,1215,2760,90.68
34487,1312,1876,61.68
34487,1636,1330,43.68
79922,712,3094,101.68
45423,605,4798,157.68
68496,713,1845,60.68
68496,1810,1480,48.68
68496,1817,1268,41.68
34620,304,1086,35.68
34620,305,1817,59.68
34620,307,2547,83.68
34620,406,902,29.68
34620,705,1238,40.68
34620,915,933,30.68
34620,1015,2090,68.68
34620,1105,1268,41.68
34620,1801,6808,223.68
34620,1817,1360,44.68
56184,202,1177,38.68
50872,798,933,30.68
50872,1704,933,30.68
50872,1898,872,28.68
23715,1101,1452,47.68
23715,1198,1452,47.68
23715,1109,1452,47.68
76012,1614,1998,65.68
76012,1701,994,32.68
7763,702,4798,157.68
7763,798,4617,151.68
7763,705,3916,128.68
7763,708,4798,157.68
7763,1617,4798,157.68
82567,1112,1025,33.68
27028,1817,1025,33.68
6308,208,1238,40.68
6308,1117,1786,58.68
57716,714,2151,70.68
57716,1110,3186,104.68
57716,1817,2516,82.68
36084,432,1055,34.68
36084,1816,1572,51.68
97772,405,1360,44.68
97772,426,1360,44.68
97772,713,1786,58.68
97772,1798,1817,59.68
97772,1813,902,29.68
89122,298,2668,87.68
89122,398,872,28.68
89122,498,2668,87.68
89122,1298,872,28.68
49566,1801,3702,121.68
79614,304,902,29.68
79614,1813,2576,84.68
79614,1817,2882,94.68
86688,1704,902,29.68
89316,408,1055,34.68
89316,423,1055,34.68
89316,426,1055,34.68
89316,705,811,26.68
89316,719,1055,34.68
86864,305,1786,58.68
86864,306,1786,58.68
58353,410,1452,47.68
58353,411,4282,140.68
58353,1809,3247,106.68
58353,1898,4160,136.68
66908,426,964,31.68
66908,1630,1542,50.68
95266,304,2972,97.68
95266,306,1025,33.68
95266,406,2882,94.68
95266,412,1603,52.68
95266,426,1817,59.68
95266,1617,1360,44.68
95266,1637,721,23.68
95266,1798,1756,57.68
1755,713,1695,55.68
84632,1801,780,25.68
23130,1617,1511,49.68
97623,108,1511,49.68
97623,298,811,26.68
97623,304,811,26.68
97623,305,811,26.68
97623,306,811,26.68
97623,1798,1845,60.68
85433,202,1421,46.68
1936,117,3033,99.68
1936,713,3612,118.68
1936,1798,2302,75.68
1936,1817,3521,115.68
89800,1198,841,27.68
64928,102,1511,49.68
64928,202,1876,61.68
64928,304,2972,97.68
64928,305,1876,61.68
64928,311,5894,193.68
64928,425,3337,109.68
64928,713,4798,157.68
64928,1813,5347,175.68
60210,305,872,28.68
60210,1612,3916,128.68
60210,1637,4920,161.68
91441,1803,1055,34.68
73541,398,3916,128.68
73541,1898,1725,56.68
92454,1801,1452,47.68
37761,298,1146,37.68
37761,504,2882,94.68
70353,407,1115,36.68
70353,1801,1055,34.68
9853,710,1115,36.68
84745,411,2394,78.68
84745,1110,872,28.68
89721,202,872,28.68
89721,714,1845,60.68
89721,1112,1817,59.68
89721,1601,2151,70.68
89721,1810,2547,83.68
5485,426,4068,133.68
5485,1212,1756,57.68
5485,1627,1238,40.68
5485,1798,872,28.68
5485,1815,4190,137.68
75459,405,3217,105.68
75459,1704,2182,71.68
83518,304,1452,47.68
83518,305,1452,47.68
83518,306,1452,47.68
83518,406,994,32.68
40539,203,3094,101.68
40539,306,902,29.68
40539,1617,3247,106.68
20946,116,1998,65.68
20946,304,902,29.68
20946,305,2852,93.68
20946,498,629,20.68
20946,1113,933,30.68
20946,1622,1998,65.68
20946,1801,1907,62.68
91901,1813,902,29.68
76125,201,1876,61.68
76125,908,2913,95.68
76125,1110,6078,199.68
76125,1113,2547,83.68
76125,1216,1146,37.68
21707,509,3551,116.68
21707,102,1025,33.68
21707,504,4982,163.68
21707,915,1207,39.68
21707,1113,1025,33.68
21707,1801,1725,56.68
21707,1802,4282,140.68
19776,102,2241,73.68
19776,109,1480,48.68
19776,304,4798,157.68
19776,305,2972,97.68
19776,809,1725,56.68
19776,915,2241,73.68
19776,1605,1480,48.68
55112,1617,1511,49.68
55112,1802,2455,80.68
6766,1106,2394,78.68
6766,1110,2394,78.68
2420,102,1360,44.68
2420,1198,1086,35.68
2420,1698,2821,92.68
93435,1617,2852,93.68
93435,1627,1725,56.68
97968,505,2394,78.68
71589,705,2394,78.68
71023,914,1452,47.68
71023,916,1452,47.68
71023,1011,2760,90.68
71023,1312,1086,35.68
71023,1614,2760,90.68
71023,1627,2760,90.68
15212,304,721,23.68
15212,305,721,23.68
15212,1111,933,30.68
15212,1605,5835,191.68
15212,1803,933,30.68
15212,1817,1086,35.68
46131,426,1086,35.68
3763,1116,2182,71.68
62584,102,1542,50.68
62584,1117,4829,158.68
103527,305,872,28.68
103527,306,872,28.68
103527,423,1603,52.68
103527,426,1603,52.68
103527,719,1603,52.68
6962,202,1603,52.68
6962,405,933,30.68
6962,1701,2302,75.68
38083,298,1511,49.68
38083,405,3186,104.68
38083,406,3186,104.68
38083,426,1511,49.68
37738,404,3916,128.68
37738,713,3947,129.68
37738,1637,3916,128.68
37738,1801,2425,79.68
37738,1809,1146,37.68
37738,1810,1146,37.68
37738,1812,2821,92.68
37738,1817,2821,92.68
5779,1312,2151,70.68
5779,1605,3612,118.68
36516,398,3947,129.68
36516,1105,1725,56.68
34680,313,3247,106.68
34680,1708,1968,64.68
85266,504,1115,36.68
85266,1119,1115,36.68
61275,304,1086,35.68
81931,305,1268,41.68
81931,504,1146,37.68
81931,1312,2760,90.68
81931,1815,2791,91.68
76086,313,3247,106.68
76086,432,1055,34.68
66092,198,1299,42.68
66092,304,1664,54.68
66092,306,1146,37.68
66092,406,1299,42.68
66092,412,3278,107.68
66092,1709,3125,102.68
38636,116,1177,38.68
38636,205,1360,44.68
38636,504,1756,57.68
93715,410,994,32.68
93715,432,964,31.68
3163,1001,1845,60.68
3163,1114,1695,55.68
50005,713,1360,44.68
50005,1805,1452,47.68
50005,1810,1480,48.68
73723,423,1268,41.68
73723,1619,1511,49.68
73723,1898,1268,41.68
105,101,1845,60.68
105,198,2210,72.68
105,205,2241,73.68
105,304,1876,61.68
105,428,1146,37.68
105,504,1876,61.68
105,514,1633,53.68
105,698,2241,73.68
105,798,964,31.68
105,1113,1876,61.68
105,1617,2210,72.68
40787,202,1968,64.68
20062,304,2516,82.68
20062,602,2547,83.68
40741,202,1025,33.68
40741,304,1025,33.68
40741,305,1025,33.68
47508,305,1542,50.68
47508,398,1177,38.68
47508,809,2151,70.68
96709,107,1025,33.68
96709,1801,780,25.68
45837,202,1238,40.68
66603,304,2090,68.68
66603,708,2029,66.68
66603,916,2607,85.68
66603,1110,4739,155.68
66603,1215,1055,34.68
52667,1617,2455,80.68
36381,201,1998,65.68
36381,202,1146,37.68
36381,1801,1480,48.68
4260,304,2333,76.68
4260,307,2333,76.68
4260,1705,1452,47.68
4260,1801,1146,37.68
4260,1898,964,31.68
71713,201,1238,40.68
71713,407,1421,46.68
71713,498,1360,44.68
71713,1312,933,30.68
11323,1598,5590,183.68
11323,404,5560,182.68
11323,406,5560,182.68
11323,711,1025,33.68
11323,1106,1664,54.68
11323,1110,5560,182.68
11323,1615,1025,33.68
11323,1616,1025,33.68
11323,1704,5560,182.68
88592,1102,4647,152.68
88592,304,2455,80.68
88592,305,2029,66.68
88592,1113,2455,80.68
88592,1619,2638,86.68
88592,1801,1633,53.68
83920,498,1238,40.68
83920,1605,1268,41.68
83920,1622,1268,41.68
29000,1637,1115,36.68
29000,1705,2913,95.68
29000,1898,1725,56.68
46744,1812,1360,44.68
57089,708,1299,42.68
43917,102,1360,44.68
43917,305,1025,33.68
43917,307,1025,33.68
43917,405,2455,80.68
43917,914,2516,82.68
43917,916,1756,57.68
43917,1111,1725,56.68
43917,1117,1725,56.68
94503,1105,933,30.68
94503,1305,902,29.68
94503,1622,5132,168.68
39600,914,1146,37.68
39600,1117,3003,98.68
39600,1628,1146,37.68
68339,798,2363,77.68
68339,915,5073,166.68
68339,1198,5804,190.68
68339,1205,1360,44.68
68339,1312,2363,77.68
68339,1627,5073,166.68
68339,1637,3551,116.68
68339,1812,3763,123.68
9216,406,2760,90.68
9216,1801,1207,39.68
44080,305,1115,36.68
44080,1110,5590,183.68
50018,304,872,28.68
50018,1801,1845,60.68
81970,1113,933,30.68
81970,1605,1115,36.68
102633,304,690,22.68
102633,305,690,22.68
102633,398,2455,80.68
102633,432,1330,43.68
102633,498,1725,56.68
102633,1701,3156,103.68
102633,1798,2821,92.68
43213,202,1025,33.68
43213,205,1695,55.68
43213,304,1511,49.68
43213,428,2060,67.68
43213,432,2791,91.68
43213,1817,4678,153.68
72599,1801,1086,35.68
46860,202,902,29.68
46860,412,902,29.68
46860,428,1360,44.68
46860,1605,2729,89.68
46860,1617,2729,89.68
38557,198,2302,75.68
38557,305,2210,72.68
38557,307,2210,72.68
38557,705,2882,94.68
82764,423,1360,44.68
82764,426,933,30.68
56657,709,3278,107.68
56657,798,2972,97.68
56657,1815,4282,140.68
83865,1617,1115,36.68
83865,1704,872,28.68
49221,405,4008,131.68
49221,411,2394,78.68
49221,412,3582,117.68
49221,424,964,31.68
49221,1118,933,30.68
56748,1798,2455,80.68
13139,304,1115,36.68
13139,428,1115,36.68
13139,1113,1086,35.68
13139,1601,3490,114.68
13139,1627,3490,114.68
13139,1817,1330,43.68
93869,412,2791,91.68
93869,426,1330,43.68
93869,798,3490,114.68
93869,916,2821,92.68
93869,1215,780,25.68
93869,1634,3916,128.68
93869,1805,3763,123.68
88744,406,933,30.68
88744,426,933,30.68
88744,1605,841,27.68
88744,1703,2547,83.68
25681,498,1633,53.68
61141,112,4982,163.68
61141,406,4767,156.68
61141,407,4798,157.68
61141,426,4739,155.68
61141,719,4920,161.68
61141,1605,4798,157.68
61141,1628,3247,106.68
61141,1801,3156,103.68
58863,304,1725,56.68
58863,305,1725,56.68
58863,406,3916,128.68
58863,412,3733,122.68
58863,1298,2090,68.68
24163,107,3643,119.68
24163,305,3763,123.68
24163,411,3582,117.68
24163,423,1299,42.68
24163,428,1360,44.68
24163,504,1817,59.68
57385,307,1055,34.68
57385,1798,2060,67.68
32985,203,1238,40.68
32985,405,1299,42.68
32985,708,4647,152.68
32985,712,4647,152.68
32985,1105,1876,61.68
32985,1815,5104,167.68
29343,102,1299,42.68
29343,426,964,31.68
4711,1810,5285,173.68
69599,1801,3521,115.68
75926,1117,1572,51.68
75926,1634,1572,51.68
86873,1105,2060,67.68
86873,1817,2151,70.68
100581,198,1817,59.68
100581,1815,1360,44.68
100581,1817,2852,93.68
100693,304,1452,47.68
100693,305,1452,47.68
100693,708,599,19.68
100693,1113,1421,46.68
41597,809,1452,47.68
41597,1617,3916,128.68
79194,305,1725,56.68
79194,306,994,32.68
79194,1198,5925,194.68
79194,1701,2972,97.68
100237,304,2241,73.68
100237,306,780,25.68
100237,307,780,25.68
100237,714,2151,70.68
100237,1619,2241,73.68
100237,1627,749,24.68
100237,1634,780,25.68
20969,708,1452,47.68
20969,1637,2363,77.68
20969,1801,3459,113.68
4438,426,1817,59.68
4438,1614,3247,106.68
4438,1615,3398,111.68
4438,1801,3156,103.68
66073,404,3429,112.68
66073,498,3429,112.68
66073,1015,4099,134.68
71525,304,2699,88.68
71525,1113,933,30.68
71525,1215,3886,127.68
71525,1626,2668,87.68
79597,1198,4343,142.68
79597,1312,1695,55.68
100563,305,1603,52.68
100563,415,1664,54.68
100563,908,660,21.68
56016,426,1756,57.68
36694,1617,1025,33.68
44606,1112,1146,37.68
44606,1803,1146,37.68
61723,304,1817,59.68
61723,1113,1360,44.68
79007,504,2576,84.68
71779,404,1421,46.68
71779,1198,3733,122.68
71779,1703,1146,37.68
85314,1112,933,30.68
35083,311,1542,50.68
35083,1117,1268,41.68
35083,1617,1603,52.68
33875,202,2241,73.68
33875,412,1876,61.68
90478,407,1025,33.68
90478,715,1360,44.68
90478,1601,1664,54.68
24575,406,872,28.68
56327,116,2151,70.68
56327,1619,4129,135.68
56327,1627,933,30.68
90330,1617,1572,51.68
90330,1640,1572,51.68
21254,407,4494,147.68
21254,498,4433,145.68
21254,1312,3064,100.68
21254,1622,4190,137.68
21254,1634,4190,137.68
21254,1637,4190,137.68
21254,1640,4190,137.68
82167,1622,1756,57.68
82167,1634,1756,57.68
82167,1637,1756,57.68
87852,305,964,31.68
87852,1109,2029,66.68
87852,1804,2029,66.68
31489,108,2699,88.68
31489,313,2607,85.68
31489,430,2576,84.68
31489,504,1511,49.68
31489,708,2699,88.68
31489,712,2668,87.68
31489,713,1299,42.68
31489,1605,2729,89.68
31489,1609,2729,89.68
31489,1616,2729,89.68
31489,1617,2729,89.68
31489,1640,2729,89.68
31489,1698,2576,84.68
31489,1809,2668,87.68
31489,1812,1664,54.68
31489,1817,2029,66.68
31489,1898,872,28.68
91796,410,1268,41.68
91796,414,2182,71.68
91796,428,994,32.68
91796,1813,2182,71.68
61783,428,1055,34.68
61783,432,4678,153.68
61783,914,4402,144.68
61783,1812,4343,142.68
61783,1898,1055,34.68
7822,1098,1845,60.68
58152,428,1633,53.68
58152,713,2607,85.68
1276,304,1025,33.68
74310,305,1452,47.68
41622,202,2972,97.68
41622,426,2972,97.68
38536,1619,2182,71.68
38536,1801,2272,74.68
74308,304,1360,44.68
74308,305,1360,44.68
74308,1701,1086,35.68
74308,1703,1086,35.68
42964,1705,2941,96.68
75061,430,2668,87.68
75061,1617,2516,82.68
75061,1698,2668,87.68
75061,1813,2455,80.68
56100,116,1360,44.68
56100,205,994,32.68
56100,1111,2729,89.68
56100,1113,2729,89.68
56100,1210,2729,89.68
56100,1701,2699,88.68
63206,102,3763,123.68
63206,205,3763,123.68
63206,304,4586,150.68
63206,313,6412,210.68
63206,410,872,28.68
63206,1215,933,30.68
63206,1803,2486,81.68
93195,1198,902,29.68
48475,1898,1238,40.68
84462,1703,872,28.68
84462,1817,1391,45.68
7259,1817,994,32.68
48423,304,1330,43.68
89527,1402,780,25.68
89527,708,1330,43.68
89527,712,1330,43.68
17176,610,1238,40.68
93014,1015,811,26.68
93014,1017,811,26.68
93014,1609,841,27.68
93014,1622,811,26.68
66848,304,1115,36.68
82536,1619,1055,34.68
82536,1634,964,31.68
82536,1640,964,31.68
40246,708,1511,49.68
40246,1605,1115,36.68
40246,1704,1268,41.68
76811,107,2547,83.68
76811,202,3033,99.68
76811,423,1968,64.68
76811,1312,1968,64.68
63549,405,1360,44.68
63549,421,1360,44.68
63549,423,1360,44.68
63549,426,1360,44.68
63549,1640,2090,68.68
54622,305,933,30.68
54622,1112,3977,130.68
54622,1113,1542,50.68
54622,1198,3977,130.68
59470,1812,2455,80.68
54723,306,4464,146.68
54723,408,2791,91.68
54723,1216,1268,41.68
100612,1634,1695,55.68
100612,1637,1695,55.68
47902,498,1146,37.68
47902,1812,2729,89.68
47902,1817,2547,83.68
64723,1701,1633,53.68
78395,1110,2729,89.68
92964,1617,811,26.68
89996,305,841,27.68
99092,809,1177,38.68
87634,405,2821,92.68
87634,715,902,29.68
87634,1618,811,26.68
87634,1698,872,28.68
23609,398,2821,92.68
23609,1198,1055,34.68
23609,310,2821,92.68
23609,1815,1299,42.68
2741,101,1055,34.68
2741,705,3824,125.68
2741,801,1391,45.68
2741,803,1391,45.68
2741,1215,902,29.68
2741,1801,1177,38.68
2741,1998,1025,33.68
88527,426,4160,136.68
88527,898,1086,35.68
88527,916,4037,132.68
88527,1015,4037,132.68
88527,1110,1695,55.68
88527,1113,2455,80.68
88527,1198,1115,36.68
71204,708,1360,44.68
71204,1609,1391,45.68
56836,304,1360,44.68
38236,304,1238,40.68
91620,108,902,29.68
15361,202,2852,93.68
15361,426,1025,33.68
15361,1701,5043,165.68
15361,1703,3916,128.68
82660,304,933,30.68
82660,1622,1937,63.68
82660,1804,2182,71.68
82660,1805,2182,71.68
33497,798,2182,71.68
33497,1108,1452,47.68
33497,1637,1695,55.68
81678,1110,4708,154.68
27626,411,2760,90.68
27626,504,3886,127.68
27626,1617,3916,128.68
775,908,1511,49.68
775,1113,1511,49.68
3689,1113,1452,47.68
3689,1619,3551,116.68
90584,202,2607,85.68
90584,298,2607,85.68
90584,407,2852,93.68
90584,423,1695,55.68
90584,498,933,30.68
90584,1110,1177,38.68
50135,305,1055,34.68
50135,908,1146,37.68
50135,1118,1633,53.68
50135,1701,4099,134.68
50135,1810,5104,167.68
61687,304,1542,50.68
61687,305,1511,49.68
61687,306,1511,49.68
61687,602,964,31.68
75831,102,1633,53.68
75831,304,1055,34.68
75831,432,6443,211.68
75831,708,6777,222.68
75831,714,6777,222.68
75831,1205,902,29.68
75831,1605,6716,220.68
76607,708,964,31.68
90664,102,1146,37.68
90664,201,1115,36.68
90664,305,3247,106.68
90664,405,1115,36.68
90664,421,1115,36.68
90664,424,1115,36.68
90664,798,1421,46.68
90664,1113,1725,56.68
90664,1307,902,29.68
90664,1617,6228,204.68
87163,102,2547,83.68
87163,304,2547,83.68
87163,305,2547,83.68
87163,427,1238,40.68
87163,809,2121,69.68
31268,406,1786,58.68
91318,104,6139,201.68
91318,108,6139,201.68
91318,201,2182,71.68
91318,202,5590,183.68
91318,304,2576,84.68
91318,305,2576,84.68
91318,1310,5073,166.68
91318,1605,3855,126.68
91318,1802,3521,115.68
26851,305,1238,40.68
26851,798,2121,69.68
26851,1801,1817,59.68
98029,415,2425,79.68
28415,1701,3763,123.68
102104,305,811,26.68
102104,398,2182,71.68
102104,1112,568,18.68
75945,410,1664,54.68
75945,1198,1817,59.68
75945,1805,1817,59.68
35831,1805,1268,41.68
35831,1898,1391,45.68
59125,1113,1542,50.68
59125,1312,3217,105.68
59125,1898,1542,50.68
20332,1110,1055,34.68
20332,1634,1268,41.68
22122,304,1086,35.68
22122,305,1086,35.68
22122,504,1876,61.68
22122,605,1086,35.68
22122,1108,2241,73.68
20227,1615,3733,122.68
60229,910,2941,96.68
50950,1617,2516,82.68
9015,915,3125,102.68
9015,1798,1603,52.68
37690,202,3033,99.68
37690,306,1845,60.68
37690,414,2121,69.68
37690,426,4798,157.68
37690,705,1603,52.68
37690,1701,1177,38.68
37690,1801,4708,154.68
37690,1898,1177,38.68
15640,410,1695,55.68
15640,1627,2029,66.68
40579,405,2090,68.68
40579,426,2090,68.68
349,403,3582,117.68
349,1001,3582,117.68
349,798,2668,87.68
8998,898,1360,44.68
8998,1798,3459,113.68
59880,406,1177,38.68
59880,1637,964,31.68
59880,1810,4129,135.68
59880,1815,964,31.68
23550,305,933,30.68
89929,1198,1511,49.68
89929,1634,2791,91.68
90844,1598,2151,70.68
90844,107,1633,53.68
90844,915,1452,47.68
90844,1117,2151,70.68
90844,1801,1603,52.68
6404,305,2791,91.68
6404,510,1207,39.68
6404,1105,1421,46.68
6404,1113,2547,83.68
102418,406,476,15.68
102418,408,476,15.68
102418,423,476,15.68
102418,709,660,21.68
102418,1605,2182,71.68
102418,1634,1480,48.68
102418,1802,1633,53.68
50939,108,1695,55.68
50939,304,1146,37.68
50939,1801,1907,62.68
99701,698,599,19.68
99701,430,1086,35.68
30241,424,902,29.68
30241,426,1146,37.68
30241,498,1025,33.68
50680,1605,2852,93.68
50680,1616,2852,93.68
95428,1803,2760,90.68
85845,102,1146,37.68
85845,205,1146,37.68
85845,428,1146,37.68
85845,1113,841,27.68
12822,1216,933,30.68
81827,108,1146,37.68
81827,1616,1876,61.68
81827,1617,1146,37.68
100204,1630,780,25.68
15721,102,1725,56.68
15721,201,1725,56.68
15721,305,1695,55.68
15721,1609,6443,211.68
15721,1619,1998,65.68
15721,1801,2729,89.68
93011,1112,690,22.68
93011,1705,872,28.68
93011,1802,872,28.68
34916,101,902,29.68
34916,102,1299,42.68
34916,304,1086,35.68
34916,512,994,32.68
34916,1111,3186,104.68
34916,1119,1633,53.68
34916,1617,1086,35.68
34916,1798,933,30.68
34916,1801,4252,139.68
81787,1105,1421,46.68
81787,1817,1299,42.68
92391,1118,994,32.68
58091,1605,1786,58.68
58091,1617,2121,69.68
58091,1640,2090,68.68
99231,1804,2638,86.68
32542,415,2516,82.68
32542,1616,2882,94.68
32542,1622,2882,94.68
32542,1630,2882,94.68
32542,1634,2882,94.68
32542,1637,2882,94.68
93977,423,3278,107.68
93977,1112,3186,104.68
2619,1704,1146,37.68
75475,423,1238,40.68
75475,430,1238,40.68
18481,202,964,31.68
69124,504,1511,49.68
69124,602,1511,49.68
69124,101,1452,47.68
69124,504,1511,49.68
69124,605,1542,50.68
69124,612,1542,50.68
69124,1117,1542,50.68
69124,1605,1542,50.68
81854,809,1115,36.68
81854,1617,4282,140.68
90515,102,1086,35.68
90515,304,1086,35.68
90515,1106,2486,81.68
90515,1112,2121,69.68
90515,1198,3064,100.68
70754,1001,1817,59.68
70754,798,933,30.68
70754,1098,1238,40.68
70754,1698,1876,61.68
70754,1704,1086,35.68
70754,1798,1086,35.68
88274,1617,1542,50.68
88274,1816,964,31.68
60460,914,2394,78.68
60460,1627,1817,59.68
60460,1637,2455,80.68
60460,1812,1664,54.68
60460,1817,1025,33.68
43961,102,2486,81.68
43961,104,2760,90.68
43961,304,1055,34.68
43961,1113,2455,80.68
43961,1802,2852,93.68
56583,102,1146,37.68
56583,304,3186,104.68
56583,305,3186,104.68
56583,512,994,32.68
56583,1603,2455,80.68
56583,1614,2821,92.68
56583,1627,2455,80.68
56583,1701,1055,34.68
81857,1802,1542,50.68
91172,103,1725,56.68
91172,115,3643,119.68
91172,304,902,29.68
91172,305,902,29.68
91172,412,5438,178.68
91172,426,5438,178.68
91172,511,1695,55.68
65285,205,1086,35.68
65285,304,1207,39.68
65285,407,2241,73.68
65285,412,2241,73.68
65285,498,2241,73.68
65285,712,2241,73.68
65285,719,2241,73.68
65285,1805,2363,77.68
65285,1898,2363,77.68
6188,305,2486,81.68
6188,1605,5012,164.68
6188,1804,5347,175.68
2160,306,2425,79.68
2160,705,1907,62.68
80015,1623,1998,65.68
17878,1630,1511,49.68
17878,1812,1207,39.68
700,306,2638,86.68
700,608,994,32.68
700,1798,2729,89.68
46989,1110,964,31.68
46989,1113,964,31.68
46989,1627,1299,42.68
93524,426,1391,45.68
47575,298,1238,40.68
47575,1609,2272,74.68
42739,1802,2394,78.68
81861,108,1238,40.68
81861,311,1146,37.68
81861,708,1268,41.68
81861,1112,1146,37.68
59620,406,1330,43.68
59620,1105,2607,85.68
28175,1112,872,28.68
77934,304,1480,48.68
77934,305,872,28.68
77934,1113,1756,57.68
29334,1701,1177,38.68
18175,1630,5408,177.68
18175,1801,2425,79.68
18175,1817,1876,61.68
50810,305,1542,50.68
50810,708,902,29.68
50810,1609,1603,52.68
50810,1616,1146,37.68
50810,1813,994,32.68
46554,1622,2607,85.68
96487,1801,3217,105.68
96487,1805,3033,99.68
80477,1605,1695,55.68
80477,1637,2607,85.68
27794,305,3398,111.68
27794,705,3702,121.68
27794,713,2060,67.68
63871,202,933,30.68
63871,423,933,30.68
63871,1615,1299,42.68
96816,1616,4525,148.68
96816,1622,4525,148.68
96816,1627,2516,82.68
96816,1801,2486,81.68
43251,304,1268,41.68
43251,1619,1268,41.68
43251,1698,1177,38.68
43251,1802,1177,38.68
78842,421,1177,38.68
78842,424,841,27.68
78842,713,1845,60.68
78842,1703,1268,41.68
60099,407,1025,33.68
97872,713,841,27.68
97872,1805,599,19.68
54932,202,1086,35.68
54932,406,1299,42.68
54932,426,4374,143.68
54932,1113,2090,68.68
54932,1205,1055,34.68
21830,101,2363,77.68
21830,102,3094,101.68
21830,304,3094,101.68
21830,305,1268,41.68
21830,426,6381,209.68
21830,1119,4617,151.68
21830,1809,5469,179.68
52398,202,933,30.68
72460,407,1360,44.68
24773,202,1146,37.68
24773,204,2394,78.68
24773,412,2425,79.68
24773,1614,2394,78.68
24773,1701,1876,61.68
24773,1802,1330,43.68
78636,109,1025,33.68
78636,426,2151,70.68
78636,1619,2302,75.68
72452,107,4951,162.68
72452,201,994,32.68
72452,304,1511,49.68
72452,305,1511,49.68
72452,307,1511,49.68
72452,803,1511,49.68
72452,1105,3186,104.68
72452,1898,3186,104.68
27953,202,2972,97.68
88402,425,2913,95.68
86310,1605,1572,51.68
86310,1701,994,32.68
86310,1798,994,32.68
86310,1801,1115,36.68
86310,1817,933,30.68
76985,304,872,28.68
76985,1801,2547,83.68
42125,1605,3186,104.68
42125,1816,3916,128.68
22462,1810,933,30.68
91247,304,1146,37.68
93670,423,933,30.68
93670,426,933,30.68
93670,1810,964,31.68
44838,705,933,30.68
85779,1622,933,30.68
63638,304,1421,46.68
63638,1801,1452,47.68
90279,102,1238,40.68
90279,202,2699,88.68
90279,304,872,28.68
90279,1118,872,28.68
90279,1798,3671,120.68
2211,1304,1542,50.68
50588,305,2913,95.68
50588,306,2913,95.68
50588,412,3033,99.68
50588,1809,2913,95.68
97161,307,964,31.68
97161,1605,1664,54.68
97161,1701,1177,38.68
97161,1812,902,29.68
37619,1605,1299,42.68
37619,1810,4494,147.68
17258,305,994,32.68
17258,306,994,32.68
17258,1627,2729,89.68
24853,915,2210,72.68
24853,1013,3156,103.68
24853,1114,3156,103.68
24853,1119,2182,71.68
24853,1605,1725,56.68
24853,1815,1725,56.68
24853,1898,3368,110.68
88569,102,2760,90.68
88569,205,2760,90.68
88569,309,1876,61.68
88569,908,933,30.68
88569,1105,872,28.68
60937,304,1177,38.68
60937,423,2516,82.68
102372,910,2821,92.68
102372,916,2821,92.68
102372,1312,568,18.68
102372,1801,4160,136.68
102372,1809,4160,136.68
39964,803,994,32.68
39964,914,4890,160.68
19195,313,2060,67.68
19195,415,1845,60.68
19195,426,1845,60.68
19195,712,1998,65.68
19195,809,1480,48.68
19195,1617,2090,68.68
26556,504,1786,58.68
87627,107,872,28.68
60686,305,1480,48.68
60686,405,1268,41.68
60686,408,1268,41.68
101213,202,1786,58.68
101213,1215,1603,52.68
101213,1701,1998,65.68
69511,202,1146,37.68
69511,708,933,30.68
69511,1801,994,32.68
61644,304,1268,41.68
91493,1801,933,30.68
949,305,1391,45.68
949,306,1391,45.68
949,1105,1633,53.68
949,1113,2241,73.68
949,1407,872,28.68
949,1805,5835,191.68
949,1898,1633,53.68
88765,426,2882,94.68
2062,304,1299,42.68
2062,305,1299,42.68
2062,307,1299,42.68
2062,504,1330,43.68
2062,914,964,31.68
2062,1111,3916,128.68
32859,304,1756,57.68
32859,432,1055,34.68
32859,915,1756,57.68
55544,426,1452,47.68
55544,1205,1146,37.68
84878,1637,3156,103.68
84878,1801,2852,93.68
90585,304,933,30.68
90585,305,933,30.68
90585,307,933,30.68
90585,705,902,29.68
90585,1106,994,32.68
90585,1113,933,30.68
90585,1812,2760,90.68
90585,1817,2547,83.68
90585,1898,902,29.68
1904,202,1360,44.68
1904,304,994,32.68
1904,1617,1177,38.68
1904,1801,2241,73.68
3371,306,1725,56.68
3371,498,1360,44.68
3371,1112,964,31.68
3371,1617,3306,108.68
3371,1698,2607,85.68
3371,1817,3306,108.68
3371,1898,964,31.68
98036,1113,1268,41.68
98036,1698,1268,41.68
31239,202,1238,40.68
31239,412,1238,40.68
2605,406,994,32.68
2605,1106,1937,63.68
2605,1110,1268,41.68
2605,1215,3398,111.68
2605,1311,1937,63.68
2605,1809,3398,111.68
63042,112,5163,169.68
63042,305,1330,43.68
70377,307,1086,35.68
70377,423,964,31.68
70377,424,964,31.68
70377,712,1207,39.68
65423,202,1299,42.68
65423,1617,1452,47.68
22887,102,1756,57.68
22887,304,1664,54.68
22887,410,1238,40.68
22887,504,2029,66.68
22887,1198,4708,154.68
22887,1616,2821,92.68
22887,1622,2090,68.68
22887,1637,3490,114.68
22887,1640,3886,127.68
102538,412,2516,82.68
102538,1705,4555,149.68
102538,1813,1633,53.68
48340,705,2699,88.68
48340,1111,1937,63.68
48340,1813,3156,103.68
19294,427,1330,43.68
32909,202,1146,37.68
79861,198,1086,35.68
79861,1215,1146,37.68
79861,1703,1725,56.68
50179,1801,872,28.68
50179,1812,1146,37.68
59340,408,1572,51.68
93739,306,872,28.68
93739,307,872,28.68
93739,1215,1876,61.68
93739,1614,3337,109.68
51730,1814,1876,61.68
59006,705,964,31.68
59006,1704,2638,86.68
59006,1817,2210,72.68
92026,304,933,30.68
92026,916,2668,87.68
92026,1113,933,30.68
92026,1215,2425,79.68
65536,198,1633,53.68
65536,304,964,31.68
65536,313,1664,54.68
65536,915,1633,53.68
4878,304,2941,96.68
4878,305,2182,71.68
4878,307,2182,71.68
4878,398,2182,71.68
4878,406,2821,92.68
4878,708,2821,92.68
4878,916,1207,39.68
4878,1112,2821,92.68
4878,1113,1207,39.68
4878,1614,4313,141.68
4878,1616,2852,93.68
4878,1637,4252,139.68
4878,1703,1845,60.68
4878,1798,2425,79.68
4878,1801,2821,92.68
4878,1898,4798,157.68
40941,1627,902,29.68
40941,1817,1268,41.68
50216,116,2821,92.68
50216,205,2121,69.68
50216,305,4555,149.68
50216,313,5925,194.68
50216,504,5377,176.68
50216,711,1603,52.68
50216,1111,4374,143.68
50216,1113,2821,92.68
50216,1708,4647,152.68
50216,1817,5163,169.68
59747,1617,1480,48.68
59747,1898,1238,40.68
17155,304,2241,73.68
17155,305,2241,73.68
17155,306,2241,73.68
17155,914,1115,36.68
17155,1110,1876,61.68
17155,1215,4129,135.68
62083,104,933,30.68
62083,201,2972,97.68
62083,426,5163,169.68
62083,915,1572,51.68
62083,1105,3125,102.68
62083,1709,2821,92.68
62083,1898,3125,102.68
99131,304,660,21.68
90604,204,902,29.68
90604,308,994,32.68
90604,1114,1695,55.68
90604,1801,2090,68.68
90604,1998,994,32.68
64106,1622,1268,41.68
64106,1816,1330,43.68
59770,304,749,24.68
59770,305,749,24.68
59770,705,749,24.68
59770,1011,2699,88.68
59770,1206,2210,72.68
59770,1801,1542,50.68
59770,1816,1542,50.68
35024,415,1664,54.68
35024,1617,2029,66.68
35024,1805,1937,63.68
75406,120,2425,79.68
75406,706,2121,69.68
75406,1617,2060,67.68
75406,1627,2882,94.68
75406,1817,2425,79.68
91562,1640,1207,39.68
18580,102,2151,70.68
18580,1118,1845,60.68
88791,304,964,31.68
88791,504,964,31.68
88791,1198,1695,55.68
88791,1630,4099,134.68
87014,198,1421,46.68
87014,304,933,30.68
87014,405,872,28.68
87014,498,3459,113.68
87014,898,1511,49.68
87014,1634,3582,117.68
87014,1801,2333,76.68
44966,104,3033,99.68
44966,198,3217,105.68
44966,304,3490,114.68
44966,305,1360,44.68
44966,427,2029,66.68
44966,428,2029,66.68
44966,504,3459,113.68
44966,1215,2941,96.68
44966,1407,3398,111.68
44966,1904,3398,111.68
24732,1706,1055,34.68
18351,305,1786,58.68
18351,713,3490,114.68
18351,1617,3217,105.68
18351,1627,1968,64.68
18351,1703,1817,59.68
96393,108,1025,33.68
96393,405,721,23.68
96393,916,1146,37.68
96393,1105,1511,49.68
59722,108,1299,42.68
59722,705,1146,37.68
59722,1605,1391,45.68
24393,504,5651,185.68
24393,507,5651,185.68
24393,704,5651,185.68
24393,202,2729,89.68
24393,205,2729,89.68
24393,426,2729,89.68
24393,504,5651,185.68
24393,507,5651,185.68
24393,605,1086,35.68
24393,1113,1633,53.68
24393,1215,4920,161.68
24393,1809,4555,149.68
87464,428,3186,104.68
78576,102,1268,41.68
78576,205,1086,35.68
78576,603,1268,41.68
78576,605,1268,41.68
78576,610,1268,41.68
78576,698,1268,41.68
78576,1106,1268,41.68
81840,304,933,30.68
81840,305,933,30.68
81840,306,933,30.68
81840,1098,1207,39.68
34120,1709,994,32.68
87918,411,1177,38.68
87918,1801,1725,56.68
87918,1817,902,29.68
77542,305,1055,34.68
77542,1627,3824,125.68
8081,306,1664,54.68
8081,414,1664,54.68
8081,709,1055,34.68
8081,712,1664,54.68
8081,1801,1664,54.68
85443,698,2151,70.68
85443,708,2972,97.68
85443,1617,3337,109.68
85443,1998,2151,70.68
2367,202,3551,116.68
2367,426,902,29.68
2367,1605,3582,117.68
2367,1798,994,32.68
2367,1805,3551,116.68
3026,198,5255,172.68
3026,201,1146,37.68
3026,202,1421,46.68
3026,206,2090,68.68
3026,305,5255,172.68
3026,306,5255,172.68
3026,408,2060,67.68
3026,428,4647,152.68
3026,705,4464,146.68
3026,1312,2699,88.68
47386,708,2516,82.68
47386,1113,872,28.68
47386,1812,1968,64.68
79565,102,1664,54.68
79565,304,2941,96.68
79565,307,2941,96.68
79565,504,2941,96.68
79565,911,2791,91.68
79565,1801,3429,112.68
79565,1813,1756,57.68
59636,202,2729,89.68
59636,424,2425,79.68
59636,1105,3459,113.68
59636,1634,2394,78.68
59636,1704,1937,63.68
59636,1798,3794,124.68
74477,118,1330,43.68
74477,504,933,30.68
74477,1117,1299,42.68
74477,1801,1360,44.68
50794,306,1725,56.68
102105,426,507,16.68
102105,1616,811,26.68
102105,1640,721,23.68
102105,1817,780,25.68
87343,423,1146,37.68
87343,426,1756,57.68
87343,1605,1603,52.68
71192,304,1330,43.68
31090,1198,1907,62.68
31090,1898,1907,62.68
76891,410,933,30.68
76891,1617,2302,75.68
76891,1812,2121,69.68
76891,1817,1086,35.68
96857,405,1055,34.68
96857,916,1542,50.68
65722,108,1360,44.68
65722,304,1115,36.68
65722,305,1452,47.68
65722,705,1756,57.68
65722,709,1115,36.68
65722,1801,3125,102.68
65722,1802,3763,123.68
96400,504,1421,46.68
96400,1801,933,30.68
18008,1801,2090,68.68
74155,916,994,32.68
74155,1626,3033,99.68
74155,1701,1207,39.68
34739,198,1391,45.68
34739,498,4343,142.68
34739,713,3643,119.68
34739,1798,3733,122.68
34739,1898,3643,119.68
45800,304,1421,46.68
2560,202,2363,77.68
2560,1701,1055,34.68
2560,1813,3125,102.68
38611,304,1025,33.68
38611,809,1664,54.68
38611,1117,3368,110.68
38611,1617,3368,110.68
38611,1801,2121,69.68
38611,1812,1572,51.68
85824,108,841,27.68
85824,305,841,27.68
85824,916,3003,98.68
57938,404,1268,41.68
57938,407,1268,41.68
57938,430,1268,41.68
57938,1898,1511,49.68
81460,203,1937,63.68
81460,1801,1725,56.68
81460,1802,1055,34.68
31659,1812,3337,109.68
27034,411,933,30.68
62558,202,2486,81.68
62558,414,1572,51.68
62558,1105,1664,54.68
62558,1113,964,31.68
62558,1898,2060,67.68
2413,305,1845,60.68
2413,398,1845,60.68
86421,305,841,27.68
86421,1616,2516,82.68
86421,1801,2547,83.68
68983,304,1817,59.68
68983,305,1817,59.68
68983,307,1817,59.68
68983,504,1817,59.68
90108,610,4343,142.68
90108,1105,1695,55.68
90108,1898,1695,55.68
49581,304,1786,58.68
49581,306,1786,58.68
49581,898,1086,35.68
49581,1802,1146,37.68
22041,304,2638,86.68
22041,305,1299,42.68
22041,498,3459,113.68
22041,504,3186,104.68
22041,809,3582,117.68
95273,403,690,22.68
95273,704,690,22.68
72796,208,2852,93.68
72796,305,1299,42.68
72796,432,2941,96.68
72796,1802,1391,45.68
73638,1701,1968,64.68
73638,1813,1511,49.68
69439,430,3368,110.68
70570,305,1633,53.68
70570,712,1968,64.68
70570,1198,1876,61.68
70570,1215,2060,67.68
96676,498,1786,58.68
96676,1106,1452,47.68
96676,1110,1452,47.68
96676,1113,1452,47.68
96676,1617,4282,140.68
96676,1634,4313,141.68
96676,1701,3947,129.68
96676,1705,2791,91.68
96676,1801,3306,108.68
53449,1312,2029,66.68
53449,1998,2241,73.68
2011,1105,3763,123.68
2011,1610,4037,132.68
2011,1617,4037,132.68
2011,1705,1542,50.68
48465,102,1725,56.68
74412,1701,2455,80.68
74412,1703,1086,35.68
74412,1801,1360,44.68
25818,1116,1268,41.68
70656,306,1086,35.68
70656,405,2029,66.68
70656,426,2029,66.68
70656,1617,2972,97.68
70656,1801,2882,94.68
11397,504,2972,97.68
11397,916,2607,85.68
48513,1627,1603,52.68
87480,305,2821,92.68
87480,1898,2821,92.68
63606,916,1452,47.68
92309,504,1238,40.68
92309,1110,1695,55.68
92057,205,1511,49.68
92057,426,5377,176.68
92057,906,902,29.68
92057,1105,2425,79.68
92057,1110,1268,41.68
92057,1801,3003,98.68
92057,1815,2425,79.68
38840,712,1146,37.68
87097,306,4525,148.68
87097,1708,2760,90.68
87097,1812,4647,152.68
28510,426,2607,85.68
28510,1312,2241,73.68
11971,101,1695,55.68
11971,103,1695,55.68
11971,305,1725,56.68
11971,504,1330,43.68
11971,1307,1695,55.68
92479,102,1511,49.68
92479,104,1511,49.68
92479,201,1876,61.68
92479,205,2241,73.68
92479,304,2972,97.68
6260,405,933,30.68
6260,424,933,30.68
22702,116,933,30.68
22702,202,4129,135.68
22702,304,4129,135.68
22702,411,2455,80.68
22702,426,1603,52.68
22702,428,1207,39.68
22702,432,1207,39.68
22702,1634,1633,53.68
22702,1798,4129,135.68
22702,1817,3763,123.68
42501,304,1086,35.68
42501,398,1664,54.68
42501,504,1086,35.68
42501,1637,1299,42.68
32854,202,1268,41.68
96316,412,872,28.68
96316,423,872,28.68
96316,1617,690,22.68
14993,108,902,29.68
14993,198,964,31.68
14993,1113,1391,45.68
14993,1898,964,31.68
91404,203,2547,83.68
91404,206,1177,38.68
91404,406,3278,107.68
91404,426,2972,97.68
91404,432,1391,45.68
91404,1414,1664,54.68
91404,1601,2363,77.68
91404,1812,841,27.68
38612,205,1511,49.68
38612,305,1876,61.68
38612,306,1876,61.68
38612,411,2972,97.68
38612,1110,2972,97.68
46139,306,841,27.68
63675,304,1115,36.68
63675,305,994,32.68
63675,306,1055,34.68
63675,713,4129,135.68
63675,1698,5132,168.68
63675,1812,5104,167.68
22704,426,1480,48.68
22704,1898,933,30.68
95051,1108,811,26.68
82262,108,1511,49.68
82262,305,1238,40.68
82262,311,2760,90.68
82262,1198,2852,93.68
82262,1605,2913,95.68
82262,1617,3033,99.68
73613,398,1756,57.68
73613,498,3247,106.68
12858,1605,1115,36.68
57828,498,1086,35.68
57828,713,1725,56.68
57828,798,1511,49.68
57828,1898,1025,33.68
80101,916,902,29.68
80101,1117,1055,34.68
80101,1609,2760,90.68
80101,1813,2121,69.68
91877,305,964,31.68
91877,1812,2182,71.68
89199,1598,4586,150.68
89199,304,1452,47.68
89199,804,4586,150.68
89199,1198,1238,40.68
89915,906,1238,40.68
89915,1798,1238,40.68
16004,198,872,28.68
16004,1301,872,28.68
16004,1801,1086,35.68
88777,304,1876,61.68
88777,1112,841,27.68
87963,708,1603,52.68
87963,1118,1268,41.68
94140,304,933,30.68
94140,305,933,30.68
93999,205,1421,46.68
93999,602,1391,45.68
93999,805,902,29.68
93999,911,721,23.68
71594,304,1633,53.68
71594,305,1633,53.68
71594,426,2363,77.68
71594,1619,4859,159.68
71594,1812,1238,40.68
5323,305,2882,94.68
5323,514,964,31.68
5323,711,964,31.68
5323,1615,964,31.68
5323,1801,1876,61.68
64431,108,3702,121.68
64431,430,4494,147.68
64431,713,2821,92.68
64431,1117,2852,93.68
28939,1108,902,29.68
77061,1198,1025,33.68
77061,1898,1025,33.68
91823,809,2241,73.68
85413,104,2394,78.68
85413,305,1086,35.68
85413,1601,3824,125.68
61156,304,4464,146.68
61156,426,1391,45.68
61156,914,1391,45.68
61156,1619,4678,153.68
17517,304,933,30.68
17517,1113,1207,39.68
17517,1801,2455,80.68
85537,202,902,29.68
85537,423,994,32.68
85537,426,2852,93.68
85537,1117,2699,88.68
53968,504,4525,148.68
53968,104,902,29.68
53968,108,933,30.68
53968,412,4402,144.68
53968,504,4525,148.68
53968,598,1452,47.68
53968,1803,2760,90.68
53968,1817,1086,35.68
36553,1812,2607,85.68
77809,1001,1664,54.68
77809,203,994,32.68
77809,1617,1845,60.68
77809,1634,1876,61.68
27867,304,1115,36.68
27867,305,1115,36.68
27867,423,1299,42.68
27867,705,3247,106.68
27867,1106,1998,65.68
27867,1113,1756,57.68
27867,1703,3947,129.68
27867,1801,3702,121.68
3119,112,3125,102.68
3119,407,902,29.68
3119,411,902,29.68
3119,429,902,29.68
3119,430,3064,100.68
3119,1105,1207,39.68
3119,1637,2913,95.68
83121,1605,1268,41.68
13253,304,902,29.68
2597,206,2090,68.68
2597,405,4037,132.68
2597,410,3671,120.68
2597,411,1360,44.68
2597,428,1452,47.68
2597,914,1817,59.68
2597,1005,2547,83.68
2597,1312,2182,71.68
89891,108,933,30.68
89891,706,902,29.68
89891,713,902,29.68
64419,915,1725,56.68
64419,916,1177,38.68
64419,1215,2455,80.68
64419,1305,1360,44.68
64419,1710,2029,66.68
61360,108,1756,57.68
61360,110,1756,57.68
61360,202,1695,55.68
61360,306,3763,123.68
61360,405,2363,77.68
61360,406,3125,102.68
61360,410,3094,101.68
61360,421,2363,77.68
61360,1605,1391,45.68
61360,1637,2821,92.68
18317,423,902,29.68
18317,809,1937,63.68
18317,1113,994,32.68
18317,1698,933,30.68
73775,412,1268,41.68
73775,916,1055,34.68
90709,304,2516,82.68
90709,307,2516,82.68
77854,102,2486,81.68
77854,116,2486,81.68
77854,304,933,30.68
77854,305,1177,38.68
77854,307,933,30.68
77854,309,1937,63.68
77854,1111,1207,39.68
77854,1117,933,30.68
77854,1630,5621,184.68
77854,1801,3156,103.68
32762,1630,1268,41.68
97038,410,872,28.68
97038,411,872,28.68
97038,705,872,28.68
97038,1616,3003,98.68
97038,1619,3003,98.68
97038,1622,3003,98.68
97038,1634,3003,98.68
97038,1637,3003,98.68
97038,1640,3003,98.68
97038,1810,3398,111.68
98975,305,721,23.68
43742,304,1299,42.68
43742,305,1299,42.68
43742,1622,2090,68.68
43742,1801,1299,42.68
43742,1805,1786,58.68
43742,1809,1299,42.68
58052,705,1055,34.68
58052,1811,1633,53.68
10075,108,2090,68.68
10075,423,1756,57.68
17262,426,5163,169.68
17262,1113,1786,58.68
17262,1801,4739,155.68
17136,1704,1115,36.68
74850,198,841,27.68
74850,304,1238,40.68
74850,306,841,27.68
74850,415,3306,108.68
74850,1605,3306,108.68
74850,1703,2821,92.68
15326,1798,3612,118.68
15326,1898,1480,48.68
338,707,2121,69.68
338,1113,1968,64.68
338,1628,2121,69.68
338,1810,2121,69.68
46863,610,1421,46.68
46863,1627,1055,34.68
46863,1801,1086,35.68
13210,412,2241,73.68
13210,1605,2241,73.68
22318,305,1480,48.68
22318,310,1480,48.68
22318,1605,1480,48.68
22318,1612,1480,48.68
22318,1619,1480,48.68
22318,1640,1480,48.68
89708,1801,902,29.68
103243,412,1360,44.68
103243,423,2090,68.68
103243,1898,2972,97.68
21974,103,1998,65.68
21974,120,1998,65.68
21974,304,1146,37.68
21974,307,1146,37.68
21974,406,1633,53.68
21974,504,1998,65.68
21974,1801,3582,117.68
21974,1812,3733,122.68
55046,109,1876,61.68
55046,1640,4433,145.68
55046,1801,3247,106.68
55046,1815,2151,70.68
70346,201,1299,42.68
70346,306,3855,126.68
70346,798,3855,126.68
70346,1215,1086,35.68
70346,1298,1086,35.68
70346,1898,1146,37.68
1857,1110,2121,69.68
6597,423,964,31.68
6597,1703,1025,33.68
69567,198,7355,241.68
69567,198,7355,241.68
69567,411,7051,231.68
69567,1617,7051,231.68
29580,304,1452,47.68
29580,705,1391,45.68
7582,1605,2699,88.68
87443,101,1633,53.68
87443,103,1633,53.68
87443,1105,1937,63.68
87443,1817,872,28.68
73317,910,1998,65.68
46204,432,964,31.68
46204,1801,1025,33.68
89492,1617,3368,110.68
89492,1701,1603,52.68
89492,1705,1025,33.68
89492,1812,1817,59.68
89492,1813,1330,43.68
77803,202,1786,58.68
77803,1801,964,31.68
77803,1805,1360,44.68
50652,305,1725,56.68
50652,426,1391,45.68
50652,1627,2029,66.68
90337,306,2182,71.68
90337,313,2182,71.68
7852,1110,1968,64.68
10384,1801,1452,47.68
46399,198,2363,77.68
59214,304,1207,39.68
59214,305,6108,200.68
59214,906,902,29.68
59214,1312,5529,181.68
59214,1628,2972,97.68
59214,1701,4739,155.68
76360,304,2151,70.68
76360,305,2151,70.68
76360,306,2151,70.68
76360,411,3094,101.68
76360,423,1725,56.68
76360,1703,2852,93.68
76360,1801,1786,58.68
8692,1598,902,29.68
8692,1110,902,29.68
39782,1205,841,27.68
37843,398,2151,70.68
37843,1898,2090,68.68
46479,313,1633,53.68
22361,112,2516,82.68
78999,104,1695,55.68
78999,198,1695,55.68
78999,304,1115,36.68
78999,305,1299,42.68
78999,405,2668,87.68
78999,412,2668,87.68
78999,423,2668,87.68
78999,424,2668,87.68
78999,426,2668,87.68
62227,915,1146,37.68
62227,916,1146,37.68
23915,201,1664,54.68
23915,202,1025,33.68
23915,426,1330,43.68
23915,1801,1391,45.68
23915,1817,1330,43.68
48327,306,964,31.68
48327,1105,3551,116.68
48327,1701,2791,91.68
24908,1810,2547,83.68
56301,424,1360,44.68
99345,116,1207,39.68
99345,202,1542,50.68
99345,426,1572,51.68
99345,511,1330,43.68
99345,1098,2363,77.68
99345,1113,1299,42.68
99345,1312,1330,43.68
99345,1703,994,32.68
99345,1817,1391,45.68
82405,412,2455,80.68
82405,426,2455,80.68
82405,428,872,28.68
82405,712,1207,39.68
82405,713,1146,37.68
39224,205,2972,97.68
39224,304,4798,157.68
39224,708,5894,193.68
39224,709,5894,193.68
39224,1708,2972,97.68
99928,423,599,19.68
99928,1605,1786,58.68
99928,1617,1817,59.68
99928,1623,1817,59.68
99928,1630,1786,58.68
99928,1801,994,32.68
89090,305,1360,44.68
89090,306,1360,44.68
89090,310,3278,107.68
89090,1637,1025,33.68
3790,305,3337,109.68
3790,504,2182,71.68
3790,519,2182,71.68
3790,612,2882,94.68
3790,809,2210,72.68
3790,910,4374,143.68
3790,1106,1086,35.68
3790,1117,3947,129.68
3790,1198,1086,35.68
32740,306,1968,64.68
32740,1117,1238,40.68
32740,1627,1542,50.68
32740,1634,1907,62.68
79798,304,1115,36.68
79798,305,1115,36.68
79798,908,2547,83.68
79798,1801,1207,39.68
79798,1810,5621,184.68
5967,102,1360,44.68
5967,205,1360,44.68
5967,498,1299,42.68
5967,504,964,31.68
5967,511,964,31.68
5967,612,1360,44.68
5967,1118,1360,44.68
5967,1605,902,29.68
5967,1801,1968,64.68
14985,107,2394,78.68
14985,305,1055,34.68
14985,612,1725,56.68
14985,1898,2029,66.68
24874,915,2607,85.68
24874,916,902,29.68
24874,998,2972,97.68
24874,1305,1876,61.68
24874,1307,2941,96.68
24874,1804,5012,164.68
2616,428,1146,37.68
2616,1817,4617,151.68
30023,102,1025,33.68
30023,305,1207,39.68
13430,423,1268,41.68
78654,1105,2060,67.68
78654,1617,3337,109.68
85467,429,994,32.68
85467,1627,1845,60.68
36872,304,1876,61.68
36872,604,1238,40.68
36872,914,1177,38.68
36872,1701,1421,46.68
52403,1119,994,32.68
60078,1622,1664,54.68
60078,1812,1268,41.68
1067,306,1907,62.68
59025,1598,1725,56.68
59025,1008,902,29.68
59025,1015,1603,52.68
59025,1609,1603,52.68
59025,1616,1025,33.68
59025,1617,1330,43.68
59025,1634,933,30.68
59025,1637,933,30.68
59025,1813,902,29.68
59025,1898,964,31.68
48347,198,1603,52.68
48347,202,1299,42.68
48347,405,1268,41.68
48347,407,1268,41.68
48347,410,1268,41.68
48347,423,1268,41.68
48347,498,1268,41.68
48347,1615,1207,39.68
48347,1898,1603,52.68
5111,1622,2241,73.68
29136,102,1207,39.68
29136,1817,1025,33.68
29136,1998,1876,61.68
61184,1801,1572,51.68
82266,432,994,32.68
90396,403,2972,97.68
90396,704,2972,97.68
90396,412,2090,68.68
90396,712,2090,68.68
90396,719,2090,68.68
48507,426,1055,34.68
48507,602,1725,56.68
48507,1106,2241,73.68
52934,202,2547,83.68
52934,411,1055,34.68
52934,712,2547,83.68
52934,1817,1025,33.68
29683,108,964,31.68
29683,1609,902,29.68
39053,426,933,30.68
39053,1105,2576,84.68
39053,1117,2576,84.68
60627,298,933,30.68
45430,107,1086,35.68
45430,111,1086,35.68
45430,112,1086,35.68
5987,426,4374,143.68
5987,1898,994,32.68
33532,304,1146,37.68
33532,408,2607,85.68
33532,1105,2821,92.68
33532,1113,2090,68.68
84688,405,3794,124.68
84688,423,3855,126.68
20690,101,2182,71.68
20690,104,4433,145.68
20690,198,1330,43.68
20690,713,1086,35.68
20690,1110,5194,170.68
20690,1305,2241,73.68
20690,1617,4008,131.68
20690,1701,1817,59.68
84242,1617,811,26.68
99031,406,964,31.68
99031,1703,1115,36.68
91317,423,2151,70.68
91317,428,841,27.68
91317,705,2547,83.68
91317,1634,1330,43.68
2909,423,2121,69.68
2775,415,1695,55.68
2775,1110,1299,42.68
2775,1112,1299,42.68
2775,1640,3247,106.68
2775,1802,1664,54.68
39102,1801,1330,43.68
20263,1113,1876,61.68
48436,305,2151,70.68
48436,1619,4068,133.68
27008,1617,1664,54.68
27008,1623,2090,68.68
16284,108,1391,45.68
16284,1113,2941,96.68
16284,1627,3551,116.68
66062,101,1633,53.68
66062,205,1633,53.68
66062,306,1603,52.68
66062,310,6443,211.68
66062,414,2760,90.68
66062,809,872,28.68
66062,1111,2029,66.68
66062,1210,2029,66.68
66062,1634,6412,210.68
66062,1640,6412,210.68
9833,1801,1238,40.68
73137,698,1756,57.68
73137,1619,1786,58.68
2966,1703,994,32.68
52504,305,994,32.68
52504,411,3521,115.68
52504,426,1603,52.68
52504,432,3398,111.68
2178,304,3247,106.68
2178,412,3916,128.68
2178,1113,933,30.68
2178,1622,2760,90.68
2178,1634,2760,90.68
85011,498,2913,95.68
85011,198,964,31.68
85011,202,1238,40.68
85011,304,1238,40.68
85011,307,841,27.68
85011,498,2913,95.68
57299,202,1055,34.68
57299,1701,1177,38.68
57299,1704,1480,48.68
57299,1710,1664,54.68
90164,1110,749,24.68
90164,1601,1299,42.68
79831,306,1542,50.68
79831,1105,1817,59.68
79831,1605,2425,79.68
79831,1617,2882,94.68
79831,1698,2882,94.68
22405,304,1055,34.68
22405,305,1055,34.68
22405,504,1756,57.68
22405,1106,933,30.68
22405,1801,5012,164.68
30792,704,3612,118.68
30792,410,2060,67.68
30792,411,2425,79.68
30792,916,2425,79.68
30792,1701,2151,70.68
5024,202,1055,34.68
5024,1701,933,30.68
5024,1704,1055,34.68
5024,1801,964,31.68
5024,1898,4190,137.68
92563,202,841,27.68
92563,405,872,28.68
92563,410,872,28.68
92563,1614,841,27.68
71314,1698,1268,41.68
71314,1804,1725,56.68
91865,101,1299,42.68
91865,201,2972,97.68
91865,202,2972,97.68
91865,203,2972,97.68
91865,305,1299,42.68
91865,404,2241,73.68
91865,407,2241,73.68
91865,1113,933,30.68
75723,101,1511,49.68
75723,103,1968,64.68
75723,201,1511,49.68
75723,306,2913,95.68
75723,705,2333,76.68
75723,708,1330,43.68
75723,711,2210,72.68
75723,1216,2210,72.68
75723,1801,5194,170.68
75723,1803,1968,64.68
5998,304,3916,128.68
5998,305,3916,128.68
5998,306,3916,128.68
5998,1803,1998,65.68
5998,1813,3947,129.68
58470,305,1786,58.68
58470,498,4068,133.68
58470,1010,933,30.68
58470,1614,2210,72.68
58470,1698,4068,133.68
58470,1701,933,30.68
58470,1706,3247,106.68
55248,304,4068,133.68
55248,305,2791,91.68
55248,1111,1268,41.68
55248,1816,1177,38.68
22403,426,1542,50.68
93943,206,2547,83.68
93943,304,3702,121.68
93943,305,811,26.68
93943,504,1511,49.68
93943,519,841,27.68
93943,707,811,26.68
93943,915,2394,78.68
93943,1217,4982,163.68
93943,1617,2760,90.68
93943,1801,3186,104.68
40929,101,2121,69.68
40929,118,2121,69.68
17676,405,1330,43.68
17676,410,1330,43.68
17676,423,1330,43.68
91302,1637,1572,51.68
91302,1817,1360,44.68
57522,411,1268,41.68
57522,428,1452,47.68
57522,705,1360,44.68
57522,708,1086,35.68
273,304,1664,54.68
273,1701,2210,72.68
273,1704,2576,84.68
273,1813,1025,33.68
65590,304,2729,89.68
65590,432,872,28.68
65590,1198,1299,42.68
65590,1701,2210,72.68
76821,310,4099,134.68
76821,798,1695,55.68
76821,916,3886,127.68
76821,1609,4099,134.68
76821,1617,4099,134.68
76821,1622,4099,134.68
76821,1802,2090,68.68
55483,102,872,28.68
55483,305,1664,54.68
55483,426,1299,42.68
55483,1701,841,27.68
55483,1703,1786,58.68
79179,102,1086,35.68
79179,108,1146,37.68
79179,205,1115,36.68
79179,404,1115,36.68
79179,415,1177,38.68
79179,605,1238,40.68
79179,915,1115,36.68
79179,1307,1115,36.68
7224,1105,872,28.68
7224,1113,1268,41.68
41905,304,1391,45.68
41905,1119,1025,33.68
63741,1805,2668,87.68
38118,304,1511,49.68
38118,1117,1725,56.68
38118,1701,1542,50.68
59978,304,1845,60.68
59978,708,3094,101.68
59978,709,3094,101.68
59978,1801,3824,125.68
18138,304,933,30.68
18138,1117,3551,116.68
97873,305,1330,43.68
97873,1701,1360,44.68
97873,1817,1633,53.68
72194,304,1086,35.68
72194,305,933,30.68
72194,1111,3551,116.68
12649,202,1360,44.68
12649,426,1360,44.68
14168,412,1115,36.68
41973,1215,2090,68.68
30049,1117,1055,34.68
30049,1622,721,23.68
74766,198,1633,53.68
74766,426,3217,105.68
74766,916,1177,38.68
74766,1015,4129,135.68
74766,1108,3947,129.68
74766,1304,2913,95.68
67606,198,1360,44.68
67606,398,3490,114.68
67606,1108,2699,88.68
67606,1113,2699,88.68
67606,1605,3521,115.68
67606,1617,1330,43.68
67606,1630,3551,116.68
67606,1634,3521,115.68
67606,1637,3521,115.68
67606,1701,1542,50.68
67606,1898,2699,88.68
84618,306,872,28.68
84618,1113,994,32.68
84618,1312,872,28.68
19173,707,1391,45.68
19173,1609,1238,40.68
42696,426,1876,61.68
42696,428,1876,61.68
98828,202,780,25.68
98828,423,780,25.68
87079,398,4190,137.68
87079,304,1146,37.68
87079,313,3459,113.68
87079,411,3459,113.68
87079,432,3459,113.68
87079,1614,3459,113.68
29982,205,2090,68.68
29982,304,1086,35.68
29982,305,1086,35.68
29982,405,4647,152.68
29982,1113,1725,56.68
56103,498,1299,42.68
56103,1634,1299,42.68
60359,102,1817,59.68
60359,206,1330,43.68
60359,304,1330,43.68
60359,305,1330,43.68
60359,398,3886,127.68
60359,1005,1603,52.68
60359,1605,2516,82.68
60359,1627,4555,149.68
60359,1816,2882,94.68
32816,305,3278,107.68
32816,1701,1115,36.68
32816,1705,2363,77.68
27789,1605,1664,54.68
27789,1617,1633,53.68
73005,1619,2638,86.68
49691,313,1664,54.68
49691,423,1572,51.68
49691,706,1299,42.68
49691,1609,1664,54.68
49691,1701,1542,50.68
49691,1812,1025,33.68
61778,102,1664,54.68
61778,201,1391,45.68
61778,504,964,31.68
61778,519,964,31.68
61778,915,1391,45.68
61778,1113,2121,69.68
27940,298,933,30.68
42220,1117,2547,83.68
44487,205,1146,37.68
44487,304,2972,97.68
44487,305,780,25.68
44487,307,2972,97.68
44487,908,780,25.68
44487,1798,1268,41.68
84978,305,1725,56.68
84978,428,2821,92.68
84978,610,3125,102.68
84978,1605,3125,102.68
84978,1801,3064,100.68
84978,1803,1146,37.68
93752,498,964,31.68
93752,916,2455,80.68
93752,1801,1664,54.68
46127,1609,2210,72.68
95540,1110,1452,47.68
95540,1798,964,31.68
95540,1801,1725,56.68
95540,1813,933,30.68
53240,304,1025,33.68
3205,304,933,30.68
3205,305,933,30.68
3205,428,933,30.68
3205,712,1817,59.68
3205,713,964,31.68
3205,911,1452,47.68
3205,1112,1086,35.68
3205,1619,2972,97.68
90974,108,841,27.68
24549,1605,2182,71.68
24549,1619,2791,91.68
24549,1701,2182,71.68
24549,1801,1238,40.68
24549,1802,2029,66.68
43319,1605,1603,52.68
43319,1617,1907,62.68
72227,1813,1268,41.68
65177,202,1055,34.68
65177,1801,964,31.68
65177,1813,994,32.68
18814,201,1876,61.68
18814,205,1876,61.68
18814,306,3521,115.68
18814,406,3247,106.68
18814,426,3702,121.68
18814,1113,994,32.68
28333,708,902,29.68
28333,915,4068,133.68
83368,1605,994,32.68
48309,1001,2576,84.68
59376,410,1572,51.68
59376,798,1572,51.68
59376,1605,1998,65.68
32077,202,872,28.68
32077,208,4282,140.68
32077,304,1207,39.68
32077,307,1207,39.68
32077,405,3916,128.68
32077,406,3916,128.68
32077,407,3916,128.68
32077,412,3916,128.68
32077,423,3916,128.68
32077,426,3916,128.68
32077,712,3916,128.68
32077,1113,1177,38.68
32077,1637,4464,146.68
24651,108,1480,48.68
24651,605,1480,48.68
24651,1117,2821,92.68
87653,203,1268,41.68
3916,432,902,29.68
3916,1627,841,27.68
3916,1637,1055,34.68
3916,1701,841,27.68
3916,1810,2516,82.68
3408,202,964,31.68
3408,408,1421,46.68
3408,1112,1207,39.68
3408,1617,1907,62.68
57012,1098,1725,56.68
38660,107,2151,70.68
38660,412,1907,62.68
71363,428,1725,56.68
71363,1617,3521,115.68
71363,1704,3368,110.68
71363,1817,3033,99.68
42096,306,1452,47.68
97000,1006,1330,43.68
97000,1112,1177,38.68
97000,1812,841,27.68
97741,1601,721,23.68
51920,304,2363,77.68
51920,406,1542,50.68
51920,408,1633,53.68
51920,428,1268,41.68
51920,1703,2576,84.68
79074,1105,1086,35.68
79074,1622,1511,49.68
5047,304,1421,46.68
5047,305,1421,46.68
5047,307,1421,46.68
65937,304,933,30.68
65937,305,933,30.68
65937,423,2972,97.68
65937,706,2941,96.68
75747,428,1664,54.68
75747,1701,1177,38.68
75747,1703,1330,43.68
92343,916,1664,54.68
92343,1015,1633,53.68
92343,1105,2607,85.68
92343,1117,2607,85.68
92343,1615,1177,38.68
92343,1616,3064,100.68
92343,1998,1177,38.68
21967,202,1115,36.68
21967,1701,1695,55.68
21967,1801,1542,50.68
96464,713,780,25.68
96464,1637,964,31.68
96464,1801,2425,79.68
19943,198,1725,56.68
19943,709,1025,33.68
20800,298,2576,84.68
20800,432,1055,34.68
20800,1801,2302,75.68
20800,1817,994,32.68
74434,427,933,30.68
74434,428,1146,37.68
74434,504,3368,110.68
15863,423,933,30.68
15863,1801,1480,48.68
47198,1605,2394,78.68
47198,1701,1968,64.68
91800,202,4464,146.68
91800,406,4525,148.68
91800,412,2729,89.68
47968,504,1177,38.68
47968,1605,5529,181.68
47968,1798,4951,162.68
93877,1113,1452,47.68
12669,1598,2576,84.68
89495,414,1330,43.68
89495,419,2852,93.68
89495,1105,1025,33.68
89495,1605,3217,105.68
508,304,2547,83.68
508,423,2913,95.68
508,706,1452,47.68
100312,608,1421,46.68
100312,1214,1421,46.68
82720,1605,1055,34.68
93543,304,1086,35.68
93543,306,2699,88.68
93543,405,3125,102.68
93543,1636,2791,91.68
72004,304,1391,45.68
72004,1108,1391,45.68
72004,1616,1330,43.68
72004,1617,1330,43.68
72004,1817,3551,116.68
23147,306,2455,80.68
23147,426,2121,69.68
23147,1803,2394,78.68
23147,1898,1360,44.68
20079,104,1725,56.68
20079,313,1725,56.68
20079,415,1725,56.68
20079,708,1299,42.68
84094,115,1603,52.68
84094,304,841,27.68
79530,305,1421,46.68
79530,798,994,32.68
88589,202,1055,34.68
88589,423,3306,108.68
88589,1614,1421,46.68
88589,1817,2576,84.68
88050,304,1421,46.68
88050,412,2821,92.68
88050,713,1330,43.68
88050,1801,1603,52.68
88050,1813,2272,74.68
83507,198,933,30.68
83507,405,3824,125.68
83507,432,841,27.68
83507,1198,4678,153.68
83507,1601,933,30.68
83507,1627,2821,92.68
83507,1812,3612,118.68
95790,1801,690,22.68
65197,1810,5925,194.68
89167,708,933,30.68
89167,1617,1025,33.68
85177,915,1845,60.68
85177,1305,1817,59.68
78981,304,1238,40.68
78981,305,1238,40.68
78981,803,1330,43.68
78981,1312,1391,45.68
78981,1801,1664,54.68
13257,304,933,30.68
13257,305,933,30.68
13257,404,3855,126.68
13257,1817,933,30.68
58847,412,5132,168.68
58847,426,5012,164.68
58847,429,5132,168.68
58847,1119,4647,152.68
58847,1637,2363,77.68
58847,1802,4160,136.68
94744,298,721,23.68
94744,1798,1603,52.68
93549,109,749,24.68
93549,1617,1238,40.68
93549,1622,964,31.68
1523,112,2060,67.68
1523,426,3186,104.68
1523,1817,3916,128.68
14649,412,1756,57.68
14649,1617,1817,59.68
91530,704,2821,92.68
91530,706,964,31.68
91530,1298,1786,58.68
13277,406,1421,46.68
102687,915,2121,69.68
102687,1110,2516,82.68
76105,809,1299,42.68
76105,1112,3947,129.68
76105,1802,3733,122.68
76105,1898,1452,47.68
99113,430,1055,34.68
99113,1622,1055,34.68
99113,1698,1055,34.68
93991,304,1756,57.68
93991,415,872,28.68
93991,713,1115,36.68
93991,1637,1937,63.68
93991,1798,1115,36.68
29399,101,902,29.68
29399,102,2607,85.68
29399,201,1876,61.68
29399,202,4798,157.68
29399,304,2547,83.68
29399,305,2547,83.68
29399,407,4767,156.68
29399,423,4767,156.68
29399,428,3916,128.68
29399,1205,1786,58.68
29399,1803,902,29.68
15485,304,933,30.68
15485,405,1115,36.68
15485,410,1115,36.68
15485,411,1725,56.68
15485,423,933,30.68
15485,426,933,30.68
15485,1609,1725,56.68
15485,1622,1330,43.68
15485,1634,1725,56.68
19285,404,1268,41.68
19285,407,1268,41.68
19285,916,2699,88.68
19285,1698,1268,41.68
19285,1801,1360,44.68
90976,428,964,31.68
49672,304,1330,43.68
49672,428,933,30.68
69548,407,964,31.68
69548,421,1025,33.68
69548,1117,1207,39.68
69548,1212,1998,65.68
69548,1804,2151,70.68
69548,1810,2151,70.68
69548,1812,964,31.68
64356,107,2241,73.68
64356,202,1330,43.68
64356,510,1115,36.68
91881,1617,1695,55.68
91881,1801,1268,41.68
41711,1701,1876,61.68
5242,102,811,26.68
5242,201,1268,41.68
5242,205,811,26.68
5242,304,599,19.68
5242,305,1725,56.68
5242,405,5163,169.68
5242,423,5163,169.68
5242,426,5163,169.68
5242,1117,4068,133.68
5242,1627,3886,127.68
58064,404,1756,57.68
58064,406,1756,57.68
58064,412,811,26.68
58064,414,811,26.68
58064,429,1756,57.68
58064,916,1695,55.68
58064,1113,811,26.68
58064,1305,1695,55.68
65041,102,1511,49.68
65041,304,1511,49.68
65041,608,1876,61.68
65041,1113,2241,73.68
65041,1211,1876,61.68
65041,1602,1115,36.68
28537,1627,3582,117.68
8021,208,2090,68.68
8021,304,964,31.68
8021,407,1330,43.68
8021,1898,933,30.68
98343,1634,1664,54.68
25775,304,2210,72.68
25775,809,1360,44.68
38714,305,2272,74.68
38714,1801,2090,68.68
68958,1706,4647,152.68
68958,1813,4252,139.68
68958,1817,2394,78.68
82444,610,3217,105.68
82444,709,3217,105.68
82444,1622,3217,105.68
82444,1812,3217,105.68
4207,428,1177,38.68
4207,1113,933,30.68
4207,1701,1115,36.68
4207,1898,933,30.68
59628,304,3186,104.68
59628,306,5012,164.68
59628,711,1360,44.68
59628,1215,1391,45.68
59628,1802,5955,195.68
59628,1898,5955,195.68
101015,1898,1421,46.68
870,306,933,30.68
870,411,1299,42.68
870,1637,933,30.68
870,1801,1452,47.68
9762,101,3125,102.68
9762,106,3125,102.68
9762,1198,1817,59.68
9762,304,1086,35.68
9762,1105,1876,61.68
9762,1106,1876,61.68
9762,1622,3125,102.68
9762,1634,3064,100.68
9762,1701,2913,95.68
9762,1798,2821,92.68
9762,1801,994,32.68
83506,1605,1725,56.68
83506,1701,1177,38.68
21440,108,1268,41.68
21440,504,933,30.68
21440,510,933,30.68
21440,915,1511,49.68
21440,916,1055,34.68
30971,1605,902,29.68
42717,201,1876,61.68
42717,304,4798,157.68
100360,1812,660,21.68
63076,915,1511,49.68
63076,1111,2607,85.68
63076,1113,2607,85.68
63076,1312,1876,61.68
28529,305,4190,137.68
39089,202,1115,36.68
39089,1113,2972,97.68
39089,1801,964,31.68
959,304,2791,91.68
959,1215,6504,213.68
959,1634,6473,212.68
4518,1622,1725,56.68
4518,1704,1146,37.68
83392,202,1817,59.68
83392,304,1664,54.68
83392,305,1664,54.68
83392,307,1664,54.68
83392,428,2029,66.68
83392,911,1207,39.68
83392,912,1025,33.68
83392,1005,1086,35.68
83392,1198,2425,79.68
83392,1298,2425,79.68
83392,1617,3551,116.68
83392,1627,4252,139.68
48585,304,1268,41.68
48585,1110,4282,140.68
48585,1605,6504,213.68
102191,304,476,15.68
102191,1701,902,29.68
81666,304,1786,58.68
81666,407,2425,79.68
81666,423,2425,79.68
81666,426,2425,79.68
99642,201,872,28.68
99642,298,1572,51.68
99642,304,5590,183.68
99642,305,2363,77.68
99642,306,2363,77.68
99642,307,5590,183.68
99642,607,1633,53.68
99642,711,629,20.68
99642,908,690,22.68
99642,1111,2455,80.68
99642,1215,721,23.68
99642,1637,2455,80.68
99642,1813,4494,147.68
99642,1817,4252,139.68
88898,1622,1025,33.68
100147,415,721,23.68
100147,1817,749,24.68
4829,1637,1725,56.68
4829,1812,1268,41.68
72601,104,1817,59.68
72601,202,872,28.68
72601,411,3855,126.68
72601,412,4252,139.68
72601,914,1025,33.68
72601,916,1177,38.68
72601,1701,1452,47.68
61165,108,933,30.68
61165,709,1086,35.68
61165,712,1086,35.68
99818,1617,872,28.68
99818,1634,872,28.68
100520,1110,690,22.68
100520,1113,690,22.68
100520,1630,3794,124.68
28675,423,2607,85.68
26195,1701,1725,56.68
26195,1703,1725,56.68
36603,101,507,16.68
36603,612,476,15.68
17091,1801,1421,46.68
65247,1701,1360,44.68
90617,304,902,29.68
90617,305,872,28.68
90617,306,1299,42.68
90617,307,902,29.68
90617,1198,2913,95.68
90617,1605,3643,119.68
101091,304,721,23.68
101091,412,721,23.68
58846,107,3824,125.68
58846,305,1756,57.68
58846,713,2060,67.68
57429,426,964,31.68
71431,1105,1330,43.68
71431,1617,4037,132.68
71431,1817,2791,91.68
50890,1634,1360,44.68
50890,1798,1146,37.68
12760,202,933,30.68
12760,414,902,29.68
19759,426,2425,79.68
19759,1708,3125,102.68
31840,305,1360,44.68
31840,1609,1360,44.68
31840,1698,1055,34.68
65521,405,994,32.68
65521,1605,1907,62.68
65521,1617,1695,55.68
65521,1701,1086,35.68
82814,311,4647,152.68
82814,313,4647,152.68
82814,708,1115,36.68
7954,103,1603,52.68
7954,1113,1664,54.68
7954,1814,4617,151.68
96973,1215,2791,91.68
96973,1605,2852,93.68
96973,1801,2425,79.68
9721,1298,1086,35.68
9721,1622,4525,148.68
9721,1634,4525,148.68
9721,1637,4525,148.68
9721,1640,4525,148.68
96586,423,749,24.68
20510,305,964,31.68
20510,306,964,31.68
20510,915,1025,33.68
20510,1118,2425,79.68
20510,1898,1025,33.68
85796,206,1115,36.68
85796,407,1937,63.68
85796,411,2455,80.68
85796,498,1937,63.68
85796,1105,994,32.68
85796,1605,4037,132.68
85796,1698,1937,63.68
76191,1616,1876,61.68
76191,1636,4343,142.68
76191,1637,1299,42.68
76191,1812,3794,124.68
76191,1817,2210,72.68
91835,201,1511,49.68
898,1105,1177,38.68
47825,304,1633,53.68
47825,305,1633,53.68
47825,307,1633,53.68
47825,404,3125,102.68
47825,428,1299,42.68
47825,708,1452,47.68
47825,709,1452,47.68
47825,916,902,29.68
47825,1113,2029,66.68
47825,1215,1786,58.68
47825,1640,3125,102.68
80380,202,1025,33.68
80380,404,4099,134.68
80380,405,4099,134.68
80380,424,4068,133.68
80380,1113,1025,33.68
80380,1628,3824,125.68
5809,1704,1725,56.68
85960,305,811,26.68
85960,504,2760,90.68
59957,708,1207,39.68
74762,425,4829,158.68
74762,610,2455,80.68
74762,612,2455,80.68
74762,714,3886,127.68
74762,798,3459,113.68
74762,1801,3186,104.68
95158,504,1025,33.68
95158,1801,2425,79.68
81089,1204,1330,43.68
37564,405,3125,102.68
37564,498,964,31.68
37564,504,1268,41.68
37564,713,8482,278.68
37564,1612,3156,103.68
89551,412,1268,41.68
89551,423,1268,41.68
92522,304,1025,33.68
92522,305,1025,33.68
92522,1198,2607,85.68
34810,715,2241,73.68
923,424,3125,102.68
923,426,3306,108.68
923,1110,3612,118.68
923,1817,3612,118.68
670,428,2791,91.68
670,803,872,28.68
670,1118,841,27.68
670,1704,3824,125.68
87120,203,1177,38.68
87120,1605,3521,115.68
76172,1015,2852,93.68
76172,1814,3824,125.68
71506,298,841,27.68
71506,915,1177,38.68
71506,1622,4829,158.68
87812,108,964,31.68
87812,304,1086,35.68
87812,1801,2425,79.68
69789,305,902,29.68
69789,411,1695,55.68
69789,430,2210,72.68
69789,432,1025,33.68
88706,916,902,29.68
88706,1307,1360,44.68
11333,304,1025,33.68
11333,430,2972,97.68
11333,705,1025,33.68
11333,1698,2972,97.68
11333,1812,2852,93.68
76013,498,2394,78.68
76013,1801,1268,41.68
80143,405,1876,61.68
80143,406,1817,59.68
80143,1705,1299,42.68
80143,1810,1817,59.68
751,1622,4767,156.68
751,1634,4739,155.68
751,1812,1725,56.68
36555,1117,3064,100.68
91585,428,1055,34.68
82707,202,1360,44.68
82707,498,1360,44.68
82707,713,2638,86.68
82707,798,841,27.68
82707,1105,994,32.68
82707,1637,3125,102.68
82707,1817,2699,88.68
73009,411,1725,56.68
73009,414,1115,36.68
73009,426,1817,59.68
73009,498,994,32.68
73009,1619,1998,65.68
20884,706,1725,56.68
20884,1816,2455,80.68
20884,1817,2576,84.68
67280,1113,2821,92.68
67280,1637,4647,152.68
67280,1709,3398,111.68
98722,1001,902,29.68
98722,313,902,29.68
98722,411,841,27.68
98722,432,780,25.68
98722,1098,902,29.68
98722,1802,872,28.68
77851,102,1391,45.68
77851,304,1391,45.68
77851,305,1664,54.68
77851,307,1391,45.68
77851,504,1391,45.68
64704,916,1330,43.68
64704,1816,1360,44.68
25666,304,1633,53.68
51377,1298,1452,47.68
51377,1298,1452,47.68
51377,1614,1299,42.68
88482,108,2121,69.68
88482,412,1725,56.68
88482,426,1756,57.68
88482,713,4313,141.68
88482,916,2729,89.68
88482,1605,3977,130.68
88482,1617,4433,145.68
88482,1704,4008,131.68
22204,426,964,31.68
22204,1801,2852,93.68
89286,1617,1207,39.68
96119,202,721,23.68
96119,306,721,23.68
96119,1113,811,26.68
76674,1104,1299,42.68
29464,1616,1603,52.68
92510,1013,811,26.68
102392,304,1115,36.68
102392,426,599,19.68
94984,405,1055,34.68
86792,1801,1480,48.68
73371,1898,1725,56.68
35617,708,1268,41.68
35617,712,1086,35.68
35617,1609,1421,46.68
91196,305,902,29.68
91196,406,933,30.68
67586,305,811,26.68
67586,404,1115,36.68
67586,411,4617,151.68
67586,423,872,28.68
67586,705,1055,34.68
67586,1312,2363,77.68
67586,1605,4617,151.68
67586,1634,2729,89.68
67586,1637,4617,151.68
67586,1898,5163,169.68
84137,1619,964,31.68
84137,1801,994,32.68
84137,1898,902,29.68
24821,1812,1025,33.68
92484,198,2607,85.68
92484,202,2241,73.68
92484,407,811,26.68
92484,1113,1876,61.68
92484,1627,1725,56.68
92484,1810,2090,68.68
52643,1614,2516,82.68
52643,1617,3643,119.68
52643,1801,3306,108.68
13527,102,2121,69.68
13527,201,2121,69.68
13527,304,3582,117.68
13527,305,3582,117.68
13527,1616,3551,116.68
49771,1634,1055,34.68
9226,305,2090,68.68
9226,306,2090,68.68
9226,915,2210,72.68
9226,1703,2821,92.68
9226,1801,1695,55.68
9226,1898,2394,78.68
84204,202,1633,53.68
84204,1705,1817,59.68
83031,305,1025,33.68
83031,712,2638,86.68
83031,1619,2791,91.68
87956,426,964,31.68
87956,428,1572,51.68
87956,1637,2363,77.68
93096,407,1268,41.68
93096,426,3490,114.68
93096,1630,4252,139.68
93096,1813,4099,134.68
76529,202,2576,84.68
76529,203,3186,104.68
76529,304,1845,60.68
76529,306,1664,54.68
76529,313,3217,105.68
76529,426,2576,84.68
76529,708,1086,35.68
76529,1105,933,30.68
76529,1805,3094,101.68
76529,1816,994,32.68
76529,1817,1115,36.68
1634,1215,1998,65.68
10223,101,2363,77.68
10223,102,2363,77.68
10223,205,2972,97.68
10223,1106,2821,92.68
10223,1205,1480,48.68
91609,114,1603,52.68
91609,306,994,32.68
69994,504,5529,181.68
69994,114,1511,49.68
69994,1701,3186,104.68
17047,202,1998,65.68
17047,1812,1937,63.68
46681,809,994,32.68
46681,1701,1086,35.68
82019,708,1876,61.68
82019,709,1055,34.68
82019,712,994,32.68
82019,713,1845,60.68
27100,1622,872,28.68
27100,1637,872,28.68
36693,102,2241,73.68
36693,304,1115,36.68
36693,432,1086,35.68
36693,708,994,32.68
36693,710,933,30.68
36693,714,2607,85.68
36693,1113,1968,64.68
36693,1898,994,32.68
50274,202,1115,36.68
63546,298,1238,40.68
63546,304,2121,69.68
63546,305,2121,69.68
63546,423,1452,47.68
62830,304,5163,169.68
62830,305,4433,145.68
62830,307,3337,109.68
62830,712,4798,157.68
62830,719,4068,133.68
62830,1113,4433,145.68
62830,1801,6624,217.68
41726,1605,1542,50.68
93595,423,1756,57.68
93595,705,1086,35.68
93595,713,1786,58.68
93595,1617,1845,60.68
93595,1798,964,31.68
93595,1813,1421,46.68
93595,1898,1786,58.68
32039,202,3612,118.68
32039,708,2060,67.68
32039,709,2060,67.68
32039,712,2060,67.68
32039,809,2425,79.68
32039,1701,3582,117.68
32039,1704,3490,114.68
32039,1810,3186,104.68
32039,1812,3033,99.68
32039,1813,2913,95.68
32039,1817,964,31.68
52991,1605,2852,93.68
27278,1198,4221,138.68
27278,1114,4068,133.68
40279,304,1756,57.68
40279,306,1177,38.68
40279,1116,2972,97.68
40279,1198,2972,97.68
40279,1298,1086,35.68
40279,1605,2455,80.68
40279,1616,3306,108.68
40279,1710,2394,78.68
61908,426,933,30.68
11099,202,1086,35.68
11099,1105,1268,41.68
13335,198,1025,33.68
88929,203,1603,52.68
88929,1609,1055,34.68
85971,423,872,28.68
4811,304,1299,42.68
4811,305,1299,42.68
4811,313,1695,55.68
90287,304,1146,37.68
90287,305,2516,82.68
90287,307,1146,37.68
85773,713,1177,38.68
35589,304,1845,60.68
35589,305,1845,60.68
35589,998,2576,84.68
35589,1807,4068,133.68
17825,202,1421,46.68
17825,915,4982,163.68
17825,1105,1115,36.68
17825,1609,5104,167.68
17825,1640,5132,168.68
17825,1803,1115,36.68
75759,426,3247,106.68
75759,498,1756,57.68
75759,705,2121,69.68
75759,1312,2363,77.68
75759,1617,1572,51.68
75759,1798,1360,44.68
35606,304,1207,39.68
35606,1610,1452,47.68
35606,1701,2607,85.68
18047,1113,1845,60.68
18047,1215,1664,54.68
41124,304,1756,57.68
41124,305,1756,57.68
41124,311,1756,57.68
41124,605,2060,67.68
41124,698,2060,67.68
65496,1704,2333,76.68
65496,1801,2272,74.68
65496,1817,2516,82.68
51731,202,1055,34.68
51731,304,872,28.68
51731,1113,1115,36.68
56323,305,1664,54.68
56323,1801,4617,151.68
98281,406,2425,79.68
98281,1105,1146,37.68
98281,1898,1146,37.68
28539,304,1360,44.68
92844,414,994,32.68
92844,423,902,29.68
92844,430,4951,162.68
92844,1108,902,29.68
92844,1709,4402,144.68
92844,1801,4586,150.68
92844,1812,4129,135.68
32175,915,3337,109.68
37696,411,1360,44.68
28543,1698,1207,39.68
41803,116,2029,66.68
41803,304,1268,41.68
41803,305,1268,41.68
41803,504,2760,90.68
41803,607,933,30.68
41803,809,933,30.68
41803,1106,1998,65.68
41803,1113,902,29.68
41803,1117,1998,65.68
41803,1414,1998,65.68
103391,412,3886,127.68
103391,712,3582,117.68
103391,1015,3855,126.68
103391,1622,3855,126.68
103391,1627,721,23.68
103391,1798,4464,146.68
102233,915,2241,73.68
41046,304,1299,42.68
41046,705,2729,89.68
41046,1105,1238,40.68
41046,1605,5377,176.68
41046,1634,1299,42.68
41046,1701,3003,98.68
60727,1616,1268,41.68
89724,705,1025,33.68
67141,311,1817,59.68
67141,411,1695,55.68
67141,414,1876,61.68
67141,1701,2455,80.68
33780,202,1725,56.68
33780,708,1756,57.68
33780,1017,1086,35.68
33780,1113,1086,35.68
33780,1634,1756,57.68
85252,202,4647,152.68
85252,304,1725,56.68
82806,202,3003,98.68
82806,304,3064,100.68
82806,428,933,30.68
82806,504,3156,103.68
82806,1198,1086,35.68
82806,1627,3186,104.68
82806,1898,5073,166.68
59102,1616,1360,44.68
59102,1813,1664,54.68
73051,102,902,29.68
73051,205,902,29.68
73051,305,2547,83.68
73051,511,2394,78.68
73051,906,1664,54.68
73051,1811,3886,127.68
73051,1812,2607,85.68
73051,1817,2333,76.68
73393,306,2333,76.68
73393,405,2394,78.68
73393,1619,3947,129.68
45008,1817,1695,55.68
77659,304,902,29.68
77659,1701,1907,62.68
97395,1118,872,28.68
97395,1703,4099,134.68
97395,1801,3278,107.68
13181,424,2333,76.68
23168,798,2760,90.68
23168,1198,1480,48.68
23168,1701,2729,89.68
23168,1703,2729,89.68
96165,421,841,27.68
96165,1622,902,29.68
80424,304,1480,48.68
80424,405,2913,95.68
83151,1804,1086,35.68
71045,198,1146,37.68
71045,206,994,32.68
71045,407,1025,33.68
71045,412,1086,35.68
71045,425,994,32.68
71045,426,1055,34.68
71045,1614,2699,88.68
71045,1803,872,28.68
90839,304,3702,121.68
90839,305,3702,121.68
90839,411,3733,122.68
90839,504,1360,44.68
58421,411,1421,46.68
58421,412,1086,35.68
58421,705,1299,42.68
58421,1904,1330,43.68
23433,1001,2791,91.68
58161,404,2516,82.68
58161,908,1086,35.68
58161,1305,2547,83.68
57870,298,872,28.68
57870,1605,1421,46.68
57870,1617,1146,37.68
57870,1798,902,29.68
57870,1812,1025,33.68
57439,1110,964,31.68
9037,398,4647,152.68
9037,411,2455,80.68
9037,1701,1177,38.68
9037,1898,2455,80.68
53429,1605,1146,37.68
53429,1812,841,27.68
47173,307,1452,47.68
47173,1105,1177,38.68
47173,1898,1177,38.68
50789,108,1998,65.68
50789,405,1907,62.68
50789,423,1907,62.68
50789,426,1907,62.68
50789,1015,2090,68.68
50789,1108,994,32.68
50789,1617,1452,47.68
50789,1634,2302,75.68
50789,1698,1907,62.68
17466,306,1115,36.68
17466,1804,3003,98.68
17277,313,1207,39.68
38286,1215,1480,48.68
100378,1605,721,23.68
100378,1804,2151,70.68
35146,304,1207,39.68
35146,1817,1786,58.68
43528,498,1025,33.68
43528,804,2699,88.68
43528,1612,8360,274.68
43528,1801,1146,37.68
43528,1813,964,31.68
97558,408,690,22.68
77382,305,994,32.68
77382,1111,1786,58.68
77382,1117,1086,35.68
5752,1215,1207,39.68
3193,110,3490,114.68
3193,712,3459,113.68
3193,915,3671,120.68
3193,916,994,32.68
3193,1312,3156,103.68
3193,1617,1360,44.68
3193,1901,3398,111.68
102308,1116,507,16.68
19730,404,3671,120.68
19730,408,3671,120.68
19730,421,3671,120.68
19730,423,3671,120.68
19730,426,3671,120.68
19730,713,2425,79.68
19730,1801,4037,132.68
76240,306,1086,35.68
76240,411,1086,35.68
76240,1898,1086,35.68
41022,102,872,28.68
41022,104,872,28.68
41022,809,1542,50.68
41022,914,1845,60.68
45474,705,1025,33.68
45474,708,933,30.68
45474,1104,841,27.68
45474,1112,872,28.68
45474,1113,841,27.68
45474,1801,994,32.68
75234,426,1968,64.68
75234,1110,1725,56.68
75234,1801,1086,35.68
99849,304,1572,51.68
99849,305,1572,51.68
99849,504,629,20.68
99849,519,629,20.68
99849,1005,629,20.68
99849,1113,629,20.68
99849,1117,3794,124.68
99849,1817,2821,92.68
68440,304,1177,38.68
72955,713,1238,40.68
72955,1113,1817,59.68
76983,432,1086,35.68
6296,398,933,30.68
6296,1110,1817,59.68
6296,1205,1086,35.68
6296,1617,2425,79.68
82576,102,1360,44.68
82576,304,1603,52.68
82576,305,1603,52.68
82576,307,1603,52.68
82576,411,1177,38.68
82576,414,1572,51.68
82576,1113,994,32.68
82576,1701,2272,74.68
82576,1801,1452,47.68
7484,112,5835,191.68
7484,201,1146,37.68
7484,1105,2090,68.68
93689,304,933,30.68
93689,305,933,30.68
88383,107,3612,118.68
88383,428,5377,176.68
88383,1113,1876,61.68
967,304,933,30.68
967,305,933,30.68
967,713,2060,67.68
39894,709,1115,36.68
62653,916,3337,109.68
81347,914,3824,125.68
81347,1215,3064,100.68
100160,916,1115,36.68
19469,305,660,21.68
19469,916,721,23.68
19469,1616,1146,37.68
19469,1701,3916,128.68
93,304,933,30.68
93,428,2121,69.68
98192,202,1086,35.68
98192,1816,872,28.68
90333,411,4617,151.68
90333,1801,2182,71.68
17241,202,1330,43.68
17241,205,1330,43.68
17241,1305,2272,74.68
68065,304,1633,53.68
68065,504,3733,122.68
68065,1619,3855,126.68
68933,306,1695,55.68
68933,426,3186,104.68
68933,498,2210,72.68
68933,504,964,31.68
68933,512,964,31.68
68933,1215,3368,110.68
68933,1617,4494,147.68
68933,1627,4494,147.68
70246,305,1756,57.68
70246,405,3824,125.68
70246,1622,2060,67.68
70246,1802,3278,107.68
99128,406,1452,47.68
99128,432,660,21.68
99128,713,3125,102.68
99128,1605,4221,138.68
99128,1701,1207,39.68
99128,1801,3886,127.68
99128,1817,3217,105.68
42264,203,2913,95.68
42264,1017,1937,63.68
42264,1617,3217,105.68
42264,1798,3064,100.68
42264,1817,2394,78.68
99942,713,1817,59.68
99942,1617,1695,55.68
84675,202,1025,33.68
84675,428,872,28.68
84675,1206,1207,39.68
46321,1801,2121,69.68
40903,1098,2333,76.68
87671,1626,964,31.68
86457,410,872,28.68
86457,411,902,29.68
86457,428,3490,114.68
86457,1110,1695,55.68
59132,1627,1756,57.68
59132,1898,3612,118.68
7938,202,2486,81.68
7938,512,1756,57.68
7938,1110,1756,57.68
7938,1215,1786,58.68
81051,305,1572,51.68
81051,306,1572,51.68
81051,1640,4525,148.68
89847,104,964,31.68
89847,202,1360,44.68
89847,305,1360,44.68
89847,313,1391,45.68
89847,423,1391,45.68
89847,426,1391,45.68
40857,1617,2090,68.68
62482,407,2791,91.68
62482,1113,1695,55.68
62482,1198,1725,56.68
62482,1798,1055,34.68
86950,410,902,29.68
63839,1198,4464,146.68
63839,305,1115,36.68
63839,306,1115,36.68
63839,404,4555,149.68
63839,412,3916,128.68
63839,1110,4464,146.68
63839,1898,3217,105.68
65575,916,964,31.68
67804,313,3702,121.68
67804,504,2516,82.68
67804,1637,2516,82.68
86781,1198,2455,80.68
67348,1617,1756,57.68
22289,1813,1360,44.68
89593,202,4433,145.68
89593,305,2972,97.68
76446,304,1146,37.68
76446,305,1572,51.68
76446,426,4617,151.68
76446,1105,1998,65.68
76446,1112,1115,36.68
76446,1622,1480,48.68
76446,1798,1025,33.68
19719,108,994,32.68
67888,1801,1391,45.68
45843,1605,1937,63.68
45843,1617,1968,64.68
90864,304,2576,84.68
90864,406,4525,148.68
90864,709,2486,81.68
58911,412,2029,66.68
1555,304,2791,91.68
1555,307,2791,91.68
1555,408,1664,54.68
1555,1312,3003,98.68
1555,1801,1876,61.68
1555,1813,994,32.68
5969,1817,964,31.68
98683,408,1756,57.68
98683,1105,841,27.68
98683,1113,1452,47.68
85885,102,1299,42.68
85885,203,1268,41.68
85885,205,1268,41.68
85885,307,902,29.68
85885,313,7174,235.68
85885,432,2060,67.68
85885,1117,7112,233.68
85885,1205,1025,33.68
85885,1617,3217,105.68
85885,1701,933,30.68
85885,1801,6869,225.68
77823,705,1025,33.68
77823,1617,1360,44.68
72670,304,1725,56.68
72670,607,2363,77.68
72670,610,2363,77.68
72670,1605,2394,78.68
72670,1617,2486,81.68
80267,109,5651,185.68
80267,205,1055,34.68
80267,411,1664,54.68
80267,1898,5651,185.68
24670,428,1055,34.68
63864,411,2029,66.68
63864,708,2729,89.68
63864,709,2729,89.68
87262,1105,3398,111.68
87262,1898,3398,111.68
99703,102,3398,111.68
99703,118,3398,111.68
99703,201,1268,41.68
99703,398,4221,138.68
99703,406,1330,43.68
99703,426,3521,115.68
99703,1113,2151,70.68
99703,1215,749,24.68
99703,1616,1299,42.68
99703,1619,3855,126.68
82012,1298,2821,92.68
82012,202,964,31.68
82012,404,964,31.68
82012,708,1055,34.68
82012,1198,2821,92.68
82012,1298,2821,92.68
82012,1617,2972,97.68
82012,1898,1786,58.68
73282,306,2333,76.68
73282,915,3977,130.68
73282,1113,3916,128.68
13076,202,1725,56.68
13076,1634,2821,92.68
51214,708,994,32.68
51214,1701,1817,59.68
51214,1812,994,32.68
78413,713,4313,141.68
78413,1312,1572,51.68
78413,1605,3064,100.68
78413,1812,1421,46.68
45017,205,1086,35.68
45017,305,1542,50.68
45017,1113,1238,40.68
45017,1605,1572,51.68
28807,305,4282,140.68
28807,310,4252,139.68
97232,916,690,22.68
97232,1898,690,22.68
1945,916,994,32.68
1945,1617,902,29.68
82318,1817,902,29.68
9604,304,1756,57.68
9604,428,1756,57.68
9604,504,1756,57.68
9604,511,1756,57.68
9604,706,2972,97.68
9604,1807,4798,157.68
9604,1816,4798,157.68
9604,1817,3916,128.68
56073,202,1086,35.68
56073,1106,1025,33.68
56073,1698,3643,119.68
91154,1630,4037,132.68
85492,305,1756,57.68
13330,202,3033,99.68
13330,412,2941,96.68
13330,1616,3368,110.68
13330,1617,3368,110.68
13330,1634,3368,110.68
68703,511,964,31.68
68703,512,964,31.68
1656,304,2972,97.68
1656,305,2972,97.68
1656,498,2972,97.68
1656,504,1146,37.68
1656,709,1146,37.68
1656,803,1876,61.68
1656,1111,1268,41.68
1656,1798,2638,86.68
88152,1198,2060,67.68
6153,410,964,31.68
6153,411,964,31.68
6153,605,1146,37.68
50375,712,1725,56.68
50375,1605,1845,60.68
50375,1617,1907,62.68
43541,304,994,32.68
51005,1801,1391,45.68
59384,916,964,31.68
30339,1198,1421,46.68
35620,305,2821,92.68
35620,306,2547,83.68
35620,406,2425,79.68
35620,407,2425,79.68
35620,411,1115,36.68
35620,424,3886,127.68
35620,426,2425,79.68
35620,432,3337,109.68
15812,116,1177,38.68
15812,304,2060,67.68
15812,305,2060,67.68
15812,423,1421,46.68
40277,1605,1725,56.68
40277,1617,1055,34.68
81210,498,1695,55.68
81210,1805,1695,55.68
4963,711,1299,42.68
13583,415,933,30.68
13583,426,902,29.68
13583,1812,994,32.68
13583,1817,1086,35.68
75829,1898,1511,49.68
91852,604,1937,63.68
91852,610,1998,65.68
91852,1605,1998,65.68
91852,1617,2302,75.68
91852,1801,2302,75.68
18478,306,1299,42.68
18478,916,994,32.68
18478,1898,1299,42.68
26931,202,4282,140.68
26931,205,1146,37.68
26931,423,1725,56.68
26931,1627,2791,91.68
26931,1898,4464,146.68
87550,107,4739,155.68
87550,202,4555,149.68
87550,406,4586,150.68
87550,412,4586,150.68
87550,1117,4343,142.68
87550,1701,2394,78.68
68650,313,5043,165.68
68650,410,4252,139.68
68650,426,4678,153.68
68650,916,4829,158.68
68650,1113,1146,37.68
68650,1215,3794,124.68
68650,1617,2882,94.68
68650,1801,1207,39.68
68650,1817,2972,97.68
74485,428,933,30.68
74485,1801,994,32.68
91603,708,902,29.68
91603,712,902,29.68
91603,1110,872,28.68
91603,1617,1603,52.68
91603,1698,994,32.68
91603,1798,1817,59.68
91603,1898,872,28.68
25706,304,1391,45.68
25706,598,3916,128.68
25706,1709,3368,110.68
25706,1898,3094,101.68
93516,108,1025,33.68
93516,425,1268,41.68
93516,915,811,26.68
81917,101,4433,145.68
81917,201,4282,140.68
81917,305,1876,61.68
81917,1801,3551,116.68
82524,304,2972,97.68
82524,426,3702,121.68
82524,504,2668,87.68
82524,809,2729,89.68
82524,1703,2547,83.68
82524,1817,964,31.68
89864,1609,1115,36.68
41777,424,1146,37.68
41777,1630,4433,145.68
41777,1701,1572,51.68
16940,1798,2333,76.68
55931,101,1845,60.68
55931,103,2791,91.68
55931,119,2791,91.68
55931,304,872,28.68
55931,711,1421,46.68
55931,915,1421,46.68
55931,1215,964,31.68
55931,1801,5377,176.68
63626,424,964,31.68
63626,1617,1115,36.68
68291,1804,2182,71.68
68291,1810,2182,71.68
68291,1812,2729,89.68
68291,1898,3064,100.68
80998,405,1177,38.68
80998,408,1177,38.68
3053,305,1391,45.68
3053,809,994,32.68
3053,1113,1025,33.68
3053,1305,1268,41.68
92452,305,1360,44.68
92452,1215,933,30.68
92452,1801,902,29.68
60400,498,629,20.68
60400,709,1725,56.68
60400,803,1725,56.68
60400,1198,1725,56.68
98137,307,749,24.68
46739,102,1086,35.68
46739,304,1086,35.68
46739,305,1086,35.68
46739,306,2425,79.68
46739,410,2425,79.68
46739,411,2425,79.68
46739,430,2425,79.68
46739,1605,2425,79.68
46739,1616,2425,79.68
46739,1801,2425,79.68
56672,107,1025,33.68
56672,698,933,30.68
92524,198,841,27.68
92524,304,902,29.68
92524,311,1511,49.68
92524,398,1511,49.68
92524,713,902,29.68
92524,1622,1572,51.68
69070,504,4890,160.68
69070,304,933,30.68
69070,305,933,30.68
69070,306,933,30.68
69070,504,4890,160.68
69070,1113,1055,34.68
25214,1113,2363,77.68
98039,1798,3886,127.68
33584,202,1086,35.68
33584,504,4586,150.68
33584,1601,1725,56.68
33584,1810,5104,167.68
31640,109,2972,97.68
31640,198,2972,97.68
31640,202,3702,121.68
31640,298,3337,109.68
31640,305,2607,85.68
31640,1113,1025,33.68
31640,1198,3337,109.68
31640,1215,1391,45.68
99727,426,1391,45.68
99727,1617,1603,52.68
25398,426,1572,51.68
25398,428,872,28.68
25398,1701,2638,86.68
25398,1812,3702,121.68
25398,1816,2972,97.68
20637,304,1055,34.68
20637,305,1055,34.68
20637,311,4037,132.68
20637,404,2607,85.68
20637,498,1115,36.68
20637,916,1633,53.68
20637,1111,2272,74.68
20637,1817,1115,36.68
66649,116,2241,73.68
66649,298,1511,49.68
66649,304,2241,73.68
66649,305,4798,157.68
66649,306,4798,157.68
66649,998,2241,73.68
66649,1105,3337,109.68
66649,1215,5529,181.68
66649,1605,5894,193.68
66649,1798,1572,51.68
66649,1898,4252,139.68
7620,1001,5774,189.68
7620,101,721,23.68
7620,102,2121,69.68
7620,205,2182,71.68
7620,306,2060,67.68
7620,313,5955,195.68
7620,423,5377,176.68
7620,1113,1695,55.68
7620,1801,721,23.68
88969,504,2090,68.68
88969,512,902,29.68
88969,809,2821,92.68
6193,1617,1238,40.68
6193,1637,1238,40.68
31420,498,1480,48.68
31420,898,1177,38.68
31420,998,872,28.68
31420,1198,1268,41.68
31420,1298,1177,38.68
31420,1803,1177,38.68
31420,1804,1177,38.68
31420,1809,1177,38.68
31420,1898,1268,41.68
25916,304,1207,39.68
46173,102,2547,83.68
46173,510,964,31.68
46173,604,2576,84.68
46173,608,1421,46.68
46173,1106,1756,57.68
46173,1113,1756,57.68
46173,1310,2547,83.68
88768,1617,3521,115.68
88768,1801,1633,53.68
88768,1817,1542,50.68
36340,411,2882,94.68
43094,305,2852,93.68
43094,411,2394,78.68
26560,1627,2547,83.68
45959,408,1603,52.68
45959,1705,2060,67.68
103584,708,1299,42.68
103584,1617,1391,45.68
103584,1813,629,20.68
77518,1001,1603,52.68
77518,1798,1511,49.68
77518,1813,1330,43.68
54319,104,2121,69.68
54319,201,1756,57.68
54319,202,5132,168.68
54319,405,5408,177.68
54319,412,5408,177.68
54319,712,5408,177.68
54319,713,994,32.68
54319,809,1391,45.68
54319,915,2029,66.68
54319,1110,2241,73.68
54319,1118,994,32.68
54319,1810,5894,193.68
81107,713,2272,74.68
5829,916,2821,92.68
5829,1801,2547,83.68
47646,710,933,30.68
73763,1609,1299,42.68
73763,1637,1268,41.68
73763,1801,933,30.68
74689,432,902,29.68
74689,1817,994,32.68
48315,405,902,29.68
48315,423,964,31.68
48315,915,841,27.68
48315,1801,902,29.68
11422,198,2607,85.68
11422,1801,1299,42.68
11422,1817,1299,42.68
10946,108,2941,96.68
10946,1812,1299,42.68
30227,1105,1086,35.68
30227,1634,4586,150.68
30227,1637,3794,124.68
30227,1804,1603,52.68
21963,426,4008,131.68
21963,1113,933,30.68
21963,1705,4647,152.68
21963,1801,1268,41.68
94671,304,3125,102.68
94671,305,3125,102.68
94671,306,3125,102.68
94671,307,3125,102.68
94671,809,1756,57.68
94671,1215,3947,129.68
5083,407,933,30.68
5083,1640,3490,114.68
5083,1817,2913,95.68
28115,426,964,31.68
89028,404,1937,63.68
87239,1811,964,31.68
87239,1817,1268,41.68
65238,202,3156,103.68
65238,426,3156,103.68
65238,1617,3186,104.68
65238,1637,1664,54.68
79772,108,1146,37.68
53344,713,2760,90.68
82232,408,1025,33.68
82232,1816,964,31.68
80156,205,1421,46.68
80156,305,1664,54.68
80156,698,1055,34.68
80156,1113,599,19.68
80156,1215,4068,133.68
80156,1217,599,19.68
80156,1614,1055,34.68
80156,1810,4982,163.68
15741,504,1025,33.68
15741,1898,1452,47.68
27219,202,964,31.68
27219,305,1115,36.68
27219,1622,2455,80.68
80512,108,1360,44.68
80512,411,1360,44.68
80512,426,1360,44.68
71446,304,933,30.68
71446,306,933,30.68
71446,498,1725,56.68
71446,1701,2302,75.68
71446,1801,2029,66.68
71446,1804,1633,53.68
71446,1817,933,30.68
14819,398,2607,85.68
14819,1598,3247,106.68
14819,304,2516,82.68
14819,305,2516,82.68
14819,307,2516,82.68
14819,398,2516,82.68
14819,404,3824,125.68
14819,406,3824,125.68
14819,411,3582,117.68
14819,430,3824,125.68
14819,432,2821,92.68
14819,1116,3247,106.68
14819,1617,3551,116.68
14819,1627,2486,81.68
14819,1698,3824,125.68
14819,1704,2060,67.68
14819,1998,3247,106.68
97943,1298,690,22.68
97943,1634,933,30.68
35818,1617,3247,106.68
35818,1803,1025,33.68
69252,1805,1756,57.68
14633,705,1055,34.68
93745,1816,1299,42.68
89807,205,1055,34.68
89807,411,4982,163.68
89807,1701,5073,166.68
89807,1802,2121,69.68
18389,102,1542,50.68
18389,304,1177,38.68
18389,305,1177,38.68
18389,428,1542,50.68
18389,1113,1177,38.68
18389,1601,1907,62.68
20445,408,2394,78.68
20445,708,1207,39.68
20445,1627,2729,89.68
33058,304,1025,33.68
33058,1816,1055,34.68
70206,432,1330,43.68
70206,1617,1238,40.68
20632,311,2882,94.68
20632,914,1391,45.68
93193,305,964,31.68
93193,306,1572,51.68
93193,432,811,26.68
93193,1634,3521,115.68
93193,1817,3125,102.68
3394,1622,1238,40.68
48105,1305,1511,49.68
48105,1306,1480,48.68
48105,1312,994,32.68
51249,914,1542,50.68
11614,498,902,29.68
11614,714,1542,50.68
78711,304,1086,35.68
78711,307,1086,35.68
78711,709,4708,154.68
78711,1105,2394,78.68
10713,910,1511,49.68
10713,914,1511,49.68
10713,1805,1511,49.68
10713,1898,1360,44.68
48438,1616,1452,47.68
75862,426,1330,43.68
88113,305,1146,37.68
88113,1106,1238,40.68
90544,102,1360,44.68
90544,205,1360,44.68
90544,305,3337,109.68
90544,310,6259,205.68
90544,398,5438,178.68
90544,411,2791,91.68
90544,504,5955,195.68
90544,906,964,31.68
90544,911,964,31.68
90544,915,1146,37.68
90544,1106,2576,84.68
90544,1205,1299,42.68
90544,1215,5955,195.68
53508,712,2090,68.68
53508,1113,1876,61.68
53508,1801,3733,122.68
82469,304,1817,59.68
82469,305,1817,59.68
82469,306,1817,59.68
82469,313,3003,98.68
82469,410,1238,40.68
82469,1298,1664,54.68
43697,601,1146,37.68
43697,607,1146,37.68
43697,709,1055,34.68
101058,202,629,20.68
88014,102,994,32.68
88014,304,2941,96.68
88014,1601,2090,68.68
88014,1627,4982,163.68
88014,1809,5377,176.68
88014,1898,5377,176.68
22061,101,1421,46.68
22061,102,1421,46.68
22061,305,3337,109.68
22061,428,2241,73.68
22061,898,2029,66.68
22061,1105,2029,66.68
22061,1307,2486,81.68
22061,1617,3916,128.68
2707,202,1146,37.68
2707,405,3337,109.68
2707,1617,994,32.68
38243,1812,872,28.68
28426,909,902,29.68
28426,1017,902,29.68
58616,406,2821,92.68
58616,407,3278,107.68
58616,408,994,32.68
58616,411,3551,116.68
58616,1801,2425,79.68
58616,1802,3125,102.68
58616,1812,3643,119.68
58616,1898,3582,117.68
88609,313,3217,105.68
88609,426,3337,109.68
88609,432,2821,92.68
88609,1605,3217,105.68
88609,1801,2090,68.68
1649,304,1756,57.68
1649,916,1330,43.68
1649,1312,3156,103.68
1649,1903,1695,55.68
60398,1801,1664,54.68
40823,305,1756,57.68
40823,708,1238,40.68
40823,709,1238,40.68
40823,1616,1452,47.68
47703,705,933,30.68
47703,710,933,30.68
47703,1701,2486,81.68
89193,202,811,26.68
89193,304,1177,38.68
89193,305,1177,38.68
89193,1304,2182,71.68
89193,1801,2090,68.68
89193,1813,4313,141.68
36549,1609,1421,46.68
71642,914,1086,35.68
71642,916,1086,35.68
96927,102,1238,40.68
96927,201,1238,40.68
96927,305,2941,96.68
96927,306,2941,96.68
96927,1113,872,28.68
96927,1312,1603,52.68
80838,708,933,30.68
80838,809,933,30.68
100637,713,902,29.68
100637,1605,660,21.68
100637,1801,1146,37.68
100637,1813,811,26.68
36942,298,1055,34.68
36942,498,1055,34.68
84276,432,872,28.68
84276,798,872,28.68
84276,1898,1025,33.68
28772,1802,2486,81.68
28772,1804,2760,90.68
95860,426,721,23.68
67834,915,1268,41.68
67834,1306,1268,41.68
67834,1898,3156,103.68
44289,423,1238,40.68
44289,705,3247,106.68
44289,1617,3247,106.68
44289,1801,2425,79.68
7487,424,3977,130.68
7487,707,2302,75.68
7487,1106,1330,43.68
7487,1214,1330,43.68
7487,1640,2151,70.68
99691,423,599,19.68
72502,304,964,31.68
72502,305,933,30.68
72502,306,2972,97.68
72502,709,2607,85.68
72502,1616,2607,85.68
72502,1708,1937,63.68
86283,202,3429,112.68
86283,305,2210,72.68
86283,407,3368,110.68
86283,412,3429,112.68
86283,712,3429,112.68
86283,714,2455,80.68
86283,719,3429,112.68
86283,798,2576,84.68
22078,102,2972,97.68
22078,202,2241,73.68
22078,304,4798,157.68
22078,915,2972,97.68
22078,1113,1876,61.68
22078,1312,1876,61.68
65741,198,1511,49.68
65741,202,3306,108.68
65741,304,2913,95.68
65741,307,2913,95.68
65741,498,3306,108.68
65741,705,3521,115.68
65741,1703,3824,125.68
81182,1701,1055,34.68
81182,1801,2182,71.68
83206,412,1876,61.68
83206,423,1876,61.68
83206,1801,1360,44.68
29021,101,1511,49.68
29021,102,1876,61.68
29021,1113,2668,87.68
16759,102,1299,42.68
16759,428,2760,90.68
16759,1627,1055,34.68
16759,1704,4678,153.68
16759,1810,4037,132.68
16759,1898,4647,152.68
60650,410,5621,184.68
60650,916,1238,40.68
94821,423,811,26.68
80889,1617,1268,41.68
55297,1617,964,31.68
55297,1698,2516,82.68
55297,1798,1845,60.68
55297,1801,2121,69.68
7131,114,872,28.68
56884,304,1207,39.68
56884,311,2302,75.68
56884,713,2638,86.68
56884,1812,1115,36.68
28344,1304,4190,137.68
28344,1634,4494,147.68
28344,1801,4160,136.68
91292,304,902,29.68
91292,305,2791,91.68
91292,306,2791,91.68
91292,915,994,32.68
91292,1898,841,27.68
52759,102,1695,55.68
52759,203,3186,104.68
52759,1637,2791,91.68
1908,428,1025,33.68
1908,1113,1360,44.68
43711,412,994,32.68
43711,426,994,32.68
13895,1215,964,31.68
76362,202,1876,61.68
76362,306,1876,61.68
38336,1113,994,32.68
63092,1601,1391,45.68
63092,1627,3217,105.68
63092,1798,1330,43.68
15356,1609,2029,66.68
15356,1898,1055,34.68
64437,504,1603,52.68
64437,1210,1238,40.68
64437,1216,3733,122.68
31827,108,3671,120.68
31827,304,1937,63.68
31827,710,15756,517.68
31827,1108,3671,120.68
31827,1601,3763,123.68
31827,1627,3763,123.68
899,1215,1115,36.68
67641,709,994,32.68
67641,1705,1055,34.68
5501,428,2121,69.68
5501,504,1360,44.68
37386,1105,1207,39.68
37386,1112,1330,43.68
37386,1198,1025,33.68
11256,108,2516,82.68
11256,202,2607,85.68
11256,405,2760,90.68
11256,426,2760,90.68
11256,713,1998,65.68
11256,719,2760,90.68
11256,916,2090,68.68
11256,1801,2090,68.68
78138,108,1421,46.68
78138,1637,1146,37.68
78138,1801,2241,73.68
78138,1805,2425,79.68
78138,1898,2913,95.68
89626,504,4798,157.68
89626,428,1542,50.68
89626,1817,3824,125.68
72979,1605,1177,38.68
11540,305,1664,54.68
11540,407,1299,42.68
11540,412,1207,39.68
88373,304,964,31.68
88373,1217,2972,97.68
6422,430,2363,77.68
6422,1215,1725,56.68
72292,432,3247,106.68
72292,1614,2882,94.68
72292,1637,1876,61.68
48989,1817,2182,71.68
49243,104,2941,96.68
49243,108,5043,165.68
49243,202,2913,95.68
49243,313,4890,160.68
49243,412,4890,160.68
49243,705,1603,52.68
10570,1802,4525,148.68
77597,1622,2363,77.68
76631,415,2668,87.68
76631,1215,3886,127.68
76631,1803,3916,128.68
27204,101,1725,56.68
27204,712,1330,43.68
85165,116,2090,68.68
85165,304,1207,39.68
85165,305,1207,39.68
85165,313,5713,187.68
85165,428,2090,68.68
85165,429,2821,92.68
85165,1701,1207,39.68
85165,1812,5713,187.68
55106,313,2791,91.68
4323,201,964,31.68
4323,425,5894,193.68
4323,1637,5651,185.68
102303,1640,3947,129.68
102303,1801,1330,43.68
102303,1817,599,19.68
81253,305,1480,48.68
81253,306,1480,48.68
81253,1609,3278,107.68
67584,102,2241,73.68
67584,205,1876,61.68
67584,304,2972,97.68
67584,307,1086,35.68
67584,498,2241,73.68
67584,1119,1146,37.68
56669,304,933,30.68
56669,306,933,30.68
56669,406,933,30.68
56669,411,994,32.68
79710,710,1086,35.68
19507,118,1086,35.68
19507,202,1055,34.68
19507,304,1055,34.68
19507,305,1055,34.68
19507,307,1055,34.68
19507,313,3763,123.68
19507,404,1055,34.68
19507,412,1055,34.68
19507,426,1055,34.68
19507,712,1055,34.68
19507,1017,1055,34.68
19507,1113,1055,34.68
19507,1803,1542,50.68
46670,1817,3186,104.68
54075,1803,1421,46.68
88664,103,1452,47.68
88664,205,1146,37.68
88664,305,1115,36.68
88664,423,2882,94.68
88664,504,3643,119.68
88664,898,841,27.68
88664,1117,5438,178.68
88664,1307,3916,128.68
88664,1614,2791,91.68
88664,1801,3916,128.68
102730,1634,1633,53.68
51421,1001,3612,118.68
51421,1605,3702,121.68
51421,1617,1360,44.68
51421,1801,2455,80.68
85148,610,1633,53.68
85148,1605,1421,46.68
32586,412,2638,86.68
81166,102,1146,37.68
81166,201,1146,37.68
81166,304,1907,62.68
81166,305,2029,66.68
81166,504,3156,103.68
81166,511,3156,103.68
81166,512,1695,55.68
81166,915,1664,54.68
81166,1215,6047,198.68
102439,1616,1268,41.68
4761,198,1876,61.68
4761,201,872,28.68
4761,304,2394,78.68
4761,405,1998,65.68
4761,414,1998,65.68
4761,898,1876,61.68
4761,1298,964,31.68
4761,1307,1664,54.68
4761,1616,1998,65.68
4761,1637,1998,65.68
4761,1898,902,29.68
86470,1709,2272,74.68
86470,1801,2791,91.68
31219,304,1817,59.68
31219,305,2972,97.68
31219,426,5132,168.68
31219,511,2486,81.68
31219,1112,1177,38.68
31219,1305,1421,46.68
31219,1605,2210,72.68
87385,1617,2941,96.68
87385,1622,1391,45.68
87385,1701,1664,54.68
4519,202,1876,61.68
4519,306,2791,91.68
4519,412,1876,61.68
4519,1634,2760,90.68
33609,708,1146,37.68
7505,102,2363,77.68
7505,201,2363,77.68
7505,305,1968,64.68
7505,1637,6685,219.68
69911,101,1725,56.68
69911,102,1725,56.68
69911,118,1725,56.68
69911,201,1360,44.68
69911,202,3916,128.68
69911,205,1725,56.68
69911,1617,5347,175.68
2578,426,2791,91.68
2578,709,3521,115.68
2578,1703,3521,115.68
97724,704,5621,184.68
97724,1312,5104,167.68
97724,1801,5498,180.68
6570,1305,1025,33.68
6570,1311,1055,34.68
6570,1817,3125,102.68
100554,1198,721,23.68
100554,1616,1968,64.68
100554,1634,1968,64.68
100554,1798,1360,44.68
42801,103,1177,38.68
42801,104,3671,120.68
42801,119,3671,120.68
42801,198,3671,120.68
42801,1814,3671,120.68
88934,304,1086,35.68
88934,305,1086,35.68
88934,306,1086,35.68
88934,307,1452,47.68
89161,108,933,30.68
89161,916,994,32.68
89161,1609,964,31.68
89161,1617,994,32.68
89161,1622,994,32.68
26066,1817,2455,80.68
84152,105,933,30.68
83350,423,3551,116.68
83350,1623,2882,94.68
41361,306,872,28.68
41361,398,1299,42.68
41361,410,1299,42.68
41361,412,1299,42.68
41361,423,1299,42.68
41361,705,1086,35.68
41361,712,1299,42.68
41361,1627,964,31.68
41361,1698,1086,35.68
41361,1803,964,31.68
41361,1816,964,31.68
53868,109,902,29.68
53868,112,902,29.68
53868,198,1086,35.68
53868,202,2241,73.68
53868,1198,2882,94.68
29935,305,1695,55.68
60121,714,1086,35.68
60121,1609,3855,126.68
60121,1812,2791,91.68
80953,304,3033,99.68
80953,406,933,30.68
80953,411,1086,35.68
80953,916,1238,40.68
80953,1106,1725,56.68
80953,1812,2455,80.68
80953,1813,2455,80.68
88515,412,2972,97.68
88515,705,2607,85.68
77606,198,1480,48.68
77606,1801,3671,120.68
84629,1108,1845,60.68
84629,1703,933,30.68
51501,915,964,31.68
5253,307,1452,47.68
5253,1701,2455,80.68
84479,1703,872,28.68
45671,205,1876,61.68
45671,298,1452,47.68
45671,304,1664,54.68
45671,305,1664,54.68
45671,1112,933,30.68
96554,404,1572,51.68
96554,424,1238,40.68
96554,1312,3337,109.68
43884,712,1207,39.68
13214,1605,2913,95.68
13214,1617,2668,87.68
96964,203,2699,88.68
96964,304,1876,61.68
96964,305,1876,61.68
96964,306,3064,100.68
93443,305,2607,85.68
93443,306,2607,85.68
93443,398,780,25.68
93443,498,2607,85.68
93443,1105,1330,43.68
40316,101,1146,37.68
40316,906,1845,60.68
71038,705,994,32.68
102356,305,690,22.68
1785,304,2333,76.68
1785,305,2333,76.68
1785,415,4586,150.68
1785,510,3094,101.68
1785,512,3094,101.68
1785,1812,3763,123.68
13398,208,1572,51.68
13398,305,1572,51.68
13398,1110,1572,51.68
13398,1898,1115,36.68
87925,202,872,28.68
87925,428,2363,77.68
87925,705,902,29.68
87925,719,2029,66.68
14708,404,2121,69.68
14708,432,1238,40.68
14708,798,1421,46.68
34679,305,1572,51.68
34679,915,3824,125.68
33315,1627,3886,127.68
56795,202,2090,68.68
56795,304,1025,33.68
56795,305,2333,76.68
56795,1701,2455,80.68
56795,1704,1998,65.68
56795,1798,1238,40.68
56795,1803,2363,77.68
56795,1810,1907,62.68
56795,1811,2455,80.68
1397,304,4798,157.68
1397,1701,994,32.68
1397,1801,2576,84.68
1397,1813,1998,65.68
40920,304,1725,56.68
40920,307,1725,56.68
40920,1704,3612,118.68
47351,304,1480,48.68
47351,305,1480,48.68
47351,306,1480,48.68
47351,798,1299,42.68
54589,713,1055,34.68
54589,1609,1238,40.68
54589,1617,1207,39.68
54589,1622,1207,39.68
70338,304,964,31.68
70338,305,1695,55.68
70338,306,1695,55.68
70338,1810,1664,54.68
70338,1898,3886,127.68
57663,405,2241,73.68
57663,410,2607,85.68
56270,305,3612,118.68
56270,1801,2455,80.68
43763,426,1725,56.68
23378,298,1360,44.68
23378,713,568,18.68
60035,1113,10491,344.68
287,914,1786,58.68
73243,504,2182,71.68
73243,1614,1695,55.68
91385,304,2972,97.68
91385,305,2972,97.68
91385,306,1480,48.68
91385,307,2972,97.68
91385,407,1876,61.68
91385,916,1876,61.68
91385,1111,3156,103.68
91385,1113,1511,49.68
91385,1605,5255,172.68
91385,1898,4313,141.68
58705,1198,1572,51.68
58705,1801,4190,137.68
58705,1805,4374,143.68
49872,428,902,29.68
49872,710,721,23.68
49872,1118,1330,43.68
72593,906,1177,38.68
72593,908,1238,40.68
72593,916,1115,36.68
72593,1312,2760,90.68
72821,406,2394,78.68
84715,708,1907,62.68
84715,719,1907,62.68
15787,104,1299,42.68
15787,108,1115,36.68
15787,305,2516,82.68
15787,1117,4798,157.68
67996,305,1968,64.68
67996,705,2547,83.68
67996,1113,1968,64.68
67996,1701,994,32.68
9610,415,5438,178.68
9610,498,4739,155.68
9610,1113,1391,45.68
9610,1117,2576,84.68
9610,1118,1817,59.68
21543,202,3702,121.68
21543,304,3306,108.68
21543,405,3033,99.68
21543,426,3033,99.68
21543,432,2151,70.68
21543,706,2607,85.68
21543,915,3916,128.68
21543,1017,2607,85.68
21543,1617,4099,134.68
19045,202,2516,82.68
19045,1630,4343,142.68
19045,1635,3582,117.68
19045,1802,3916,128.68
19045,1812,3855,126.68
5235,102,1633,53.68
5235,306,1633,53.68
68297,304,1207,39.68
68297,408,1177,38.68
68297,423,1177,38.68
68297,426,1177,38.68
68297,1014,1207,39.68
68297,1106,1207,39.68
68297,1108,1207,39.68
98285,713,1177,38.68
98285,1627,811,26.68
98285,1798,1055,34.68
98285,1801,1086,35.68
65965,298,994,32.68
65965,423,964,31.68
102578,198,1603,52.68
102578,304,1603,52.68
102578,305,811,26.68
102578,498,1603,52.68
102578,1622,1603,52.68
102578,1812,1146,37.68
102578,1898,2241,73.68
102578,1998,1603,52.68
35119,1810,1146,37.68
80335,202,964,31.68
80335,1634,1664,54.68
80335,1637,1664,54.68
80335,1898,1542,50.68
97100,430,4282,140.68
97100,432,994,32.68
97100,1810,1603,52.68
97100,1816,1603,52.68
95048,111,994,32.68
95048,112,994,32.68
95048,405,1360,44.68
95048,421,1360,44.68
95048,423,1360,44.68
95048,426,1360,44.68
43135,202,1055,34.68
92355,198,1695,55.68
92355,1601,1452,47.68
91572,408,933,30.68
91572,1605,841,27.68
91572,1805,1330,43.68
54667,1998,1238,40.68
90541,298,3064,100.68
90541,304,2210,72.68
90541,914,4920,161.68
90541,1106,1177,38.68
90541,1637,2821,92.68
90541,1701,3855,126.68
90541,1801,1360,44.68
3463,109,1998,65.68
3463,305,3094,101.68
3463,306,3094,101.68
3463,425,5438,178.68
3463,809,3156,103.68
3463,1105,2425,79.68
3463,1215,1907,62.68
3463,1312,933,30.68
3463,1805,5316,174.68
98295,411,964,31.68
75735,112,1664,54.68
73852,202,1025,33.68
73852,206,1025,33.68
73852,426,1025,33.68
73852,1801,1268,41.68
52026,1801,3429,112.68
71923,1113,1725,56.68
60217,1701,1542,50.68
60217,1898,1177,38.68
87466,1817,841,27.68
12314,102,3156,103.68
12314,306,1725,56.68
12314,405,4798,157.68
12314,428,3551,116.68
12314,1106,1695,55.68
12314,1112,1695,55.68
40482,1215,2363,77.68
40482,1701,2547,83.68
39470,1605,1511,49.68
67802,202,4829,158.68
67802,1801,2182,71.68
41284,798,2182,71.68
41284,1816,2121,69.68
3438,1898,1207,39.68
88624,101,964,31.68
88624,202,1876,61.68
88624,304,2607,85.68
88624,305,2241,73.68
88624,307,2607,85.68
88624,313,3521,115.68
88624,1801,964,31.68
71627,1598,1299,42.68
71627,1809,1268,41.68
94766,1017,1299,42.68
77992,202,1603,52.68
77992,1634,1907,62.68
1734,103,1876,61.68
1734,205,1146,37.68
1734,305,1055,34.68
1734,410,3916,128.68
1734,411,3916,128.68
1734,432,3916,128.68
1734,1118,2333,76.68
1734,1627,2363,77.68
1734,1798,1360,44.68
1734,1801,964,31.68
1734,1803,1633,53.68
89572,1622,4221,138.68
89572,1637,3064,100.68
89572,1801,1086,35.68
29599,405,3217,105.68
29599,406,2821,92.68
50922,1110,4767,156.68
50922,1113,1633,53.68
50922,1605,4221,138.68
72681,306,1817,59.68
72681,998,1817,59.68
72681,1812,2151,70.68
72681,1817,2729,89.68
93276,410,2090,68.68
93276,713,1207,39.68
13161,1098,1572,51.68
13161,1112,1391,45.68
13161,1615,1664,54.68
13161,1898,1391,45.68
36898,411,1695,55.68
36898,714,1360,44.68
15977,411,5012,164.68
15977,414,3702,121.68
15977,432,1025,33.68
15977,712,5316,174.68
15977,1609,5408,177.68
15977,1617,5408,177.68
75120,202,1177,38.68
75120,305,2333,76.68
75120,712,1055,34.68
75120,1198,902,29.68
622,1617,1268,41.68
42676,406,1238,40.68
42676,412,1603,52.68
42676,915,902,29.68
42676,916,1542,50.68
42676,1801,1055,34.68
42676,1805,1115,36.68
42676,1817,872,28.68
91501,102,1421,46.68
91501,408,1086,35.68
91501,504,1360,44.68
91501,809,994,32.68
91501,916,994,32.68
91501,1110,1452,47.68
91501,1113,1146,37.68
91501,1216,1360,44.68
36563,102,1725,56.68
36563,107,1725,56.68
36563,304,2182,71.68
36563,307,2182,71.68
36563,914,1511,49.68
36563,916,1511,49.68
36563,1113,2182,71.68
36563,1309,1452,47.68
36563,1617,5469,179.68
36563,1634,5469,179.68
36563,1798,8635,283.68
85593,423,994,32.68
85593,708,994,32.68
85593,1617,1025,33.68
92481,102,1055,34.68
92481,304,994,32.68
92481,305,4464,146.68
92481,406,872,28.68
92481,411,1115,36.68
92481,705,872,28.68
92481,1106,1786,58.68
92481,1813,1055,34.68
75119,202,1146,37.68
75119,605,1055,34.68
75119,1617,1086,35.68
75119,1817,994,32.68
71564,410,3337,109.68
71564,426,3337,109.68
27509,1634,1330,43.68
85530,311,872,28.68
49401,304,1391,45.68
49401,604,1603,52.68
28177,1622,2791,91.68
28177,1810,2121,69.68
35375,1609,1695,55.68
35375,1634,1695,55.68
63711,432,902,29.68
48547,403,1268,41.68
48547,311,1055,34.68
80655,120,1238,40.68
80655,1617,1725,56.68
80655,1622,1695,55.68
80655,1634,1664,54.68
80655,1898,994,32.68
838,1701,1146,37.68
58787,304,994,32.68
58787,306,994,32.68
58787,408,902,29.68
58787,809,994,32.68
45473,306,933,30.68
45473,1701,2090,68.68
45473,1703,1998,65.68
36661,709,1086,35.68
36661,1617,1238,40.68
36661,1817,1115,36.68
83801,202,841,27.68
83801,206,841,27.68
83801,412,2029,66.68
83801,1601,2791,91.68
83801,1627,2791,91.68
54816,423,1603,52.68
54816,1117,1603,52.68
52323,504,2913,95.68
52323,1198,2363,77.68
52323,108,933,30.68
52323,504,2913,95.68
52323,1105,2272,74.68
63383,304,1086,35.68
63383,305,1511,49.68
63383,311,1511,49.68
63383,1112,1421,46.68
63383,1609,1542,50.68
42743,304,2941,96.68
42743,426,1756,57.68
42743,1312,1756,57.68
4122,304,902,29.68
4122,428,902,29.68
4122,916,1511,49.68
4122,1108,2913,95.68
4122,1111,2029,66.68
4122,1210,2029,66.68
16520,304,2547,83.68
16520,305,2547,83.68
16520,307,2547,83.68
16520,406,933,30.68
16520,423,1603,52.68
16520,426,1603,52.68
16520,504,2547,83.68
16520,1113,2547,83.68
16520,1312,2547,83.68
16520,1617,2516,82.68
80478,1811,933,30.68
20484,107,1817,59.68
20484,202,1511,49.68
19811,304,2455,80.68
19811,916,1572,51.68
19811,1810,3855,126.68
85727,306,1299,42.68
85727,1312,3125,102.68
85727,1898,994,32.68
18276,429,933,30.68
89681,708,1055,34.68
89681,798,964,31.68
89681,1611,1055,34.68
89681,1616,1086,35.68
89681,1617,1086,35.68
89681,1634,1086,35.68
98030,1617,3125,102.68
15880,1609,1968,64.68
55279,1802,994,32.68
43205,304,964,31.68
43205,305,1603,52.68
43205,1701,1268,41.68
43205,1703,1177,38.68
83687,1617,1025,33.68
56526,712,2516,82.68
56526,1215,964,31.68
56526,1605,1146,37.68
69425,713,3582,117.68
69425,1605,1998,65.68
77736,205,1876,61.68
77736,304,1876,61.68
77736,305,1876,61.68
77736,1113,2241,73.68
77736,1298,4798,157.68
77736,1801,5163,169.68
74940,202,1664,54.68
74940,915,2241,73.68
74940,1198,1725,56.68
74940,1637,3125,102.68
63913,1398,4008,131.68
63913,306,2029,66.68
63913,313,5104,167.68
63913,414,1268,41.68
63913,428,1177,38.68
63913,1398,4008,131.68
63913,1698,5104,167.68
63913,1812,3855,126.68
63913,1898,4617,151.68
59220,102,1330,43.68
59220,305,1786,58.68
59220,423,2121,69.68
85454,498,1725,56.68
85454,1112,1725,56.68
85454,1804,1725,56.68
85454,1898,1725,56.68
97989,110,749,24.68
23532,498,2821,92.68
23532,1698,3582,117.68
87867,1111,1572,51.68
87867,1117,2913,95.68
57003,304,1025,33.68
57003,1615,1025,33.68
57003,1898,1055,34.68
77628,1898,1603,52.68
43743,202,1664,54.68
43743,406,1268,41.68
43743,423,1268,41.68
100139,598,1725,56.68
100139,598,1725,56.68
100139,708,749,24.68
68233,108,1025,33.68
68233,705,2547,83.68
68233,1113,1055,34.68
68233,1617,3156,103.68
68233,1801,3368,110.68
43532,202,3186,104.68
43532,1616,2791,91.68
43532,1622,3429,112.68
43532,1627,1238,40.68
43663,202,1998,65.68
86573,298,1177,38.68
46976,304,4798,157.68
46976,307,4798,157.68
46976,309,2972,97.68
46976,1113,2972,97.68
46976,1705,4647,152.68
13591,1811,5163,169.68
48208,1801,1086,35.68
48208,1810,1360,44.68
45503,202,1511,49.68
45503,1110,1511,49.68
45503,1619,1876,61.68
85576,305,1725,56.68
85576,306,1725,56.68
1828,705,1115,36.68
1828,809,1177,38.68
88149,101,3033,99.68
88149,1898,3033,99.68
47641,1801,4221,138.68
47641,1817,3217,105.68
84005,498,2913,95.68
84005,713,1756,57.68
84005,1710,2425,79.68
84005,1801,1511,49.68
58857,108,933,30.68
58857,405,1421,46.68
13874,305,1603,52.68
13874,313,4252,139.68
13874,398,1603,52.68
13874,915,2699,88.68
76301,406,1146,37.68
76301,1106,994,32.68
5536,103,2241,73.68
5536,119,2241,73.68
5536,198,2210,72.68
5536,504,2060,67.68
5536,512,2060,67.68
5536,519,2060,67.68
5536,605,902,29.68
5536,1110,994,32.68
5536,1117,994,32.68
5536,1808,4951,162.68
5536,1898,994,32.68
6772,304,1146,37.68
6772,307,1146,37.68
6772,426,1025,33.68
6772,432,1360,44.68
6772,1801,2729,89.68
6772,1817,2151,70.68
16437,428,1572,51.68
16437,708,1238,40.68
16437,1113,1603,52.68
16437,1617,1725,56.68
45287,713,1207,39.68
61580,102,2060,67.68
61580,201,4798,157.68
61580,202,4798,157.68
61580,608,1268,41.68
61580,1113,1511,49.68
61580,1211,1268,41.68
41315,198,1421,46.68
94345,104,690,22.68
94345,109,690,22.68
94345,205,1146,37.68
94345,304,690,22.68
94345,313,6593,216.68
94345,504,872,28.68
94345,1113,1511,49.68
52095,428,1817,59.68
40134,1817,1025,33.68
40134,1898,1086,35.68
84728,306,902,29.68
84728,1798,1452,47.68
46175,504,872,28.68
87162,304,1268,41.68
94685,1598,1845,60.68
94685,426,1756,57.68
94685,1110,1845,60.68
94685,1298,1360,44.68
94685,1817,1756,57.68
98450,1805,1025,33.68
10109,102,1025,33.68
10109,304,1025,33.68
10109,305,1025,33.68
10109,398,1025,33.68
10109,405,3033,99.68
10109,412,3306,108.68
10109,415,3306,108.68
10109,423,3306,108.68
10109,426,1025,33.68
10109,712,3306,108.68
10109,915,2210,72.68
10109,1801,2760,90.68
950,304,3824,125.68
950,305,3824,125.68
950,307,3886,127.68
950,504,1998,65.68
950,612,964,31.68
950,705,2060,67.68
950,798,2791,91.68
950,898,964,31.68
950,1105,2486,81.68
950,1215,964,31.68
44378,102,1603,52.68
44378,108,4037,132.68
44378,205,1055,34.68
44378,408,933,30.68
44378,411,933,30.68
44378,705,994,32.68
44378,898,1268,41.68
44378,916,2029,66.68
44378,1615,1268,41.68
68476,404,1268,41.68
68476,1634,1299,42.68
100205,803,2852,93.68
100205,1798,3582,117.68
90196,101,1360,44.68
90196,102,5377,176.68
90196,103,872,28.68
90196,116,5377,176.68
90196,304,2729,89.68
90196,305,1633,53.68
90196,498,2729,89.68
90196,504,5285,173.68
90196,911,1025,33.68
90196,1117,5285,173.68
36178,410,1876,61.68
36178,411,1876,61.68
36178,1617,1907,62.68
47796,1105,3886,127.68
62762,1118,1115,36.68
86566,708,1360,44.68
86566,809,1725,56.68
86566,1098,4798,157.68
86566,1627,4037,132.68
86566,1640,3551,116.68
48362,304,1115,36.68
48362,305,1115,36.68
48362,307,1115,36.68
48362,412,1207,39.68
48362,415,841,27.68
17774,1812,1633,53.68
17774,1817,1330,43.68
42437,604,2241,73.68
42437,1617,4129,135.68
42437,1637,4129,135.68
42437,1798,3398,111.68
42437,1801,994,32.68
64010,1605,1937,63.68
1042,1627,3521,115.68
1042,1801,1664,54.68
96146,305,780,25.68
96146,311,780,25.68
96146,313,690,22.68
72394,202,2729,89.68
72394,205,964,31.68
72394,206,2760,90.68
72394,304,1603,52.68
72394,305,1603,52.68
72394,306,1603,52.68
72394,1215,3247,106.68
72394,1619,3247,106.68
72394,1809,2333,76.68
3720,304,994,32.68
3720,305,994,32.68
3720,307,994,32.68
3720,311,2882,94.68
3720,504,1115,36.68
3720,1117,3855,126.68
3720,1701,3247,106.68
3720,1703,1998,65.68
42135,1609,1542,50.68
42135,1617,1542,50.68
93370,304,1480,48.68
93370,305,1480,48.68
87599,305,1177,38.68
87599,1105,2151,70.68
87599,1113,1907,62.68
85483,103,964,31.68
88009,414,2455,80.68
88009,428,1330,43.68
88009,432,994,32.68
88009,1605,3916,128.68
88009,1614,2425,79.68
7180,304,1177,38.68
7180,916,2210,72.68
7180,1010,1115,36.68
7180,1630,2607,85.68
7180,1817,1268,41.68
71143,108,1786,58.68
71143,510,2241,73.68
71143,709,1115,36.68
94641,205,841,27.68
94641,304,749,24.68
94641,305,749,24.68
94641,430,5132,168.68
94641,915,2821,92.68
94641,916,721,23.68
94641,1198,994,32.68
94641,1617,2425,79.68
94641,1637,3733,122.68
94641,1701,3916,128.68
94641,1801,841,27.68
94641,1816,749,24.68
543,118,1756,57.68
543,304,964,31.68
543,498,1452,47.68
543,1704,1876,61.68
23139,407,1086,35.68
23139,714,1786,58.68
70201,601,2090,68.68
70201,698,2090,68.68
70201,107,2060,67.68
70201,112,2241,73.68
70201,404,1480,48.68
70201,601,2090,68.68
70201,602,1756,57.68
70201,607,2090,68.68
70201,708,1480,48.68
70201,713,1086,35.68
70201,1117,964,31.68
70201,1605,1756,57.68
70201,1617,2182,71.68
70201,1801,902,29.68
56162,102,1633,53.68
56162,612,964,31.68
56162,798,2972,97.68
56162,1605,3429,112.68
56162,1802,3947,129.68
56162,1814,3582,117.68
83146,708,1421,46.68
83146,709,1421,46.68
83146,712,1115,36.68
83146,916,1268,41.68
45203,313,1391,45.68
72423,1801,841,27.68
70492,205,1146,37.68
70492,414,872,28.68
70492,426,1511,49.68
97335,498,1391,45.68
93222,411,2760,90.68
93222,1637,902,29.68
93222,1801,2151,70.68
18222,1198,1086,35.68
71231,304,994,32.68
71231,1117,2090,68.68
24565,304,1452,47.68
24565,307,1452,47.68
24565,1601,2547,83.68
92652,305,3064,100.68
92652,915,1115,36.68
35737,102,2607,85.68
35737,1102,4647,152.68
35737,102,2607,85.68
35737,511,1207,39.68
35737,1117,4767,156.68
35737,1801,2638,86.68
31910,426,1025,33.68
31910,1640,2699,88.68
31910,1801,2455,80.68
57260,102,1146,37.68
57260,304,1511,49.68
57260,307,1146,37.68
644,104,3551,116.68
644,109,3551,116.68
644,305,902,29.68
644,309,902,29.68
644,311,902,29.68
644,406,4068,133.68
644,428,4068,133.68
644,914,2455,80.68
2004,205,994,32.68
2004,305,3064,100.68
2004,306,3217,105.68
2004,411,2852,93.68
2004,426,4647,152.68
2004,1605,4282,140.68
78120,1198,4739,155.68
78120,109,1876,61.68
78120,304,1299,42.68
78120,305,1299,42.68
78120,306,1299,42.68
78120,405,2272,74.68
78120,412,2272,74.68
78120,424,1177,38.68
78120,426,2272,74.68
78120,709,1360,44.68
78120,710,1360,44.68
78120,712,1360,44.68
78120,713,5621,184.68
78120,916,1238,40.68
78120,1117,4647,152.68
78120,1617,3186,104.68
78120,1817,2272,74.68
52642,1198,4282,140.68
52642,304,2791,91.68
52642,306,2791,91.68
52642,404,1330,43.68
52642,713,4678,153.68
52642,915,994,32.68
52642,916,1725,56.68
52642,1110,4282,140.68
52642,1305,1086,35.68
52642,1709,1330,43.68
52642,1802,3977,130.68
32805,1112,660,21.68
32805,1803,660,21.68
82826,713,1146,37.68
82826,1105,933,30.68
82826,1113,1146,37.68
82826,1605,3612,118.68
82826,1801,3490,114.68
82826,1898,1511,49.68
85678,102,1511,49.68
85678,112,4798,157.68
85678,304,4798,157.68
85678,305,4068,133.68
85678,307,4798,157.68
85678,426,4068,133.68
85678,598,1511,49.68
85678,1113,1876,61.68
85678,1205,933,30.68
45452,1801,2882,94.68
53678,108,1055,34.68
89014,405,4708,154.68
89014,504,1025,33.68
77164,102,1511,49.68
77164,202,1876,61.68
77164,205,1146,37.68
77164,304,1876,61.68
77164,504,780,25.68
77164,1113,1146,37.68
77164,1617,4890,160.68
77164,1801,4402,144.68
60890,1617,1786,58.68
60890,1637,1086,35.68
60890,1817,902,29.68
27053,712,3033,99.68
27053,1112,2760,90.68
27053,1801,3217,105.68
27053,1804,3217,105.68
98504,202,690,22.68
98504,405,721,23.68
98504,1105,660,21.68
30527,305,2913,95.68
7029,202,3521,115.68
7029,305,2791,91.68
77666,411,964,31.68
77666,1801,2972,97.68
33663,201,1511,49.68
33663,202,5438,178.68
33663,305,1360,44.68
33663,406,994,32.68
33663,708,841,27.68
33663,710,841,27.68
33663,916,1876,61.68
33663,1113,1511,49.68
33663,1617,3794,124.68
85830,504,841,27.68
85830,809,2821,92.68
85830,1215,2060,67.68
85830,1605,1695,55.68
85830,1614,1025,33.68
85830,1617,3125,102.68
85830,1627,1695,55.68
85830,1801,1115,36.68
50225,304,964,31.68
78074,411,3156,103.68
78074,1617,3064,100.68
78074,1622,2486,81.68
78074,1798,964,31.68
78074,1801,1391,45.68
35963,1598,4343,142.68
35963,102,1299,42.68
35963,203,1055,34.68
35963,1110,1299,42.68
35963,1215,4343,142.68
35963,1701,2029,66.68
54210,304,1177,38.68
54210,305,2729,89.68
54210,306,2729,89.68
54210,307,1177,38.68
54210,432,1756,57.68
54210,498,3671,120.68
54210,504,1177,38.68
54210,519,902,29.68
54210,711,1146,37.68
54210,1110,5347,175.68
54210,1113,3278,107.68
54210,1817,5347,175.68
54210,1898,4617,151.68
72256,411,2121,69.68
72256,911,1177,38.68
72256,1407,5529,181.68
72256,1801,1725,56.68
72256,1817,2151,70.68
84552,1617,1207,39.68
78034,304,841,27.68
78034,305,841,27.68
78034,307,1511,49.68
78034,313,1786,58.68
78034,408,1299,42.68
78034,916,1421,46.68
78034,1605,1391,45.68
78034,1701,1299,42.68
65472,411,964,31.68
9928,102,2060,67.68
9928,406,1299,42.68
9928,430,4951,162.68
9928,1106,1695,55.68
9928,1118,1695,55.68
9928,1605,2760,90.68
9928,1798,4829,158.68
9928,1802,2486,81.68
9928,1803,4798,157.68
18504,304,1421,46.68
18504,305,1421,46.68
18504,412,1421,46.68
18504,898,1421,46.68
18504,914,1055,34.68
18504,916,1055,34.68
18504,1898,1786,58.68
9923,1113,1633,53.68
12091,107,1817,59.68
12091,305,1725,56.68
12091,306,1725,56.68
12091,714,2547,83.68
12091,908,2241,73.68
12091,1111,1146,37.68
12091,1113,1511,49.68
12091,1210,1146,37.68
12091,1609,2821,92.68
12091,1616,5194,170.68
12091,1640,5194,170.68
12091,1801,2210,72.68
31358,102,2547,83.68
31358,205,1452,47.68
31358,304,2363,77.68
31358,305,2821,92.68
31358,1216,1998,65.68
31358,1605,2121,69.68
96856,712,4068,133.68
96856,1198,2882,94.68
81113,428,1025,33.68
81113,916,1817,59.68
69282,102,994,32.68
69282,118,902,29.68
69282,304,994,32.68
69282,1015,4798,157.68
69282,1112,1055,34.68
69282,1622,4008,131.68
69282,1637,4008,131.68
69282,1809,2699,88.68
14714,1634,3702,121.68
97053,305,690,22.68
97053,809,4798,157.68
97053,1110,2241,73.68
97053,1113,2241,73.68
62883,304,1452,47.68
62883,305,1452,47.68
62883,1710,3278,107.68
79543,305,1421,46.68
79543,311,1421,46.68
79543,1617,1480,48.68
79543,1817,1025,33.68
85852,108,872,28.68
85852,798,2302,75.68
85852,1801,1817,59.68
29373,202,1360,44.68
29373,412,1360,44.68
29373,426,1360,44.68
29373,428,1299,42.68
29373,1637,1542,50.68
25028,305,1452,47.68
25028,1898,1268,41.68
87028,202,872,28.68
87028,414,872,28.68
87028,426,1664,54.68
87028,519,1115,36.68
87028,1011,1207,39.68
79461,798,1480,48.68
79461,1015,1207,39.68
62902,426,1664,54.68
62902,428,1664,54.68
62902,708,2729,89.68
62902,1105,1299,42.68
62902,1801,4252,139.68
62902,1817,3824,125.68
29475,1116,2486,81.68
86145,202,1817,59.68
86145,1616,1360,44.68
38798,305,1055,34.68
38798,708,1572,51.68
70526,1812,1633,53.68
39454,1198,3033,99.68
39454,1898,1360,44.68
57386,304,1268,41.68
57386,305,1268,41.68
58154,428,1480,48.68
58154,1627,3186,104.68
31893,1617,2121,69.68
7361,102,933,30.68
7361,304,1845,60.68
7361,305,933,30.68
7361,307,1207,39.68
7361,411,4829,158.68
7361,412,1330,43.68
7361,414,1786,58.68
7361,428,2302,75.68
7361,1312,2913,95.68
7361,1701,5560,182.68
7361,1801,1937,63.68
7361,1817,3186,104.68
2943,198,1664,54.68
2943,1198,1238,40.68
45678,405,1817,59.68
45678,426,1817,59.68
45678,1622,2090,68.68
87727,202,3490,114.68
87727,305,2972,97.68
87727,1812,2547,83.68
61948,202,964,31.68
61948,415,964,31.68
61948,426,964,31.68
53305,1809,3186,104.68
58551,108,1177,38.68
58551,1617,1421,46.68
91503,120,1299,42.68
91503,202,902,29.68
91503,426,1299,42.68
91503,498,1299,42.68
91503,1105,1207,39.68
91503,1812,1480,48.68
47875,116,2182,71.68
47875,304,1817,59.68
47875,305,1817,59.68
47875,411,1421,46.68
47875,605,1086,35.68
47875,705,2607,85.68
47875,1113,964,31.68
47875,1117,2182,71.68
47875,1617,1664,54.68
85785,410,3429,112.68
85785,1801,1845,60.68
31625,305,2060,67.68
31625,1605,4160,136.68
31625,1801,1542,50.68
86203,305,2882,94.68
86203,414,2151,70.68
86203,423,3003,98.68
5672,206,1086,35.68
5672,406,1086,35.68
5672,1215,4221,138.68
42077,406,3125,102.68
42077,428,1146,37.68
86875,1601,1603,52.68
86875,1622,1968,64.68
45225,202,1299,42.68
45225,405,1480,48.68
45225,712,1025,33.68
34965,1801,1725,56.68
96079,1701,2852,93.68
96079,1805,3156,103.68
16073,1912,2394,78.68
100285,305,3094,101.68
100285,514,1055,34.68
100285,915,1146,37.68
94309,423,933,30.68
94309,426,933,30.68
94309,1616,2210,72.68
94309,1812,1421,46.68
50782,398,1695,55.68
50782,306,1695,55.68
50782,310,1695,55.68
41428,202,1268,41.68
41428,304,1268,41.68
41428,307,1268,41.68
41428,1619,5285,173.68
254,198,933,30.68
254,412,3702,121.68
254,426,3702,121.68
254,1801,3521,115.68
3788,412,1055,34.68
3788,712,1055,34.68
89277,1801,2090,68.68
86577,1801,2668,87.68
57998,202,1725,56.68
57998,916,1725,56.68
57998,1009,1421,46.68
57998,1015,1725,56.68
57998,1801,1299,42.68
30791,1634,994,32.68
89965,1110,1511,49.68
89965,1811,2607,85.68
89965,1815,1086,35.68
89965,1817,2607,85.68
47345,1117,3247,106.68
47345,1810,3368,110.68
72391,908,1452,47.68
72391,915,2607,85.68
72052,104,933,30.68
72052,201,1511,49.68
72052,304,2241,73.68
72052,504,2241,73.68
72052,514,1146,37.68
72052,519,1146,37.68
72052,1113,1876,61.68
72052,1215,2972,97.68
90722,1616,841,27.68
90722,1637,2029,66.68
88618,1803,1817,59.68
88618,1805,1817,59.68
80322,1117,3582,117.68
45626,1617,1299,42.68
53176,1113,1086,35.68
53176,1605,1633,53.68
53176,1627,1756,57.68
35054,406,1572,51.68
35054,412,1542,50.68
35054,423,1572,51.68
35054,426,1480,48.68
35054,809,1968,64.68
35054,1634,2090,68.68
35054,1801,1876,61.68
76855,304,964,31.68
76855,305,5012,164.68
76855,398,5012,164.68
76855,898,964,31.68
76855,1801,2760,90.68
76855,1812,3521,115.68
23593,305,1268,41.68
23593,1605,3886,127.68
23593,1616,6259,205.68
23593,1701,3794,124.68
53785,311,4586,150.68
53785,705,2668,87.68
53785,1701,3337,109.68
53785,1703,4252,139.68
53785,1710,2668,87.68
53785,1898,3003,98.68
85402,304,1664,54.68
85402,305,2576,84.68
85402,306,2576,84.68
85402,498,1664,54.68
85402,1801,994,32.68
85402,1811,2821,92.68
47259,414,1299,42.68
47259,1801,1238,40.68
19228,102,1146,37.68
19228,304,1146,37.68
19228,1801,3733,122.68
92562,598,1299,42.68
92562,1014,2760,90.68
66523,104,964,31.68
52065,898,964,31.68
52065,1198,1998,65.68
52065,1817,2060,67.68
80917,411,994,32.68
80917,432,690,22.68
80917,1017,1725,56.68
80917,1809,1299,42.68
41983,205,994,32.68
41983,306,1086,35.68
41983,705,2516,82.68
87313,305,2486,81.68
87313,306,2486,81.68
87313,1113,1480,48.68
65196,202,933,30.68
65196,407,841,27.68
65196,423,841,27.68
65196,426,1756,57.68
65196,1113,1268,41.68
65196,1812,3977,130.68
76115,916,841,27.68
76115,1605,872,28.68
76115,1801,1299,42.68
16640,498,1330,43.68
91035,198,1330,43.68
91035,426,872,28.68
30738,411,964,31.68
30738,412,1725,56.68
39537,1114,1207,39.68
14896,304,1268,41.68
14896,1817,1756,57.68
6810,198,872,28.68
8825,1117,1207,39.68
8825,1704,1360,44.68
69883,426,994,32.68
69883,1898,1177,38.68
96475,108,1360,44.68
96475,412,749,24.68
96475,426,749,24.68
59658,304,1115,36.68
59658,1617,2394,78.68
71629,713,3671,120.68
71629,1008,1845,60.68
65277,1112,2182,71.68
65277,1801,3064,100.68
65277,1817,1511,49.68
62970,108,3916,128.68
62970,202,4068,133.68
62970,428,1146,37.68
62970,710,1268,41.68
62970,1111,3521,115.68
62970,1616,1756,57.68
62970,1801,2394,78.68
510,102,1664,54.68
510,198,1664,54.68
510,608,1664,54.68
510,1113,1055,34.68
13063,406,3278,107.68
13063,407,2060,67.68
13063,408,2060,67.68
13063,428,2060,67.68
13063,1112,3612,118.68
13063,1312,2241,73.68
13063,1605,3429,112.68
13063,1817,2607,85.68
13063,1898,1511,49.68
102495,305,1177,38.68
102495,705,3886,127.68
102495,1801,599,19.68
98160,426,902,29.68
65859,504,1968,64.68
65859,205,1360,44.68
65859,504,2607,85.68
65859,1614,2333,76.68
65859,1804,5438,178.68
65859,1815,2852,93.68
90904,109,2638,86.68
90904,110,2638,86.68
90904,198,1391,45.68
90904,1605,841,27.68
90904,1617,2791,91.68
90904,1801,2638,86.68
13328,610,1603,52.68
13328,1701,1177,38.68
13328,1709,4221,138.68
34603,1118,1452,47.68
25099,1106,2913,95.68
25099,1215,6259,205.68
25099,1701,1817,59.68
25099,1802,3490,114.68
40537,305,3612,118.68
91486,423,1268,41.68
91486,1622,1268,41.68
91486,1634,1268,41.68
91486,1637,1268,41.68
91486,1801,1238,40.68
59000,1622,1146,37.68
17070,914,2090,68.68
17070,1622,1146,37.68
17070,1801,2241,73.68
40724,1612,2121,69.68
40724,1617,2090,68.68
40724,1704,1115,36.68
100817,107,2516,82.68
100817,1627,1330,43.68
18411,410,964,31.68
18411,411,964,31.68
91240,406,1695,55.68
89878,304,2791,91.68
89878,306,2029,66.68
89878,712,2607,85.68
89878,915,2699,88.68
89878,916,3064,100.68
89878,1015,3064,100.68
51149,304,964,31.68
51149,305,964,31.68
51149,428,964,31.68
232,305,1725,56.68
232,306,1725,56.68
232,406,1876,61.68
232,1708,1725,56.68
232,1803,2668,87.68
93249,202,3033,99.68
93249,712,2852,93.68
93249,916,3186,104.68
93249,1116,3156,103.68
93249,1627,1998,65.68
93249,1798,3094,101.68
56180,412,2121,69.68
56180,423,2121,69.68
56180,426,2121,69.68
29943,916,1968,64.68
29943,1105,1025,33.68
29943,1803,1998,65.68
29943,1816,933,30.68
10937,108,2852,93.68
10937,713,964,31.68
10937,798,872,28.68
35304,428,1025,33.68
63415,705,1360,44.68
63415,914,1360,44.68
63415,1111,1360,44.68
68322,305,1664,54.68
68322,605,1177,38.68
68322,708,1115,36.68
40111,304,872,28.68
40111,305,872,28.68
40111,415,811,26.68
40111,1701,1391,45.68
40111,1801,2972,97.68
59046,304,841,27.68
59046,305,841,27.68
59046,306,841,27.68
59046,414,841,27.68
59046,415,841,27.68
85763,916,872,28.68
85763,1113,1055,34.68
85763,1616,872,28.68
85763,1617,1146,37.68
99763,1605,629,20.68
85491,1617,994,32.68
88811,304,1207,39.68
88811,405,1480,48.68
88811,914,3064,100.68
88811,1109,2913,95.68
88811,1637,1360,44.68
82459,305,1146,37.68
82459,306,1146,37.68
82459,423,3156,103.68
82459,1630,3094,101.68
82459,1817,2821,92.68
45508,305,1695,55.68
45508,1637,2760,90.68
45508,1798,1421,46.68
45508,1801,1268,41.68
80568,298,1115,36.68
80568,898,1268,41.68
80568,1605,1452,47.68
60465,712,4798,157.68
60465,1204,872,28.68
60465,1801,3156,103.68
65576,1637,1299,42.68
59798,107,1968,64.68
59798,426,1421,46.68
59798,1812,1572,51.68
59798,1816,1572,51.68
59798,1817,1511,49.68
38776,426,1299,42.68
80526,108,1603,52.68
80526,305,2455,80.68
80526,313,2576,84.68
80526,398,2455,80.68
80526,426,1025,33.68
80526,1605,2455,80.68
15457,1703,1360,44.68
15457,1802,1055,34.68
9421,708,1086,35.68
9421,709,1086,35.68
9421,916,1086,35.68
1815,428,2547,83.68
1815,1617,1695,55.68
1815,1817,1299,42.68
86642,1106,1207,39.68
86642,1617,1633,53.68
11123,304,1086,35.68
11123,406,2182,71.68
11123,426,4739,155.68
11123,1802,3125,102.68
35869,304,1146,37.68
35869,1113,2791,91.68
12630,1810,1146,37.68
3291,504,4190,137.68
3291,504,4190,137.68
76481,503,1238,40.68
76481,504,1998,65.68
76481,508,1238,40.68
76481,304,1421,46.68
76481,411,1421,46.68
76481,504,1786,58.68
76481,519,1238,40.68
76481,809,1421,46.68
82565,201,1146,37.68
82565,305,3429,112.68
82565,306,3429,112.68
82565,1105,3033,99.68
82565,1113,2182,71.68
82565,1617,2516,82.68
82565,1801,3186,104.68
82565,1898,1238,40.68
10561,104,2607,85.68
10561,110,1876,61.68
10561,304,1511,49.68
10561,307,1511,49.68
10561,405,3702,121.68
10561,408,2241,73.68
10561,423,3337,109.68
10561,1705,1511,49.68
94868,1001,933,30.68
94868,1708,872,28.68
26220,498,1025,33.68
26220,1619,2668,87.68
101939,1812,3733,122.68
103477,411,507,16.68
76895,304,1115,36.68
76895,305,1845,60.68
76895,306,1115,36.68
76895,408,3186,104.68
76895,1701,3733,122.68
11199,1398,2272,74.68
11199,1304,2272,74.68
73280,426,933,30.68
73280,1105,1268,41.68
73280,1198,1207,39.68
47253,916,1572,51.68
65175,1701,1086,35.68
88579,102,1086,35.68
88579,304,1086,35.68
88579,305,1452,47.68
88579,428,1480,48.68
59659,108,3671,120.68
59659,428,872,28.68
59659,1701,3824,125.68
59659,1817,933,30.68
68063,423,2547,83.68
68063,426,2547,83.68
68063,712,2547,83.68
68063,714,2394,78.68
68063,1617,2210,72.68
68063,1817,1299,42.68
42656,305,2972,97.68
42656,1104,2972,97.68
42656,1113,2972,97.68
25773,108,1146,37.68
25773,203,994,32.68
25773,1698,994,32.68
98466,1198,780,25.68
8187,1801,2760,90.68
8187,1898,2333,76.68
5307,704,3003,98.68
85620,504,3459,113.68
85620,504,3398,111.68
76564,304,994,32.68
76564,1098,2576,84.68
45173,414,994,32.68
45173,498,994,32.68
88573,306,2455,80.68
88573,1112,2302,75.68
88573,1616,902,29.68
88573,1804,4739,155.68
88573,1810,4739,155.68
88573,1812,1603,52.68
88028,304,872,28.68
88028,305,841,27.68
88028,306,841,27.68
88028,398,841,27.68
2516,426,2151,70.68
81663,306,1268,41.68
81663,714,1146,37.68
81663,809,1146,37.68
81663,1198,1786,58.68
87265,405,2516,82.68
87265,1117,1603,52.68
87265,1637,2913,95.68
1777,411,3886,127.68
1777,498,2972,97.68
1777,1113,1086,35.68
1777,1898,2121,69.68
76118,108,841,27.68
31116,1617,1207,39.68
32196,304,1055,34.68
32196,498,933,30.68
32196,1113,1055,34.68
42702,501,3094,101.68
42702,518,3094,101.68
42702,1628,3368,110.68
42702,1801,3368,110.68
42702,1808,3368,110.68
95868,107,1421,46.68
95868,432,721,23.68
60561,708,902,29.68
1837,307,933,30.68
1837,498,2576,84.68
1837,519,1025,33.68
1837,1118,1391,45.68
25793,304,964,31.68
25793,307,964,31.68
25793,1627,964,31.68
51371,1817,872,28.68
41460,108,1177,38.68
35162,410,2210,72.68
80160,306,841,27.68
80160,713,1086,35.68
70331,305,3247,106.68
70331,306,3337,109.68
70331,1110,1876,61.68
70331,1113,1876,61.68
53092,202,2060,67.68
53092,406,2121,69.68
53092,428,1086,35.68
53092,498,1330,43.68
53092,1813,1086,35.68
51854,109,1360,44.68
51854,202,902,29.68
51854,304,902,29.68
51854,305,4068,133.68
51854,1113,994,32.68
51854,1215,1876,61.68
93947,198,1845,60.68
93947,423,994,32.68
30236,1014,1330,43.68
48519,304,1025,33.68
48519,305,1025,33.68
48519,307,1146,37.68
48519,398,4525,148.68
48519,411,1115,36.68
48519,432,1086,35.68
48519,498,1391,45.68
35743,1106,1299,42.68
35743,1801,1633,53.68
20967,109,1968,64.68
45719,198,2182,71.68
45719,304,1603,52.68
45719,709,3916,128.68
45719,713,4099,134.68
45719,1209,2182,71.68
45719,1312,3337,109.68
45719,1623,2972,97.68
45719,1817,2516,82.68
44924,1215,2729,89.68
90554,713,933,30.68
90554,1812,902,29.68
2091,713,902,29.68
2091,1706,2151,70.68
56439,1105,2121,69.68
56439,1616,4252,139.68
56439,1801,2394,78.68
59341,1017,1055,34.68
59341,1701,1238,40.68
47645,304,1360,44.68
47645,305,1360,44.68
47645,809,1817,59.68
47645,1701,1360,44.68
56306,202,964,31.68
58829,1817,1146,37.68
25522,298,1664,54.68
25522,305,2272,74.68
25522,306,2272,74.68
25522,998,1299,42.68
25522,1113,1238,40.68
25522,1627,2668,87.68
58065,712,1299,42.68
58065,1617,1480,48.68
103442,708,629,20.68
103442,1617,507,16.68
103442,1703,933,30.68
13340,304,1633,53.68
82786,111,1603,52.68
82786,112,1603,52.68
82786,198,1330,43.68
82786,311,2060,67.68
82786,405,2060,67.68
82786,423,2121,69.68
82786,498,1756,57.68
82786,1617,2151,70.68
82786,1798,2029,66.68
10586,430,2913,95.68
10586,1198,1360,44.68
10586,1801,1695,55.68
10586,1817,2151,70.68
16263,201,1146,37.68
16263,306,2972,97.68
16263,408,2972,97.68
16263,410,3702,121.68
16263,415,3702,121.68
16263,426,2547,83.68
16263,428,2486,81.68
16263,1605,1756,57.68
16263,1801,1937,63.68
94959,1605,2821,92.68
94959,1801,1480,48.68
72986,1498,1876,61.68
72986,1704,3490,114.68
15008,1198,3033,99.68
15008,202,2882,94.68
15008,405,2760,90.68
15008,1105,1207,39.68
15008,1117,3033,99.68
83637,203,1876,61.68
83637,1617,2486,81.68
83637,1813,1268,41.68
100895,426,1391,45.68
45148,102,1360,44.68
45148,205,994,32.68
45148,511,902,29.68
45148,1205,964,31.68
32835,1640,2182,71.68
24641,306,3612,118.68
24641,714,2060,67.68
24641,1105,1360,44.68
43688,202,2455,80.68
43688,405,2029,66.68
43688,428,933,30.68
21746,102,1633,53.68
21746,198,1268,41.68
21746,406,3947,129.68
21746,426,3521,115.68
21746,1817,2029,66.68
87919,118,1633,53.68
87919,203,4555,149.68
87919,205,2547,83.68
87919,304,4647,152.68
87919,305,3916,128.68
87919,410,2090,68.68
87919,423,2821,92.68
87919,429,2821,92.68
87919,1113,2090,68.68
87919,1634,5743,188.68
86720,102,1238,40.68
86720,410,2852,93.68
86720,1106,2913,95.68
86720,1701,2638,86.68
86720,1817,4647,152.68
68121,202,933,30.68
68121,206,1725,56.68
68121,411,2090,68.68
68121,915,2121,69.68
68121,1198,1086,35.68
68121,1298,2090,68.68
68121,1627,3033,99.68
92648,423,964,31.68
92648,1701,1025,33.68
68725,202,4647,152.68
68725,205,1817,59.68
68725,304,3278,107.68
68725,305,3278,107.68
68725,498,4282,140.68
68725,709,4374,143.68
68725,916,1086,35.68
29049,1802,2547,83.68
35551,202,2060,67.68
35551,411,2060,67.68
35551,426,1756,57.68
35551,708,2029,66.68
35551,1617,2060,67.68
35551,1701,1086,35.68
35551,1709,1998,65.68
35551,1801,1055,34.68
35551,1805,1086,35.68
35551,1817,1025,33.68
78241,304,933,30.68
78241,305,933,30.68
78241,423,3855,126.68
78241,426,3855,126.68
78241,1113,1572,51.68
78241,1617,1207,39.68
78241,1801,2333,76.68
31246,198,1603,52.68
31246,1113,1115,36.68
57152,304,872,28.68
57152,307,872,28.68
57152,406,2760,90.68
103100,1701,902,29.68
21483,202,1603,52.68
21483,406,1664,54.68
21483,426,1603,52.68
49254,1017,1268,41.68
38032,398,1664,54.68
38032,1898,1664,54.68
87487,1634,1268,41.68
2806,198,3794,124.68
2806,1298,3733,122.68
2806,198,3794,124.68
95493,1215,1391,45.68
28684,423,3702,121.68
65948,498,1177,38.68
102352,198,507,16.68
102352,1617,476,15.68
100713,114,599,19.68
100713,304,872,28.68
100713,709,1238,40.68
100713,1615,2882,94.68
100713,1709,2913,95.68
83291,1798,1480,48.68
83291,1812,1207,39.68
79492,1619,1725,56.68
46685,304,1968,64.68
46685,305,1968,64.68
46685,307,1968,64.68
46685,713,4859,159.68
84196,412,1756,57.68
84196,712,1756,57.68
84196,798,1391,45.68
84196,1998,1664,54.68
78713,1622,1330,43.68
5393,305,1633,53.68
5393,307,1603,52.68
98927,102,1115,36.68
98927,915,1511,49.68
98927,998,1511,49.68
98927,1312,1146,37.68
88517,411,933,30.68
88517,425,872,28.68
59284,1105,1421,46.68
47749,405,1360,44.68
47749,423,1360,44.68
47749,1106,994,32.68
47749,1113,994,32.68
47749,1616,4374,143.68
47749,1622,4374,143.68
47749,1798,2029,66.68
28284,198,1086,35.68
28284,1105,2455,80.68
80318,432,1025,33.68
80318,1802,1299,42.68
95010,306,1695,55.68
95010,405,1330,43.68
95010,423,1055,34.68
95010,914,2182,71.68
95010,916,1876,61.68
95010,1015,902,29.68
95010,1605,1817,59.68
95010,1622,1664,54.68
95010,1710,1876,61.68
95010,1816,2060,67.68
90908,304,3612,118.68
90908,305,2151,70.68
88690,415,1025,33.68
88690,1813,1086,35.68
784,406,1725,56.68
784,1105,721,23.68
784,1709,1330,43.68
72057,305,3977,130.68
72057,306,3977,130.68
72057,1998,3247,106.68
88375,305,1330,43.68
88375,306,933,30.68
88375,404,1756,57.68
88375,411,1330,43.68
88375,504,1756,57.68
88375,1106,1756,57.68
88375,1112,1756,57.68
88375,1804,4829,158.68
88375,1810,4829,158.68
97439,713,1207,39.68
97439,1617,1603,52.68
97439,1634,3156,103.68
97439,1813,1452,47.68
97439,1898,1299,42.68
83332,202,1025,33.68
83332,1617,1055,34.68
79335,1312,3306,108.68
79335,1812,4767,156.68
79335,1815,1998,65.68
70297,304,1511,49.68
23519,304,2821,92.68
23519,604,964,31.68
71018,304,1177,38.68
17806,1703,933,30.68
70054,1801,933,30.68
39845,305,1115,36.68
39845,407,964,31.68
60814,305,1542,50.68
60814,426,1360,44.68
38213,428,4525,148.68
38213,1701,2941,96.68
38213,1703,2941,96.68
19591,698,1725,56.68
52308,298,1238,40.68
52308,307,1238,40.68
52308,612,1238,40.68
89845,410,994,32.68
97713,798,1907,62.68
97713,1810,1664,54.68
85977,408,3217,105.68
82125,102,1268,41.68
82125,426,5955,195.68
82125,605,1299,42.68
82125,712,5986,196.68
82125,1817,2394,78.68
27582,120,2760,90.68
27582,426,3886,127.68
27582,712,902,29.68
27582,809,902,29.68
27582,1298,4982,163.68
27582,1605,4617,151.68
27582,1622,1480,48.68
27582,1698,872,28.68
27582,1805,3094,101.68
91320,1113,2302,75.68
91320,1701,2241,73.68
93439,410,1360,44.68
63102,1598,4068,133.68
63102,1117,4068,133.68
40370,304,1756,57.68
40370,426,1756,57.68
40370,428,964,31.68
40370,1616,1756,57.68
40370,1617,3521,115.68
33309,1110,1177,38.68
33309,1215,1542,50.68
33309,1304,1177,38.68
78325,305,2729,89.68
78325,512,1146,37.68
78325,1802,4951,162.68
69663,428,2821,92.68
69663,914,3763,123.68
69663,916,1695,55.68
69663,1801,4282,140.68
99668,305,721,23.68
99668,1198,2668,87.68
38379,110,933,30.68
38379,710,1086,35.68
48099,1804,2060,67.68
19855,202,1817,59.68
19855,305,3824,125.68
19855,712,4555,149.68
93600,1817,902,29.68
74977,406,3947,129.68
74977,423,3916,128.68
74977,426,3916,128.68
74977,713,964,31.68
74977,1605,3003,98.68
85063,304,1207,39.68
85063,305,1207,39.68
85063,428,1207,39.68
85063,612,1207,39.68
85063,1113,1086,35.68
42600,405,1025,33.68
42600,407,1025,33.68
42600,423,1025,33.68
42600,426,1025,33.68
42600,1015,1360,44.68
42600,1617,1907,62.68
42600,1801,1268,41.68
42600,1802,1146,37.68
42392,202,4798,157.68
42392,205,1177,38.68
42392,304,4433,145.68
42392,305,4433,145.68
42392,307,4433,145.68
42392,406,5163,169.68
42392,412,5163,169.68
42392,423,5163,169.68
42392,426,5163,169.68
42392,428,1299,42.68
42392,429,4433,145.68
42392,708,1330,43.68
42392,712,5163,169.68
42392,803,2090,68.68
42392,908,1725,56.68
42392,1105,2121,69.68
42392,1117,4343,142.68
40002,1103,2363,77.68
40002,1106,2121,69.68
40002,1619,2302,75.68
81052,405,902,29.68
81052,1605,1055,34.68
60636,308,1756,57.68
60636,798,2090,68.68
51835,102,2090,68.68
51835,116,2151,70.68
51835,304,2151,70.68
51835,305,2151,70.68
51835,504,2090,68.68
17849,1111,1786,58.68
2090,1798,2455,80.68
87068,1007,2547,83.68
87068,1015,2821,92.68
14642,109,841,27.68
14642,305,2241,73.68
14642,404,2121,69.68
14642,411,964,31.68
14642,1605,2121,69.68
14642,1898,2210,72.68
102522,304,1725,56.68
102522,705,3186,104.68
8560,305,1268,41.68
8560,306,3459,113.68
21447,305,5012,164.68
21447,306,5012,164.68
21447,428,1725,56.68
21447,1105,2913,95.68
21447,1198,3459,113.68
21447,1817,5012,164.68
26159,306,1086,35.68
26159,708,1207,39.68
26159,709,1207,39.68
26159,916,1146,37.68
26159,1105,2121,69.68
26159,1113,1360,44.68
26159,1605,2060,67.68
26159,1634,3156,103.68
85589,504,933,30.68
85589,504,933,30.68
85589,1617,933,30.68
61308,198,1695,55.68
61308,205,1511,49.68
61308,305,2972,97.68
61308,711,2516,82.68
61308,916,1876,61.68
61308,1112,2516,82.68
61308,1198,1695,55.68
61308,1208,2516,82.68
61308,1812,4798,157.68
61308,1898,2516,82.68
89505,708,872,28.68
91528,426,2425,79.68
91528,1709,2029,66.68
91528,1801,1572,51.68
96878,206,1817,59.68
96878,304,690,22.68
96878,426,902,29.68
96878,1628,1817,59.68
96878,1816,1055,34.68
1061,712,4798,157.68
1061,809,4647,152.68
1061,910,1086,35.68
1061,914,1086,35.68
1061,1105,1115,36.68
1061,1113,1511,49.68
86787,304,1238,40.68
86787,305,1238,40.68
86787,898,1998,65.68
86787,914,3156,103.68
86787,1817,902,29.68
91506,304,2516,82.68
91506,307,2516,82.68
91506,1627,3217,105.68
93585,304,994,32.68
93585,610,1695,55.68
93585,898,1695,55.68
93585,1801,3763,123.68
78387,108,1421,46.68
78387,709,1511,49.68
78387,1605,1146,37.68
86098,1609,2607,85.68
84889,113,1299,42.68
84889,1617,1511,49.68
84889,1812,1055,34.68
60791,498,1025,33.68
3054,423,1511,49.68
3054,1801,3278,107.68
3054,1817,1086,35.68
51523,198,1025,33.68
51523,205,1025,33.68
51523,304,1725,56.68
51523,305,1725,56.68
51523,307,1725,56.68
51523,1215,902,29.68
23470,108,994,32.68
23470,202,2607,85.68
23470,412,1360,44.68
23470,714,3429,112.68
23470,809,3368,110.68
23470,1113,964,31.68
50250,1703,872,28.68
95084,198,3824,125.68
95084,409,933,30.68
95084,428,933,30.68
95084,1309,1786,58.68
95084,1627,4252,139.68
95084,1817,964,31.68
95084,1902,933,30.68
9905,1198,1452,47.68
9905,1198,1452,47.68
21843,412,1025,33.68
21843,1304,1299,42.68
21843,1801,1177,38.68
17900,398,2272,74.68
17900,398,2272,74.68
17900,1605,2182,71.68
17900,1801,1998,65.68
56723,108,2516,82.68
56723,304,964,31.68
56723,305,964,31.68
56723,306,2151,70.68
56723,411,2425,79.68
56723,1108,3643,119.68
56723,1614,1177,38.68
56723,1622,3733,122.68
56723,1627,3278,107.68
56723,1801,3671,120.68
40936,426,1998,65.68
40936,1605,4037,132.68
40936,1812,3186,104.68
82293,1204,1055,34.68
89271,1113,1055,34.68
89271,1817,3278,107.68
58546,426,964,31.68
58546,1617,1968,64.68
58546,1813,2151,70.68
86718,205,1177,38.68
86718,305,4129,135.68
86718,307,4129,135.68
86718,426,3278,107.68
84646,202,933,30.68
84646,1617,933,30.68
11388,109,2455,80.68
11388,304,902,29.68
11388,305,2241,73.68
11388,307,902,29.68
11388,1112,902,29.68
11388,1113,902,29.68
11388,1616,2241,73.68
29338,305,1664,54.68
29338,306,2090,68.68
29338,914,2060,67.68
29338,1113,1845,60.68
29338,1117,4890,160.68
56944,710,1817,59.68
56944,1898,1998,65.68
91226,1598,3306,108.68
91226,1105,1025,33.68
91226,1113,1025,33.68
91226,1898,1025,33.68
64088,428,1817,59.68
64088,1110,3125,102.68
64088,1605,3186,104.68
64088,1627,2425,79.68
64088,1801,2029,66.68
27430,423,1025,33.68
23081,512,1055,34.68
23081,515,964,31.68
23081,908,994,32.68
23081,998,994,32.68
23081,1098,5316,174.68
74408,304,1268,41.68
74408,305,1238,40.68
74408,398,1268,41.68
74408,408,2516,82.68
74408,1698,2425,79.68
74408,1813,2060,67.68
81429,916,1360,44.68
81429,1619,1786,58.68
81429,1637,1876,61.68
57988,428,1664,54.68
57988,809,2060,67.68
57988,1812,1572,51.68
53287,305,1391,45.68
53287,398,1391,45.68
53287,504,1968,64.68
24839,305,872,28.68
24839,306,872,28.68
24839,1112,2668,87.68
24839,1605,2607,85.68
24839,1617,2668,87.68
24839,1898,2760,90.68
76420,915,2182,71.68
22769,1617,1695,55.68
25414,1617,2029,66.68
25414,1619,2972,97.68
47042,304,1146,37.68
71121,432,1664,54.68
70362,304,1756,57.68
70362,305,1756,57.68
70362,1634,3521,115.68
25292,108,933,30.68
25292,1605,1268,41.68
86583,313,2151,70.68
86583,1817,1664,54.68
2234,412,902,29.68
87224,102,2333,76.68
87224,1598,2210,72.68
87224,102,2241,73.68
87224,410,2333,76.68
87224,804,2210,72.68
87224,1812,872,28.68
87224,1817,1360,44.68
46358,202,1572,51.68
46358,1704,2425,79.68
86423,202,1452,47.68
86423,1619,2699,88.68
86423,1801,1360,44.68
3334,306,1725,56.68
3334,1704,2182,71.68
3334,1816,2791,91.68
4973,713,1480,48.68
4973,1701,1086,35.68
44127,304,1299,42.68
102387,713,476,15.68
102387,1617,629,20.68
10812,304,1177,38.68
10812,610,994,32.68
10812,1215,2182,71.68
83012,102,2455,80.68
83012,116,902,29.68
83012,304,902,29.68
83012,1106,902,29.68
14376,120,4343,142.68
14376,414,1603,52.68
14376,1198,902,29.68
74504,1640,1542,50.68
90411,203,5377,176.68
90411,432,1055,34.68
90411,1601,1055,34.68
90411,1627,5863,192.68
90411,1708,5255,172.68
90411,1898,5651,185.68
23093,198,5104,167.68
23093,304,811,26.68
23093,305,1480,48.68
23093,307,811,26.68
23093,428,1511,49.68
23093,498,1876,61.68
23093,504,1876,61.68
71302,1105,872,28.68
71302,1113,1146,37.68
71302,1619,3156,103.68
71302,1801,2090,68.68
71302,1804,3368,110.68
71302,1810,3368,110.68
27517,1215,1876,61.68
27517,1627,2060,67.68
14849,1113,1876,61.68
14849,1627,3824,125.68
35163,306,994,32.68
35163,432,902,29.68
7405,1619,1391,45.68
56320,1605,2029,66.68
10446,408,933,30.68
10446,1704,2941,96.68
10446,1801,2486,81.68
29040,111,3521,115.68
29040,202,3217,105.68
29040,1627,3398,111.68
29040,1710,2151,70.68
50177,914,2699,88.68
50177,1707,1572,51.68
95862,1801,2791,91.68
56738,410,933,30.68
56738,432,7661,251.68
56738,1113,933,30.68
56738,1817,1360,44.68
64008,304,933,30.68
64008,305,933,30.68
64008,498,933,30.68
64008,705,3247,106.68
64008,1898,4037,132.68
23311,304,994,32.68
23311,1798,933,30.68
23311,1813,994,32.68
70517,1198,1055,34.68
70517,304,3186,104.68
70517,305,3186,104.68
70517,1107,4708,154.68
70517,1817,841,27.68
78624,201,1299,42.68
78624,202,5469,179.68
78624,809,1360,44.68
19823,426,1299,42.68
65355,713,1511,49.68
65355,1622,2060,67.68
65355,1812,1542,50.68
48847,410,1360,44.68
48847,1815,1664,54.68
7440,1898,1299,42.68
8150,205,2455,80.68
8150,305,1330,43.68
8150,908,2455,80.68
27485,108,1633,53.68
27485,1605,1299,42.68
27485,1801,1146,37.68
27485,1803,1725,56.68
27485,1812,1115,36.68
27485,1816,1207,39.68
102120,1627,690,22.68
20363,305,1238,40.68
20363,1627,4617,151.68
99733,304,1786,58.68
99733,803,1786,58.68
99733,1609,1786,58.68
89676,426,1025,33.68
89676,1627,1207,39.68
77342,1706,933,30.68
12313,404,964,31.68
12313,708,1299,42.68
20889,610,1633,53.68
20889,713,1633,53.68
6830,198,1238,40.68
6830,202,5408,177.68
6830,608,1511,49.68
6830,1113,1876,61.68
6830,1211,1876,61.68
6830,1812,2972,97.68
6830,1816,4982,163.68
76423,405,1238,40.68
76423,708,1055,34.68
76423,1605,1115,36.68
76423,1798,902,29.68
80341,405,2791,91.68
80341,426,2852,93.68
80341,428,1025,33.68
29244,713,964,31.68
29244,1815,2729,89.68
10666,1805,2516,82.68
10666,1810,2516,82.68
10666,1816,2516,82.68
65161,304,2882,94.68
65161,306,2882,94.68
65161,908,1480,48.68
65161,1113,3247,106.68
65161,1709,4982,163.68
34128,1105,2363,77.68
34128,1113,2363,77.68
56258,304,2241,73.68
56258,411,3247,106.68
56258,428,1786,58.68
56258,1605,2151,70.68
56258,1801,3217,105.68
97919,705,780,25.68
39481,428,2486,81.68
39481,708,2121,69.68
39481,1198,1633,53.68
4492,415,2972,97.68
4492,1198,1633,53.68
4492,1215,2972,97.68
4492,1898,1633,53.68
72297,108,3733,122.68
72297,304,1480,48.68
72297,410,3824,125.68
72297,412,2607,85.68
72297,423,2607,85.68
72297,705,2182,71.68
72297,712,2455,80.68
72297,713,2791,91.68
72297,1616,3763,123.68
72297,1637,3763,123.68
72297,1640,3763,123.68
72297,1801,2821,92.68
72297,1817,3064,100.68
92065,304,1055,34.68
92065,305,1055,34.68
92065,306,1055,34.68
6038,304,2363,77.68
6038,405,872,28.68
6038,432,2729,89.68
6038,498,2363,77.68
6038,1113,994,32.68
6038,1627,2729,89.68
6038,1704,5012,164.68
87152,304,933,30.68
87152,305,1664,54.68
87152,705,1025,33.68
87152,1117,2972,97.68
87152,1616,4190,137.68
87152,1803,4068,133.68
72608,1105,1725,56.68
72608,1605,1725,56.68
72608,1617,1907,62.68
72608,1801,1452,47.68
82745,406,1115,36.68
82745,1113,1207,39.68
82745,1898,1207,39.68
68130,103,1452,47.68
68130,708,1421,46.68
68130,1617,1452,47.68
76287,504,2607,85.68
10918,604,1086,35.68
14703,1630,1330,43.68
26212,1627,964,31.68
100108,302,1086,35.68
100108,305,1025,33.68
100108,398,1452,47.68
100108,1605,1238,40.68
53656,198,1115,36.68
53656,304,841,27.68
53656,1634,1572,51.68
53656,1701,2302,75.68
469,501,1452,47.68
469,518,1452,47.68
469,719,1695,55.68
469,1605,1603,52.68
469,1609,2363,77.68
469,1704,2302,75.68
71769,202,5590,183.68
71769,304,3886,127.68
71769,412,2333,76.68
71769,423,2333,76.68
76104,1617,1480,48.68
76104,1815,1330,43.68
27506,104,994,32.68
27506,305,1055,34.68
27506,406,2455,80.68
27506,498,1025,33.68
27506,805,902,29.68
27506,1110,902,29.68
27506,1630,4190,137.68
80446,411,3156,103.68
80446,432,2394,78.68
80446,504,3306,108.68
80446,519,3306,108.68
80446,713,2241,73.68
80446,1801,3306,108.68
75302,1105,872,28.68
13763,1619,2060,67.68
88758,120,8207,269.68
73017,698,994,32.68
73017,1112,1756,57.68
73017,1898,1756,57.68
93283,914,1330,43.68
93283,1627,1756,57.68
45165,202,1086,35.68
45165,1637,1207,39.68
45165,1801,1025,33.68
45165,1805,1146,37.68
2414,1801,1603,52.68
72181,1609,1511,49.68
34374,414,2210,72.68
34374,432,2425,79.68
34374,1198,1086,35.68
34374,1898,1086,35.68
71891,116,1725,56.68
71891,201,8604,282.68
71891,304,1330,43.68
71891,305,1330,43.68
71891,898,1511,49.68
71891,1305,1511,49.68
90726,504,1268,41.68
90726,1605,5986,196.68
65429,1015,1360,44.68
65429,1605,872,28.68
65429,1617,994,32.68
65429,1812,1330,43.68
65429,1813,1330,43.68
9193,411,4221,138.68
9193,1210,1177,38.68
9193,1812,4555,149.68
34071,708,2272,74.68
34071,916,933,30.68
34071,1622,4068,133.68
34071,1634,4068,133.68
34071,1640,4068,133.68
91065,410,1360,44.68
91065,498,3186,104.68
91065,1817,1937,63.68
87303,1113,1086,35.68
72032,1198,2272,74.68
72032,313,2547,83.68
5578,304,2121,69.68
5578,504,1633,53.68
5578,714,4008,131.68
51172,304,1268,41.68
51172,1609,1299,42.68
51172,1804,3156,103.68
51172,1805,3156,103.68
28506,406,933,30.68
28506,432,841,27.68
34221,305,1055,34.68
34221,405,2210,72.68
34221,423,2210,72.68
34221,426,2210,72.68
34615,1617,2852,93.68
77352,304,1177,38.68
77352,405,933,30.68
77352,426,933,30.68
77352,712,1086,35.68
77352,1617,1177,38.68
77352,1816,1421,46.68
66085,304,4708,154.68
66085,306,2791,91.68
66085,705,3702,121.68
66085,1105,1695,55.68
66085,1802,1299,42.68
95410,1617,1055,34.68
95410,1703,933,30.68
90439,1810,6078,199.68
61187,203,1786,58.68
47424,202,1817,59.68
47424,305,1086,35.68
47424,408,1786,58.68
47424,1614,1817,59.68
48107,298,1177,38.68
48107,405,1055,34.68
48107,709,933,30.68
56521,432,1421,46.68
23867,306,1268,41.68
23867,426,1756,57.68
23867,511,1511,49.68
32606,1298,1511,49.68
817,426,933,30.68
817,705,1055,34.68
817,1801,2090,68.68
98275,1640,690,22.68
91531,311,1845,60.68
91531,428,1633,53.68
91531,598,1025,33.68
91531,601,1511,49.68
91531,607,1876,61.68
91531,1605,1572,51.68
93660,1634,2791,91.68
77567,1609,1025,33.68
80631,304,2090,68.68
80631,498,2821,92.68
80631,1105,2241,73.68
80631,1198,4859,159.68
80631,1616,4433,145.68
80631,1803,2241,73.68
96884,1616,841,27.68
96884,1617,841,27.68
35109,428,2090,68.68
25667,306,1146,37.68
25667,1801,1360,44.68
25667,1998,994,32.68
57631,202,1025,33.68
57631,1617,2791,91.68
52868,102,1086,35.68
52868,712,4890,160.68
42337,1637,2699,88.68
42337,1810,3490,114.68
42337,1812,1907,62.68
42337,1813,1207,39.68
78496,305,1725,56.68
13245,809,1086,35.68
95338,1805,2972,97.68
95338,1807,2972,97.68
95338,1812,2607,85.68
86916,916,841,27.68
93786,206,1055,34.68
93786,404,2151,70.68
93786,1111,749,24.68
93786,1801,2090,68.68
98339,114,1055,34.68
98339,206,1756,57.68
98339,306,3398,111.68
98339,1110,2607,85.68
98339,1117,2607,85.68
98339,1118,964,31.68
98339,1605,3337,109.68
98339,1637,3368,110.68
98339,1801,1998,65.68
49988,916,3490,114.68
49988,1113,1998,65.68
49988,1701,5012,164.68
49988,1704,2547,83.68
26340,304,1299,42.68
26340,405,2941,96.68
26340,423,3306,108.68
26340,426,3125,102.68
26340,1198,3125,102.68
26340,1601,2760,90.68
26340,1801,1786,58.68
26279,303,1511,49.68
1358,408,964,31.68
1358,1105,1115,36.68
49773,202,1055,34.68
93618,1616,872,28.68
93618,1634,872,28.68
101027,306,1725,56.68
10856,202,1086,35.68
39041,203,3125,102.68
39041,305,1238,40.68
39041,307,1238,40.68
39041,519,902,29.68
80118,203,3855,126.68
80118,305,2791,91.68
80118,423,3521,115.68
80118,1198,3551,116.68
80118,1619,3886,127.68
80118,1898,3916,128.68
3934,407,1664,54.68
3934,1801,1633,53.68
3934,1898,5743,188.68
26211,914,3551,116.68
86645,1801,2821,92.68
14793,202,2882,94.68
14793,426,2852,93.68
14793,1704,2121,69.68
70644,1001,1452,47.68
70644,423,1360,44.68
95632,1812,3064,100.68
69717,426,1238,40.68
69717,1701,1542,50.68
69717,1703,1876,61.68
69717,1898,1817,59.68
3572,507,2060,67.68
3572,202,994,32.68
3572,304,1146,37.68
3572,307,1146,37.68
3572,406,964,31.68
3572,423,1146,37.68
3572,507,2060,67.68
3572,1098,1330,43.68
3572,1106,1146,37.68
3572,1113,1146,37.68
3572,1801,1207,39.68
39675,405,2425,79.68
39675,424,2455,80.68
39675,705,1603,52.68
39675,1616,3125,102.68
39675,1801,2151,70.68
39675,1817,1817,59.68
9598,410,1421,46.68
96058,809,1633,53.68
96058,1215,780,25.68
7596,504,4982,163.68
7596,914,4221,138.68
7596,916,1238,40.68
7596,1617,5163,169.68
7596,1701,3459,113.68
7596,1801,2791,91.68
1970,112,1542,50.68
1970,307,964,31.68
1970,412,2090,68.68
1970,426,2090,68.68
62213,432,1055,34.68
62213,498,1086,35.68
62213,712,2060,67.68
19443,202,3337,109.68
19443,1634,3886,127.68
74397,114,964,31.68
74397,304,1115,36.68
74397,916,5713,187.68
49835,205,1268,41.68
49835,304,1268,41.68
49835,305,1268,41.68
49835,1105,1238,40.68
49835,1801,3033,99.68
49835,1803,1238,40.68
70141,714,1845,60.68
70141,1312,1876,61.68
66798,304,1330,43.68
66798,311,1695,55.68
85933,304,1299,42.68
85933,809,1998,65.68
85933,1105,2210,72.68
39748,916,1115,36.68
39748,1898,1845,60.68
51401,306,2972,97.68
14464,406,1330,43.68
14464,426,2425,79.68
14464,1105,1115,36.68
14464,1816,2607,85.68
14464,1817,1542,50.68
20471,107,2516,82.68
20471,398,1207,39.68
20471,424,1207,39.68
20471,1106,1207,39.68
20471,1113,1207,39.68
20471,1619,1421,46.68
20471,1622,1207,39.68
20471,1640,1207,39.68
2591,406,5863,192.68
2591,412,3702,121.68
2591,712,3702,121.68
2591,1312,1452,47.68
2591,1801,1480,48.68
93946,102,2972,97.68
93946,306,1146,37.68
93946,408,2151,70.68
93946,423,721,23.68
93946,426,1055,34.68
93946,708,749,24.68
93946,714,749,24.68
93946,809,2852,93.68
93946,914,3278,107.68
93946,916,1452,47.68
93946,1115,4313,141.68
93946,1616,2060,67.68
93946,1704,4739,155.68
93946,1898,2486,81.68
92615,498,872,28.68
83602,306,1086,35.68
83602,518,1086,35.68
83602,1011,994,32.68
83602,1105,1207,39.68
83602,1110,2486,81.68
83602,1801,2760,90.68
84172,202,933,30.68
84172,412,1177,38.68
90572,205,1330,43.68
90572,305,2791,91.68
90572,406,4617,151.68
90572,605,964,31.68
90572,1108,3125,102.68
90572,1110,3125,102.68
90572,1801,5194,170.68
90572,1817,1055,34.68
26092,305,1055,34.68
26092,1617,2791,91.68
94522,304,537,17.68
94522,916,749,24.68
94522,1810,1998,65.68
93720,1809,1207,39.68
93720,1811,1207,39.68
93720,1814,1207,39.68
94645,108,811,26.68
94645,1116,1268,41.68
8804,108,2455,80.68
8804,305,5012,164.68
8804,306,5104,167.68
8804,705,4678,153.68
8804,898,2182,71.68
8804,1802,1603,52.68
57315,202,1025,33.68
57315,406,1055,34.68
57315,426,1086,35.68
57315,915,2090,68.68
18384,1617,3247,106.68
18384,1637,3612,118.68
67310,705,1238,40.68
57410,203,2760,90.68
57410,1113,1086,35.68
57410,1605,1330,43.68
36771,102,933,30.68
36771,1307,1238,40.68
54981,1198,1786,58.68
3400,102,1725,56.68
3400,698,2547,83.68
3400,916,1695,55.68
3400,998,1572,51.68
3400,1113,2090,68.68
3400,1119,2090,68.68
79371,304,1146,37.68
79371,305,1876,61.68
79371,512,1876,61.68
79371,602,4068,133.68
79371,705,4068,133.68
79371,1111,1603,52.68
79371,1210,1603,52.68
79371,1215,4068,133.68
36289,202,1998,65.68
36289,304,1968,64.68
36289,305,4798,157.68
36289,428,1998,65.68
36289,429,1998,65.68
36289,1312,1998,65.68
77135,1601,2060,67.68
4284,1634,1756,57.68
4284,1812,1238,40.68
63762,202,3186,104.68
63762,406,3490,114.68
63762,407,3247,106.68
63762,408,3125,102.68
63762,426,3125,102.68
63762,713,1542,50.68
63762,1605,3247,106.68
63762,1617,3368,110.68
63762,1798,2210,72.68
63762,1812,1876,61.68
63762,1813,2699,88.68
3605,1801,690,22.68
91793,303,1725,56.68
91793,311,1725,56.68
83870,1617,1330,43.68
83870,1817,1238,40.68
70102,110,2455,80.68
8225,1801,1330,43.68
53378,306,1207,39.68
53378,712,1086,35.68
53378,1617,1360,44.68
53378,1622,1391,45.68
96059,304,690,22.68
96059,307,690,22.68
96059,1617,1391,45.68
91967,719,1876,61.68
91967,798,1876,61.68
79765,108,933,30.68
3516,1605,872,28.68
3516,1617,1330,43.68
3516,1898,1238,40.68
87229,298,902,29.68
87229,306,872,28.68
87229,432,902,29.68
87229,1634,933,30.68
51030,713,1177,38.68
55874,712,4190,137.68
55874,1617,4190,137.68
40056,202,933,30.68
40056,705,4282,140.68
40056,1812,3977,130.68
40056,1817,3612,118.68
37397,512,902,29.68
37397,1812,994,32.68
67588,1108,2272,74.68
67588,1113,2272,74.68
67588,1312,1511,49.68
67588,1610,3247,106.68
67588,1898,2272,74.68
102562,426,1817,59.68
102562,1098,2272,74.68
102562,1605,2121,69.68
90869,107,5012,164.68
90869,304,1055,34.68
90869,305,1055,34.68
90869,306,1055,34.68
49002,1198,1937,63.68
49002,304,1115,36.68
49002,305,1907,62.68
49002,307,1115,36.68
49002,1117,1937,63.68
49002,1817,933,30.68
70321,1622,1238,40.68
95496,713,964,31.68
79566,109,1268,41.68
79566,114,1268,41.68
79566,202,3337,109.68
79566,206,2516,82.68
79566,304,1330,43.68
79566,305,1330,43.68
79566,405,2791,91.68
79566,916,3398,111.68
79566,1816,3643,119.68
86847,398,902,29.68
86847,298,933,30.68
86847,306,933,30.68
86847,309,933,30.68
86847,698,933,30.68
86847,1112,933,30.68
86847,1708,933,30.68
81932,202,3247,106.68
81932,916,811,26.68
67752,108,1572,51.68
67752,298,2333,76.68
67752,305,1055,34.68
67752,306,1572,51.68
67752,708,4617,151.68
67752,709,1480,48.68
67752,712,4617,151.68
67752,720,1360,44.68
67752,809,1480,48.68
67752,1605,3186,104.68
67752,1616,1238,40.68
67752,1627,4617,151.68
67752,1905,2425,79.68
49325,201,4647,152.68
49325,102,1421,46.68
49325,104,1664,54.68
49325,203,2913,95.68
49325,304,994,32.68
49325,404,2241,73.68
49325,410,1299,42.68
49325,411,1299,42.68
49325,423,1299,42.68
49325,424,1299,42.68
49325,426,1299,42.68
49325,1622,2821,92.68
49325,1637,2090,68.68
49325,1798,1817,59.68
49325,1801,4068,133.68
49325,1803,2425,79.68
65819,432,1055,34.68
60751,504,1268,41.68
60751,705,2302,75.68
36945,405,3398,111.68
36945,423,3398,111.68
36945,1612,902,29.68
80677,104,749,24.68
80677,306,599,19.68
80677,425,2941,96.68
80677,804,780,25.68
80677,809,780,25.68
80677,916,964,31.68
80677,1607,749,24.68
83487,1198,2210,72.68
83487,1701,2729,89.68
91255,504,933,30.68
91255,914,1817,59.68
91255,1617,2394,78.68
91255,1622,2394,78.68
41294,107,2425,79.68
41294,411,1268,41.68
41294,1605,2363,77.68
41294,1617,2607,85.68
20385,201,1542,50.68
20385,304,1542,50.68
20385,908,1299,42.68
20385,1801,2821,92.68
41608,102,1086,35.68
41608,307,1695,55.68
41608,705,2576,84.68
41608,1113,2668,87.68
92442,108,780,25.68
27125,108,1268,41.68
27125,705,933,30.68
56113,304,994,32.68
56113,305,994,32.68
56113,307,1025,33.68
8052,1803,1391,45.68
1151,203,1146,37.68
1151,610,1115,36.68
1151,798,1177,38.68
1151,1805,3278,107.68
25852,423,1207,39.68
25852,1704,1299,42.68
25852,1801,1452,47.68
48240,108,1268,41.68
48240,298,872,28.68
48240,304,1845,60.68
48240,305,1845,60.68
48240,1205,1603,52.68
48240,1298,1998,65.68
48240,1609,2090,68.68
16088,202,1633,53.68
16088,1812,1330,43.68
97993,102,1330,43.68
97993,304,1786,58.68
97993,426,3855,126.68
97993,1015,1695,55.68
97993,1215,1330,43.68
102001,608,507,16.68
90570,1705,2425,79.68
90570,1801,2607,85.68
71058,1801,3733,122.68
48221,202,4282,140.68
48221,298,4252,139.68
48221,304,902,29.68
48221,305,902,29.68
48221,398,902,29.68
48221,705,902,29.68
7590,304,994,32.68
94350,1110,1817,59.68
30976,1801,1998,65.68
30976,1810,1786,58.68
30976,1812,1207,39.68
30976,1817,1299,42.68
1270,202,2972,97.68
75558,1598,1633,53.68
75558,1215,1756,57.68
37062,304,1817,59.68
37062,307,1452,47.68
13546,1116,1391,45.68
90799,415,872,28.68
17287,498,811,26.68
64075,1817,1025,33.68
76767,304,841,27.68
76767,423,3337,109.68
20825,429,1177,38.68
20825,1801,1177,38.68
66752,1117,2394,78.68
26700,102,1452,47.68
26700,1216,994,32.68
86095,1617,2182,71.68
86095,1798,1725,56.68
79883,915,1725,56.68
71938,1811,1025,33.68
89814,1198,1572,51.68
89814,1117,1572,51.68
55527,1801,1177,38.68
75949,305,872,28.68
75949,311,872,28.68
88395,104,1299,42.68
88395,203,1391,45.68
88395,423,1055,34.68
88395,432,1055,34.68
88395,708,1299,42.68
88395,712,994,32.68
88395,1605,872,28.68
88395,1622,872,28.68
88395,1634,1299,42.68
88395,1898,933,30.68
95783,107,1238,40.68
95783,116,1238,40.68
95783,208,841,27.68
95783,605,841,27.68
95783,1111,1511,49.68
95783,1117,2516,82.68
95783,1215,1421,46.68
95783,1605,1207,39.68
95783,1701,1086,35.68
97816,108,902,29.68
97816,406,2090,68.68
8738,1810,994,32.68
1707,108,4190,137.68
1707,304,1664,54.68
1707,305,2516,82.68
1707,404,2699,88.68
1707,415,2699,88.68
1707,916,4555,149.68
1707,1801,4951,162.68
47317,426,1391,45.68
47317,1630,1756,57.68
47317,1812,1330,43.68
40789,708,1756,57.68
40789,1312,1756,57.68
40789,1801,2394,78.68
40789,1817,2090,68.68
4349,998,1025,33.68
16874,202,872,28.68
45084,116,2241,73.68
45084,411,841,27.68
45084,1106,1603,52.68
45084,1113,1603,52.68
45084,1208,2882,94.68
45084,1637,4798,157.68
63093,304,1360,44.68
63093,305,1360,44.68
63093,307,1360,44.68
63093,1801,3278,107.68
63093,1808,3278,107.68
63093,1809,3278,107.68
27957,1709,2699,88.68
27957,1801,4129,135.68
77372,423,1268,41.68
70520,116,1633,53.68
70520,205,1238,40.68
70520,1605,5347,175.68
70520,1810,4708,154.68
70520,1817,2913,95.68
83590,1617,1786,58.68
83590,1622,1786,58.68
83590,1704,1086,35.68
83590,1710,933,30.68
20063,304,1238,40.68
20063,305,1238,40.68
20063,412,1146,37.68
20063,426,1055,34.68
20063,712,1146,37.68
100009,1812,3551,116.68
36584,898,2210,72.68
36584,102,841,27.68
36584,906,1207,39.68
36584,1626,1207,39.68
58545,1612,2821,92.68
58545,1804,3125,102.68
94351,1812,1299,42.68
94351,1815,1998,65.68
94351,1817,841,27.68
64973,405,1633,53.68
64973,407,964,31.68
64973,1817,902,29.68
63490,198,1786,58.68
2854,305,1421,46.68
2854,1105,1664,54.68
2854,1111,1664,54.68
24767,404,994,32.68
89224,1001,4798,157.68
89224,304,933,30.68
89224,305,933,30.68
89224,428,811,26.68
89224,504,811,26.68
89224,514,933,30.68
89224,605,1086,35.68
91410,202,3156,103.68
91410,305,1725,56.68
91410,313,4008,131.68
91410,423,3337,109.68
91410,1701,2455,80.68
91410,1813,2913,95.68
58104,704,4190,137.68
58104,426,3947,129.68
58104,1215,4920,161.68
58104,1801,1603,52.68
58104,1812,2760,90.68
47099,202,2821,92.68
47099,206,1360,44.68
46262,108,2882,94.68
46262,1113,1664,54.68
46262,1617,1968,64.68
23511,198,1603,52.68
23511,1801,1055,34.68
23511,1804,3947,129.68
30224,305,3977,130.68
30224,307,3977,130.68
30224,504,1786,58.68
30224,512,1786,58.68
30224,612,1421,46.68
30224,1110,1786,58.68
53016,1617,2121,69.68
53016,1705,1421,46.68
89698,906,902,29.68
89698,1205,1876,61.68
89698,1312,1876,61.68
25539,102,2668,87.68
25539,305,1025,33.68
25539,426,1572,51.68
25539,1113,1572,51.68
369,202,1725,56.68
27141,1111,1480,48.68
27141,1112,1756,57.68
14471,305,1268,41.68
14471,424,902,29.68
14471,1215,3033,99.68
14471,1709,2455,80.68
36534,1801,1177,38.68
90871,415,1421,46.68
90871,1809,1268,41.68
94142,403,3702,121.68
94142,415,1845,60.68
94142,916,841,27.68
94142,1605,2272,74.68
94142,1801,1268,41.68
94142,1802,2913,95.68
94142,1812,2302,75.68
94142,1813,2729,89.68
81844,1622,1086,35.68
5104,109,1146,37.68
5104,202,841,27.68
5104,304,4433,145.68
5104,305,3824,125.68
5104,415,1542,50.68
5104,713,4252,139.68
5104,809,1542,50.68
5104,1617,1299,42.68
5104,1709,3671,120.68
40928,304,2121,69.68
40928,705,994,32.68
40928,1798,2821,92.68
40928,1898,5835,191.68
63696,202,964,31.68
63696,1614,1633,53.68
65681,1617,1360,44.68
9081,304,3156,103.68
9081,305,3156,103.68
9081,798,872,28.68
9081,1701,1146,37.68
9081,1898,1633,53.68
22117,104,1998,65.68
22117,109,1998,65.68
77294,914,964,31.68
73973,1598,3306,108.68
73973,112,3278,107.68
73973,1703,964,31.68
73973,1898,1177,38.68
53034,298,1055,34.68
13265,202,1695,55.68
13265,426,1299,42.68
13265,610,1817,59.68
13265,916,1845,60.68
13265,1605,1817,59.68
65818,201,2210,72.68
65818,202,1480,48.68
65818,205,2210,72.68
65818,305,964,31.68
65818,412,3217,105.68
65818,712,3217,105.68
65818,1117,3824,125.68
65818,1703,1360,44.68
65818,1706,1817,59.68
7697,107,1511,49.68
7697,111,1511,49.68
7697,916,1511,49.68
7697,1110,1511,49.68
7697,1623,1299,42.68
41903,1801,933,30.68
4580,313,4068,133.68
4580,1617,3186,104.68
4580,1630,3337,109.68
4580,1801,2090,68.68
27442,205,2241,73.68
27442,713,1633,53.68
90845,898,6443,211.68
90845,305,1299,42.68
90845,307,1299,42.68
90845,808,6320,207.68
90845,1605,841,27.68
90845,1698,1876,61.68
90845,1813,1907,62.68
79247,304,1542,50.68
79247,306,2668,87.68
79247,311,5986,196.68
79247,504,1360,44.68
79247,519,1268,41.68
79247,1113,1572,51.68
79247,1117,1572,51.68
79247,1898,5804,190.68
1718,1112,2821,92.68
67735,305,3094,101.68
67735,428,2972,97.68
67735,1113,902,29.68
67735,1601,5012,164.68
41226,1215,1511,49.68
41226,1298,1511,49.68
98483,198,1756,57.68
98483,110,1756,57.68
98483,1812,1937,63.68
49066,1202,3003,98.68
49066,307,1603,52.68
49066,914,872,28.68
49066,1215,3003,98.68
45575,108,1025,33.68
45575,202,994,32.68
45575,304,1330,43.68
45575,305,2455,80.68
45575,411,1055,34.68
45575,423,902,29.68
45575,1801,902,29.68
85863,102,1299,42.68
85863,304,4586,150.68
85863,504,2210,72.68
87965,408,1725,56.68
87965,1612,1330,43.68
87965,1617,2029,66.68
87965,1801,1817,59.68
26222,898,872,28.68
26222,808,872,28.68
28243,1106,1542,50.68
28243,1605,2882,94.68
95421,310,780,25.68
95421,404,841,27.68
95421,1637,2668,87.68
37275,304,3278,107.68
37275,305,2486,81.68
37275,427,1511,49.68
37275,428,1511,49.68
37275,705,2791,91.68
37275,1813,2455,80.68
7005,498,1360,44.68
7005,714,1786,58.68
7005,798,1725,56.68
27785,405,4068,133.68
27785,406,4068,133.68
27785,407,4068,133.68
27785,408,4068,133.68
27785,1017,3702,121.68
76402,305,1603,52.68
76402,411,3398,111.68
76402,713,1025,33.68
76402,1105,1391,45.68
76402,1605,3702,121.68
76402,1622,2760,90.68
76402,1637,3671,120.68
76402,1801,3125,102.68
24038,202,690,22.68
24038,406,599,19.68
24038,1605,1845,60.68
68965,1598,1817,59.68
68965,1617,1633,53.68
90850,407,902,29.68
55290,1105,3306,108.68
80564,305,1572,51.68
80564,1105,1025,33.68
80564,1605,2791,91.68
43853,1804,1603,52.68
43853,1810,1603,52.68
58130,432,964,31.68
58130,498,964,31.68
56691,1617,1055,34.68
51842,908,1025,33.68
51842,1801,1968,64.68
73512,305,1542,50.68
73512,1801,933,30.68
57881,408,2182,71.68
57881,414,2394,78.68
57881,1627,4555,149.68
75139,708,1480,48.68
75139,1015,1786,58.68
75139,1105,1452,47.68
75139,1114,1756,57.68
75139,1617,1452,47.68
75139,1634,1115,36.68
11739,1898,1268,41.68
75664,206,2090,68.68
75664,412,2182,71.68
75664,504,2182,71.68
20887,201,1421,46.68
20887,202,1421,46.68
48811,115,1025,33.68
48811,1307,1146,37.68
72513,406,568,18.68
72513,426,994,32.68
72513,798,841,27.68
72513,1698,841,27.68
78485,305,1238,40.68
78485,698,1299,42.68
45353,610,872,28.68
45353,1637,1360,44.68
45353,1801,1480,48.68
4285,708,1115,36.68
4285,1617,1146,37.68
13668,305,1268,41.68
13668,428,1146,37.68
13668,1105,964,31.68
13668,1630,4160,136.68
5638,405,2852,93.68
5638,498,2852,93.68
5638,708,2913,95.68
5638,713,2699,88.68
5638,1105,1025,33.68
5638,1801,2516,82.68
5638,1812,2060,67.68
5638,1898,1055,34.68
48255,304,1115,36.68
48255,305,1299,42.68
48255,428,902,29.68
48255,504,721,23.68
61118,1626,1968,64.68
61118,1709,4160,136.68
61118,1903,933,30.68
24517,1117,4282,140.68
24517,1812,3186,104.68
15793,428,1055,34.68
15793,809,2852,93.68
15793,916,3306,108.68
15793,1703,1664,54.68
53470,916,1664,54.68
53470,1812,1603,52.68
51339,916,1360,44.68
28231,102,2210,72.68
28231,198,2576,84.68
28231,205,1876,61.68
28231,304,2941,96.68
28231,406,933,30.68
28231,411,2333,76.68
28231,428,2576,84.68
28231,713,4617,151.68
28231,898,1480,48.68
28231,1098,6228,204.68
28231,1205,1330,43.68
28231,1215,4313,141.68
28231,1816,1177,38.68
89857,1605,1876,61.68
90711,198,2090,68.68
90711,1215,1725,56.68
90711,1798,1268,41.68
55484,202,4008,131.68
55484,206,3521,115.68
55484,306,1633,53.68
55484,1617,3521,115.68
96653,304,1146,37.68
96653,306,1146,37.68
96653,307,1146,37.68
96653,1105,5163,169.68
96653,1113,3094,101.68
96653,1198,3125,102.68
96653,1312,660,21.68
96653,1619,5255,172.68
96653,1701,1756,57.68
96653,1703,1452,47.68
96653,1810,3125,102.68
26600,108,902,29.68
26600,415,1452,47.68
26600,809,1511,49.68
26600,1801,1695,55.68
97274,103,1421,46.68
97274,103,1421,46.68
97274,304,749,24.68
97274,1898,1177,38.68
37084,1634,2821,92.68
68738,305,1268,41.68
68738,405,2121,69.68
68738,1623,1968,64.68
64394,108,2913,95.68
64394,406,1756,57.68
64394,407,1756,57.68
64394,426,1756,57.68
64394,1113,2151,70.68
72899,112,4099,134.68
72899,209,1055,34.68
72899,405,3916,128.68
72899,414,1907,62.68
72899,713,1695,55.68
72899,1704,1633,53.68
72899,1898,3643,119.68
97980,405,3671,120.68
97980,504,994,32.68
97980,1609,1360,44.68
97980,1622,1360,44.68
97980,1634,2821,92.68
97980,1637,3490,114.68
8082,504,2882,94.68
8082,915,2547,83.68
78748,1605,1876,61.68
78748,1634,1876,61.68
6454,304,1480,48.68
6454,1617,2333,76.68
6454,1630,2363,77.68
38359,104,3337,109.68
38359,109,2060,67.68
38359,1110,1511,49.68
38359,1114,1511,49.68
38359,1116,3794,124.68
38359,1601,1421,46.68
38359,1617,1421,46.68
98708,202,749,24.68
89097,1798,872,28.68
86354,304,1480,48.68
86354,305,1480,48.68
36798,426,902,29.68
36798,1098,2060,67.68
8352,203,3217,105.68
8352,410,4829,158.68
8352,423,1360,44.68
8352,1113,1633,53.68
8352,1616,5224,171.68
8352,1815,2516,82.68
33777,108,1633,53.68
33777,498,933,30.68
33777,708,1115,36.68
33777,1701,2638,86.68
96441,430,8665,284.68
71502,1198,3337,109.68
71502,304,1542,50.68
71502,1198,3337,109.68
71502,1601,2210,72.68
71502,1627,2210,72.68
61675,504,3306,108.68
68097,304,2821,92.68
68097,305,1330,43.68
68097,411,3003,98.68
68097,423,2729,89.68
68097,1113,964,31.68
68097,1619,3003,98.68
8381,424,2060,67.68
8381,1105,1937,63.68
8381,1112,2394,78.68
40587,108,1360,44.68
40587,202,1360,44.68
40587,708,1391,45.68
54575,108,1603,52.68
54575,304,2182,71.68
54575,705,902,29.68
54575,798,1115,36.68
54575,1106,1330,43.68
17267,398,1146,37.68
17267,428,1695,55.68
16025,1105,2425,79.68
16025,1310,2821,92.68
16025,1801,1207,39.68
82192,708,994,32.68
82192,1617,1360,44.68
82192,1898,1330,43.68
28123,116,1421,46.68
28123,205,1421,46.68
28123,304,1421,46.68
28123,305,2729,89.68
28123,498,2729,89.68
28123,1105,2760,90.68
60541,426,1330,43.68
60541,430,1299,42.68
60541,432,1360,44.68
60541,1617,1360,44.68
93647,428,2516,82.68
93647,1006,2821,92.68
93647,1105,780,25.68
93647,1601,994,32.68
93647,1605,2182,71.68
93647,1614,3824,125.68
93647,1812,3033,99.68
93647,1816,2425,79.68
45397,1605,3671,120.68
45397,1630,3702,121.68
45397,1701,2821,92.68
45397,1816,2760,90.68
45397,1817,2729,89.68
32987,1610,2972,97.68
32987,1801,1299,42.68
32987,1817,2394,78.68
37262,304,4068,133.68
37262,307,2607,85.68
37262,916,1725,56.68
90150,406,1330,43.68
41406,304,3551,116.68
41406,1113,1025,33.68
51340,101,1177,38.68
51340,102,1360,44.68
51340,198,1177,38.68
51340,304,2486,81.68
51340,1798,5804,190.68
50702,405,1817,59.68
50702,426,1817,59.68
88713,432,1025,33.68
88713,1811,1025,33.68
35762,1809,2060,67.68
61650,1898,3003,98.68
83747,304,2791,91.68
83747,305,1146,37.68
83747,307,1330,43.68
83747,1801,902,29.68
83747,1802,902,29.68
82599,108,1268,41.68
82599,202,1177,38.68
33104,1801,1268,41.68
75586,406,1086,35.68
75586,423,1086,35.68
75586,1701,1786,58.68
90876,306,6290,206.68
90876,426,4343,142.68
90876,1811,2029,66.68
90876,1813,6290,206.68
79324,1627,3763,123.68
79324,1998,4374,143.68
54016,202,2607,85.68
54016,411,1238,40.68
4107,1627,2821,92.68
13805,202,1025,33.68
13805,304,1299,42.68
13805,305,1207,39.68
13805,705,1756,57.68
13805,1215,1238,40.68
33688,201,1238,40.68
33688,304,2241,73.68
33688,305,2638,86.68
33688,411,1299,42.68
33688,426,3551,116.68
33688,798,1268,41.68
33688,1601,1725,56.68
33688,1622,933,30.68
33688,1627,3794,124.68
33688,1798,2486,81.68
33688,1810,2029,66.68
33688,1817,1480,48.68
42204,116,1511,49.68
42204,304,2241,73.68
42204,307,2241,73.68
42204,405,5316,174.68
42204,805,1268,41.68
42204,1105,3551,116.68
42204,1106,3551,116.68
42204,1112,3551,116.68
42204,1113,3551,116.68
42204,1308,1146,37.68
42204,1309,1146,37.68
42204,1805,1025,33.68
64510,1617,1391,45.68
12121,305,1330,43.68
12121,1801,3947,129.68
39942,102,1542,50.68
39942,205,1664,54.68
39942,305,1421,46.68
39942,809,1907,62.68
39942,1113,2882,94.68
39942,1622,3916,128.68
94996,1198,3459,113.68
94996,1605,2607,85.68
50127,708,4008,131.68
36399,205,1025,33.68
36399,304,3186,104.68
36399,305,6228,204.68
36399,311,6108,200.68
36399,411,964,31.68
36399,432,2760,90.68
36399,1605,3156,103.68
36399,1616,4739,155.68
36399,1634,6351,208.68
36399,1637,3824,125.68
36399,1705,1421,46.68
36399,1801,6228,204.68
86986,202,872,28.68
86986,428,872,28.68
84469,304,2425,79.68
84469,305,1115,36.68
84469,1113,1115,36.68
84469,1801,5743,188.68
18140,102,1480,48.68
18140,305,1968,64.68
18140,498,1421,46.68
18140,798,1238,40.68
18140,1605,1876,61.68
35954,610,2210,72.68
65244,705,994,32.68
39831,304,1756,57.68
39831,305,1725,56.68
39831,307,1756,57.68
39831,398,1756,57.68
39831,1110,3521,115.68
39831,1113,1025,33.68
39831,1898,1725,56.68
67908,430,1299,42.68
67908,1630,1330,43.68
67908,1703,1238,40.68
67908,1709,1086,35.68
67908,1801,1207,39.68
23760,305,1511,49.68
23760,1113,1511,49.68
78142,403,3551,116.68
78142,504,3916,128.68
78142,426,3247,106.68
78142,1810,2547,83.68
48708,304,1572,51.68
48708,306,3612,118.68
48708,415,3217,105.68
48708,1112,2699,88.68
48708,1637,5132,168.68
48708,1708,3947,129.68
81168,198,3398,111.68
81168,304,2821,92.68
81168,1703,3156,103.68
74661,706,1876,61.68
74661,1108,3794,124.68
32381,108,1025,33.68
32381,1105,1055,34.68
32381,1113,1086,35.68
32381,1627,1421,46.68
29584,423,2090,68.68
25011,407,2760,90.68
25011,408,2760,90.68
25011,423,2760,90.68
25011,426,1299,42.68
75799,1998,1086,35.68
95272,198,3217,105.68
95272,1198,994,32.68
86131,1619,1511,49.68
86131,1703,1299,42.68
29772,410,3977,130.68
29772,411,3977,130.68
29772,1803,1360,44.68
29772,1812,1360,44.68
84598,412,3977,130.68
54434,1617,1268,41.68
54434,1703,1238,40.68
53373,1627,2913,95.68
53373,1801,2821,92.68
90713,405,2729,89.68
90713,1105,902,29.68
90713,1113,902,29.68
90713,1617,3064,100.68
90713,1812,2791,91.68
38242,498,1268,41.68
67945,705,1086,35.68
10921,1609,1695,55.68
10921,1617,1695,55.68
32530,1801,1511,49.68
99094,428,2913,95.68
99094,1113,1511,49.68
99094,1798,4008,131.68
82769,202,994,32.68
82769,610,1452,47.68
82769,1605,1452,47.68
98385,424,690,22.68
62475,405,2151,70.68
62475,1605,3306,108.68
29788,305,2121,69.68
50570,102,1146,37.68
50570,304,1817,59.68
50570,305,1817,59.68
50570,307,1817,59.68
50570,713,3612,118.68
50570,1698,2607,85.68
50570,1709,4433,145.68
90982,304,1907,62.68
90982,307,1907,62.68
90982,1113,933,30.68
90982,1708,3429,112.68
43965,1627,4586,150.68
102132,205,1086,35.68
102132,304,3217,105.68
102132,498,1299,42.68
102132,504,4951,162.68
60701,1605,2302,75.68
60701,1614,2302,75.68
28716,202,1330,43.68
28716,426,1025,33.68
28716,1110,2821,92.68
28716,1112,1452,47.68
28716,1601,2060,67.68
28716,1627,2791,91.68
28716,1817,1146,37.68
16479,1898,1968,64.68
87970,504,3217,105.68
87970,504,3247,106.68
87970,1112,1664,54.68
32818,102,1845,60.68
32818,205,1845,60.68
32818,304,1480,48.68
32818,711,1391,45.68
32818,1113,1845,60.68
32818,1205,1480,48.68
32818,1209,1238,40.68
32818,1216,1055,34.68
81171,1298,2090,68.68
81171,1905,1725,56.68
87644,1105,872,28.68
18041,120,1756,57.68
18041,202,3337,109.68
18041,426,2029,66.68
18041,432,3582,117.68
18041,1617,2090,68.68
18041,1817,2486,81.68
483,201,2121,69.68
483,304,2272,74.68
483,305,2272,74.68
483,610,1177,38.68
483,705,1756,57.68
483,708,1572,51.68
483,709,1572,51.68
483,1701,1238,40.68
39321,307,1207,39.68
39321,504,1845,60.68
39321,1704,1725,56.68
39321,1813,1817,59.68
1333,304,1845,60.68
1333,306,1845,60.68
1333,998,902,29.68
1333,1198,2486,81.68
5371,102,1086,35.68
5371,108,3582,117.68
5371,412,4433,145.68
2934,428,1968,64.68
2934,1105,1146,37.68
2934,1113,1391,45.68
2934,1637,3156,103.68
2934,1817,2363,77.68
62807,428,3278,107.68
62807,1798,1452,47.68
13146,406,2699,88.68
13146,914,3521,115.68
13146,1634,2210,72.68
13146,1703,3217,105.68
13146,1798,2363,77.68
49858,406,5408,177.68
49858,428,2121,69.68
49858,1113,3217,105.68
49858,1216,1603,52.68
49858,1704,3247,106.68
21656,202,1542,50.68
15898,305,1756,57.68
15898,412,4374,143.68
15898,415,2821,92.68
15898,428,1845,60.68
15898,713,5224,171.68
15898,1113,1786,58.68
55052,710,902,29.68
55052,998,2455,80.68
55052,1801,2972,97.68
101995,1113,599,19.68
101995,1816,1238,40.68
94998,1598,1238,40.68
94998,1117,1238,40.68
47663,305,1330,43.68
58710,202,3247,106.68
58710,304,2729,89.68
58710,305,2729,89.68
58710,1106,1968,64.68
58710,1619,3278,107.68
50039,916,2941,96.68
60570,1198,2882,94.68
60570,1112,933,30.68
60570,1198,2882,94.68
60570,1215,1695,55.68
60570,1801,2090,68.68
44836,304,1817,59.68
44836,1113,1968,64.68
93988,305,1542,50.68
93988,1605,902,29.68
57278,1812,1845,60.68
58942,1598,2668,87.68
58942,1106,2668,87.68
62331,304,2607,85.68
62331,305,1115,36.68
62331,1810,994,32.68
61764,205,1177,38.68
61764,306,5104,167.68
61764,411,1664,54.68
61764,426,964,31.68
61764,1105,2821,92.68
61764,1113,2516,82.68
61764,1605,1238,40.68
61764,1637,2029,66.68
12371,714,964,31.68
12371,1113,1115,36.68
98463,713,749,24.68
98463,1622,1998,65.68
98463,1812,1876,61.68
48430,102,1695,55.68
48430,109,4068,133.68
48430,305,3186,104.68
89191,398,872,28.68
75107,424,933,30.68
75107,428,1542,50.68
75107,705,933,30.68
75107,1617,2791,91.68
75107,1801,2760,90.68
996,304,1421,46.68
996,705,2821,92.68
996,1801,1025,33.68
60605,1601,1238,40.68
60605,1617,1480,48.68
60605,1634,1480,48.68
86767,304,1480,48.68
86767,305,1480,48.68
86767,306,1480,48.68
86767,411,2394,78.68
86767,712,1511,49.68
86767,916,2638,86.68
86767,1015,2638,86.68
86767,1605,5713,187.68
86767,1622,5713,187.68
86767,1634,5713,187.68
86767,1640,5713,187.68
3060,102,1115,36.68
3060,305,4221,138.68
3060,306,4221,138.68
3060,1112,4037,132.68
3060,1801,2760,90.68
72085,1098,1421,46.68
87766,498,2821,92.68
87232,804,3003,98.68
86669,408,964,31.68
86669,411,1330,43.68
86669,1898,1845,60.68
46208,202,902,29.68
46208,304,1268,41.68
46208,410,3824,125.68
46208,605,3064,100.68
46208,612,3064,100.68
46208,1113,3064,100.68
46208,1617,3094,101.68
56412,1801,1542,50.68
85854,406,1238,40.68
85854,426,1238,40.68
40610,205,3337,109.68
62614,116,2455,80.68
62614,202,4160,136.68
62614,205,902,29.68
62614,306,4160,136.68
62614,1619,4160,136.68
62614,1704,3855,126.68
31058,203,1756,57.68
31058,708,1207,39.68
31058,1605,1421,46.68
30581,202,994,32.68
30581,1215,1603,52.68
30581,1701,1480,48.68
75961,428,2210,72.68
58347,712,964,31.68
48549,101,3094,101.68
48549,304,3094,101.68
48549,423,3094,101.68
48549,425,3125,102.68
48549,504,3094,101.68
48549,705,933,30.68
48549,1106,3094,101.68
48549,1215,1146,37.68
48549,1616,994,32.68
100128,108,629,20.68
100128,202,841,27.68
100128,411,841,27.68
100128,1607,811,26.68
100128,1617,841,27.68
100128,1637,811,26.68
100128,1698,749,24.68
100128,1801,841,27.68
24060,304,994,32.68
24060,305,933,30.68
24060,428,994,32.68
76452,504,5255,172.68
76452,1312,2333,76.68
14468,305,1360,44.68
14468,410,2729,89.68
14468,426,2729,89.68
14468,1817,1055,34.68
13227,1110,2668,87.68
13227,1701,2455,80.68
65321,915,2941,96.68
65321,1709,1572,51.68
65321,1710,1452,47.68
8666,304,1330,43.68
52810,1630,1876,61.68
44093,202,2516,82.68
44093,426,2699,88.68
44093,498,2516,82.68
44093,1701,1695,55.68
44093,1812,1695,55.68
92112,1805,1086,35.68
53329,202,811,26.68
53329,205,1695,55.68
53329,426,1025,33.68
53329,1312,1207,39.68
15677,304,1480,48.68
89944,1312,2241,73.68
30983,305,1299,42.68
30983,426,3551,116.68
30983,1312,1480,48.68
90175,1113,811,26.68
90175,1617,902,29.68
67825,304,1603,52.68
67825,428,1391,45.68
67825,1801,1360,44.68
96741,102,1480,48.68
96741,201,1480,48.68
96741,304,2090,68.68
96741,410,4555,149.68
96741,908,721,23.68
96741,1105,2272,74.68
96741,1106,4068,133.68
96741,1112,4068,133.68
96741,1205,933,30.68
96741,1216,1268,41.68
96741,1801,1360,44.68
27326,108,1268,41.68
27326,305,1603,52.68
27326,306,1603,52.68
27326,307,1603,52.68
27326,313,6078,199.68
27326,1609,5986,196.68
6282,298,1207,39.68
81463,501,4099,134.68
81463,601,4099,134.68
81463,304,3763,123.68
81463,313,4099,134.68
81463,518,4099,134.68
81463,610,3247,106.68
81463,713,1086,35.68
81463,805,1452,47.68
81463,1119,1876,61.68
81463,1617,4008,131.68
46261,1798,1177,38.68
16584,714,1907,62.68
16624,198,1299,42.68
16624,412,3094,101.68
40349,305,4252,139.68
40349,1815,3186,104.68
12221,1198,1480,48.68
12221,1110,1480,48.68
97495,423,1421,46.68
97495,712,1421,46.68
97495,1622,1421,46.68
17027,304,994,32.68
17027,307,994,32.68
52689,306,2151,70.68
52689,1622,1025,33.68
40591,423,2547,83.68
40591,426,2547,83.68
40591,1801,1786,58.68
96181,518,1817,59.68
96181,610,1845,60.68
96181,916,1817,59.68
96181,1014,1845,60.68
96181,1617,1817,59.68
96181,1814,1845,60.68
50601,306,3217,105.68
50601,1616,1817,59.68
96716,1609,2455,80.68
41775,102,1633,53.68
41775,109,3156,103.68
41775,426,4252,139.68
41775,798,1603,52.68
41775,916,2791,91.68
41775,1110,1937,63.68
41775,1617,4221,138.68
41775,1698,2791,91.68
73252,410,2455,80.68
73252,1816,1542,50.68
3798,1701,811,26.68
29146,412,3217,105.68
29146,1816,1238,40.68
68887,410,2302,75.68
68887,411,2302,75.68
68887,504,1207,39.68
6670,424,2060,67.68
6670,514,1360,44.68
6670,714,1207,39.68
6670,1111,2090,68.68
6670,1210,2272,74.68
6670,1212,2272,74.68
6670,1215,3125,102.68
6670,1637,3490,114.68
6670,1817,1238,40.68
6670,1898,2272,74.68
64552,202,1876,61.68
64552,426,1086,35.68
64552,1605,2363,77.68
64552,1634,2425,79.68
64552,1705,1025,33.68
64552,1801,1086,35.68
85910,305,1572,51.68
85910,605,2363,77.68
85910,612,2363,77.68
56827,426,3947,129.68
56827,1113,4068,133.68
631,1312,1330,43.68
81559,1817,1055,34.68
44990,404,1421,46.68
98678,708,660,21.68
98678,709,690,22.68
98678,1617,1086,35.68
5607,713,3551,116.68
5607,1705,1968,64.68
95285,410,1664,54.68
95285,1803,3125,102.68
83570,1614,2060,67.68
83570,1801,1177,38.68
83570,1812,1937,63.68
83570,1817,1207,39.68
31384,1640,1480,48.68
63477,304,1817,59.68
63477,1112,1268,41.68
63477,1113,1603,52.68
41461,304,2576,84.68
41461,311,3156,103.68
41461,714,3125,102.68
41461,798,1937,63.68
41461,914,1907,62.68
69763,1601,629,20.68
88406,201,2455,80.68
88406,202,5621,184.68
88406,205,2455,80.68
88406,304,964,31.68
88406,705,902,29.68
88406,1106,933,30.68
88406,1112,933,30.68
88406,1119,933,30.68
88406,1627,5651,185.68
51628,201,964,31.68
51628,305,3156,103.68
51628,1113,2029,66.68
98896,306,964,31.68
98896,1809,964,31.68
98896,1813,964,31.68
98896,1898,964,31.68
91906,423,3186,104.68
91906,504,994,32.68
91906,798,4464,146.68
91906,1113,1115,36.68
91906,1312,1115,36.68
91906,1617,3125,102.68
77021,304,2852,93.68
77021,305,1756,57.68
49903,504,872,28.68
49903,504,872,28.68
49903,809,1238,40.68
49903,1817,1360,44.68
42741,198,1146,37.68
42741,1105,1177,38.68
68974,1617,1664,54.68
68974,1812,1177,38.68
99919,306,2363,77.68
32088,102,1603,52.68
32088,304,2699,88.68
32088,305,2699,88.68
32088,406,1238,40.68
32088,1105,5743,188.68
32088,1701,2638,86.68
3107,715,4160,136.68
3107,1110,1725,56.68
6322,305,2516,82.68
6322,1703,2272,74.68
6322,1802,994,32.68
6322,1817,2121,69.68
97344,1634,3003,98.68
23486,304,933,30.68
23486,708,4798,157.68
23486,1617,3186,104.68
23486,1801,3247,106.68
10440,426,5835,191.68
10440,428,1452,47.68
10440,914,2090,68.68
10440,1117,2486,81.68
10440,1305,1998,65.68
65365,104,902,29.68
65365,109,933,30.68
65365,205,1360,44.68
65365,708,5835,191.68
65365,712,5743,188.68
65365,1617,5774,189.68
65365,1701,841,27.68
65365,1802,902,29.68
65365,1811,4647,152.68
90692,306,2333,76.68
90692,1801,1998,65.68
3506,1198,1452,47.68
3506,1617,933,30.68
91557,107,3916,128.68
91557,116,4647,152.68
91557,305,3612,118.68
91557,398,3886,127.68
91557,404,5774,189.68
91557,405,5774,189.68
91557,504,5043,165.68
91557,1111,5894,193.68
91557,1117,5377,176.68
91557,1198,1177,38.68
91557,1210,5377,176.68
91557,1803,1330,43.68
93089,108,811,26.68
93089,1617,841,27.68
66450,102,902,29.68
66450,205,1086,35.68
66450,304,902,29.68
66450,305,4252,139.68
91773,198,1146,37.68
91773,411,2090,68.68
91773,426,2121,69.68
91773,432,1330,43.68
91773,1637,1391,45.68
91773,1798,2090,68.68
33264,304,1725,56.68
33264,305,1725,56.68
33264,307,1725,56.68
33264,915,2821,92.68
33264,1898,3886,127.68
27241,104,1452,47.68
27241,305,1603,52.68
27241,306,1603,52.68
27241,1627,1664,54.68
9836,202,1025,33.68
9836,205,1876,61.68
9836,498,2972,97.68
9836,916,872,28.68
9836,1111,1025,33.68
9836,1113,1876,61.68
9836,1119,1025,33.68
9836,1498,1025,33.68
9836,1637,1998,65.68
52483,1703,1633,53.68
92700,707,1086,35.68
92700,809,1146,37.68
96805,198,1299,42.68
96805,202,1664,54.68
96805,1605,2182,71.68
87099,406,994,32.68
87099,916,1086,35.68
34010,305,1115,36.68
34010,306,2941,96.68
34010,1701,1268,41.68
20921,809,1633,53.68
20921,1105,2302,75.68
20921,1701,1177,38.68
4578,201,1330,43.68
4578,304,2121,69.68
4578,306,2121,69.68
4578,415,2576,84.68
4578,998,933,30.68
4578,1113,1330,43.68
4578,1305,933,30.68
99946,304,660,21.68
99946,305,660,21.68
99946,307,660,21.68
99946,498,2729,89.68
99946,1111,2972,97.68
63355,1701,933,30.68
63355,1804,1330,43.68
89548,426,2394,78.68
96874,306,2729,89.68
96874,424,4313,141.68
96874,498,2210,72.68
96874,707,3643,119.68
96874,711,933,30.68
96874,712,964,31.68
96874,798,3521,115.68
96874,1013,3337,109.68
96874,1113,1786,58.68
96874,1605,4402,144.68
96874,1805,2182,71.68
9223,198,1572,51.68
9223,304,1572,51.68
9223,305,1572,51.68
9223,306,1572,51.68
9223,1312,1177,38.68
9223,1637,1542,50.68
9223,1801,933,30.68
69540,405,1907,62.68
69540,426,1907,62.68
67000,109,1968,64.68
67000,423,2638,86.68
67000,712,2638,86.68
67000,1112,2760,90.68
67000,1810,2791,91.68
30389,306,1845,60.68
30389,1110,4739,155.68
12904,1609,1480,48.68
87294,304,1115,36.68
87294,305,1115,36.68
24220,504,2425,79.68
24220,504,2425,79.68
24220,1017,902,29.68
48561,1614,2791,91.68
48561,1622,1115,36.68
48561,1637,1115,36.68
48561,1708,1452,47.68
48561,1805,4767,156.68
48561,1815,964,31.68
82265,108,1086,35.68
82265,411,1177,38.68
50818,304,1572,51.68
50818,305,1572,51.68
50818,306,1695,55.68
50818,428,1207,39.68
50818,1113,1572,51.68
50818,1801,3125,102.68
95149,908,749,24.68
95149,916,1025,33.68
95149,1215,4586,150.68
95149,1801,2668,87.68
95149,1812,2638,86.68
95149,1817,902,29.68
9810,511,1391,45.68
9810,1605,1391,45.68
26408,798,902,29.68
26408,1605,1817,59.68
26408,1617,2425,79.68
26408,1812,1998,65.68
97573,998,2729,89.68
97573,414,2182,71.68
97573,914,2729,89.68
97573,1015,3094,101.68
97573,1616,2425,79.68
97573,1801,2182,71.68
60409,1709,1725,56.68
87577,1198,872,28.68
3172,102,1391,45.68
3172,305,2729,89.68
3172,612,3064,100.68
3172,910,1937,63.68
3172,914,1937,63.68
3172,915,1786,58.68
3172,916,1786,58.68
3172,1106,1391,45.68
3172,1117,2791,91.68
55446,313,3671,120.68
55446,432,1511,49.68
55446,1617,1968,64.68
55446,1701,964,31.68
91228,305,2210,72.68
91228,914,3217,105.68
80861,304,933,30.68
80861,798,902,29.68
80861,898,1025,33.68
80861,906,1421,46.68
80861,908,1421,46.68
28847,202,1480,48.68
28847,404,994,32.68
28847,406,1086,35.68
28847,412,902,29.68
28847,423,994,32.68
51165,406,1725,56.68
51165,713,2394,78.68
51165,1609,3947,129.68
51165,1616,3947,129.68
51165,1622,3947,129.68
51165,1640,3824,125.68
51165,1798,2394,78.68
17373,304,2333,76.68
17373,306,2333,76.68
17373,798,2182,71.68
95831,426,1421,46.68
95831,713,902,29.68
95831,1215,1695,55.68
89727,305,1360,44.68
89727,1106,994,32.68
85444,916,2151,70.68
85444,1616,1207,39.68
1004,304,1452,47.68
1004,504,1086,35.68
1004,519,1086,35.68
1004,705,1025,33.68
1004,1105,1268,41.68
1004,1627,2182,71.68
1004,1633,1238,40.68
1004,1898,1268,41.68
36382,1801,1603,52.68
36382,1817,1055,34.68
81109,108,1055,34.68
81109,408,1268,41.68
34518,313,1876,61.68
34518,1617,1845,60.68
96172,206,1330,43.68
96172,426,1330,43.68
14659,198,4068,133.68
14659,408,2791,91.68
24057,1215,1086,35.68
24057,1812,2516,82.68
25906,202,964,31.68
25906,713,2272,74.68
25906,1609,2547,83.68
86520,108,872,28.68
86520,202,1146,37.68
56923,1801,1876,61.68
63644,1198,1452,47.68
63644,1110,1452,47.68
18667,202,1480,48.68
18667,406,1115,36.68
89126,201,4313,141.68
89126,202,3855,126.68
89126,426,3459,113.68
89126,916,3916,128.68
89126,1412,841,27.68
89126,1704,3886,127.68
13974,1601,2882,94.68
13974,1801,1817,59.68
13974,1813,1391,45.68
57829,430,3521,115.68
52354,202,1968,64.68
52354,298,933,30.68
52354,305,1845,60.68
52354,306,1845,60.68
52354,310,4433,145.68
52354,405,1817,59.68
52354,423,1817,59.68
52354,424,1817,59.68
93918,198,811,26.68
93918,304,749,24.68
93918,305,749,24.68
93918,306,749,24.68
93918,428,2210,72.68
93918,1601,5132,168.68
93918,1605,4282,140.68
22308,709,1055,34.68
22308,712,1055,34.68
1903,202,3916,128.68
1903,713,2333,76.68
1903,1898,1330,43.68
71600,305,3855,126.68
71600,998,1025,33.68
71600,1801,1998,65.68
94545,1609,721,23.68
38610,1598,5804,190.68
38610,201,2791,91.68
38610,305,1115,36.68
38610,426,2029,66.68
38610,512,1238,40.68
38610,705,1115,36.68
38610,1106,1330,43.68
38610,1609,1146,37.68
38610,1805,5316,174.68
38610,1815,1786,58.68
90466,304,1511,49.68
90466,306,1511,49.68
90466,411,2029,66.68
90466,1616,3855,126.68
90466,1809,1572,51.68
90466,1817,2791,91.68
74186,112,2760,90.68
74186,426,1603,52.68
85176,202,841,27.68
293,307,2972,97.68
293,803,2241,73.68
293,805,1786,58.68
293,807,1603,52.68
293,809,994,32.68
293,1305,2302,75.68
293,1703,4708,154.68
293,1801,1998,65.68
41437,712,1391,45.68
41437,713,1238,40.68
41437,809,1633,53.68
41437,1617,1633,53.68
55556,711,1299,42.68
34574,304,841,27.68
34574,305,4008,131.68
34574,1619,4008,131.68
98052,798,690,22.68
29276,410,2821,92.68
29276,1617,3003,98.68
29276,1812,1845,60.68
8192,304,994,32.68
8192,306,994,32.68
8192,1110,994,32.68
48653,112,2333,76.68
48653,304,2333,76.68
48653,307,2333,76.68
48653,1701,2302,75.68
48653,1703,2302,75.68
64914,304,1146,37.68
64914,306,1511,49.68
41218,202,3702,121.68
41218,406,1207,39.68
41218,412,3702,121.68
41218,426,3702,121.68
41218,908,1177,38.68
41218,1605,3156,103.68
21238,428,3977,130.68
21238,1117,5469,179.68
21238,1215,5104,167.68
21238,1305,841,27.68
79238,306,1664,54.68
79238,1312,2151,70.68
79238,1605,1146,37.68
79238,1703,1268,41.68
79238,1812,1633,53.68
76337,298,1330,43.68
76337,426,964,31.68
76337,1105,2486,81.68
76337,1113,1207,39.68
76337,1617,4890,160.68
76337,1627,1572,51.68
76337,1802,1968,64.68
76337,1816,3064,100.68
46728,202,872,28.68
46728,406,1421,46.68
46728,610,872,28.68
46728,712,2121,69.68
46728,1605,1238,40.68
46728,1703,1845,60.68
80984,1627,2821,92.68
61180,305,1572,51.68
61180,712,2272,74.68
61180,1117,1207,39.68
61180,1622,1817,59.68
46811,202,3824,125.68
46811,203,3612,118.68
46811,304,1025,33.68
46811,406,2913,95.68
46881,305,3794,124.68
46881,708,1695,55.68
46881,709,1695,55.68
22346,408,3125,102.68
22346,1801,2576,84.68
70263,206,902,29.68
70263,798,933,30.68
70263,1813,2972,97.68
84006,407,933,30.68
84006,412,1207,39.68
84006,426,933,30.68
84006,712,1207,39.68
84006,1634,1268,41.68
84006,1798,1115,36.68
92039,304,1876,61.68
92039,705,3337,109.68
92039,1105,1452,47.68
92039,1113,1452,47.68
92039,1801,3916,128.68
90756,1605,1360,44.68
52268,426,1695,55.68
59678,1817,2425,79.68
63463,1617,1238,40.68
8827,101,2760,90.68
8827,916,2913,95.68
8827,1204,1146,37.68
8827,1209,2241,73.68
8827,1211,1511,49.68
8827,1215,2699,88.68
8827,1307,2972,97.68
87949,1817,1115,36.68
5994,406,721,23.68
5994,1627,1603,52.68
2305,411,3003,98.68
2305,423,599,19.68
2305,432,721,23.68
2305,713,1786,58.68
2305,1798,1603,52.68
2305,1803,2791,91.68
41853,202,994,32.68
41853,304,1817,59.68
41853,305,1817,59.68
41853,1630,2913,95.68
41853,1709,1480,48.68
84502,406,2060,67.68
84502,412,1695,55.68
84502,415,1330,43.68
84502,1704,1695,55.68
82682,1312,1572,51.68
4236,1813,2182,71.68
24513,1110,1876,61.68
41023,104,2060,67.68
41023,107,4617,151.68
41023,109,2060,67.68
41023,112,2060,67.68
41023,202,4586,150.68
41023,205,994,32.68
41023,305,2121,69.68
41023,405,3521,115.68
41023,428,1695,55.68
41023,809,2607,85.68
41023,1111,2941,96.68
41023,1701,1177,38.68
85333,1816,5529,181.68
8010,118,2547,83.68
8010,1898,1876,61.68
69089,512,1937,63.68
69089,911,1845,60.68
69089,1117,841,27.68
76076,411,1695,55.68
76076,1117,964,31.68
76076,1640,1664,54.68
76076,1898,964,31.68
95334,198,2121,69.68
95334,201,2121,69.68
95334,408,690,22.68
95334,1810,1695,55.68
62230,198,2821,92.68
62230,915,3003,98.68
62230,1216,902,29.68
62230,1627,5682,186.68
20684,102,964,31.68
20684,108,964,31.68
20684,198,1086,35.68
20684,202,902,29.68
20684,304,1115,36.68
20684,428,1115,36.68
20684,504,2029,66.68
20684,705,1207,39.68
20684,1117,2852,93.68
68730,1110,1542,50.68
68730,1216,1391,45.68
68730,1803,1725,56.68
68730,1898,3306,108.68
91358,305,1968,64.68
91358,306,1968,64.68
91358,1601,2333,76.68
91358,1622,2333,76.68
91358,1701,1725,56.68
91358,1704,1238,40.68
91358,1798,1025,33.68
21484,1616,1055,34.68
21484,1816,1360,44.68
89671,202,872,28.68
89671,1701,1907,62.68
24253,109,3824,125.68
24253,313,3947,129.68
24253,426,3855,126.68
24253,1617,3763,123.68
24253,1627,3094,101.68
24253,1708,3733,122.68
1997,1801,1055,34.68
76921,304,1086,35.68
76921,1605,1695,55.68
89371,305,1330,43.68
89371,1307,902,29.68
89371,1709,2090,68.68
90865,423,4008,131.68
90865,1105,3306,108.68
90865,1801,1025,33.68
20211,198,1391,45.68
20211,426,4343,142.68
20211,428,1786,58.68
20211,1801,1207,39.68
84365,311,902,29.68
84365,798,933,30.68
872,304,2182,71.68
872,1619,5347,175.68
872,1810,4982,163.68
42178,304,568,18.68
42178,421,1025,33.68
42178,424,1511,49.68
42178,706,749,24.68
42178,712,660,21.68
42178,1013,629,20.68
28768,1801,994,32.68
74320,1105,872,28.68
74320,1113,1268,41.68
74320,1198,872,28.68
74320,1801,6078,199.68
53546,304,1360,44.68
53546,305,902,29.68
53546,504,1360,44.68
53546,1113,1360,44.68
53546,1117,1360,44.68
44297,508,2151,70.68
44297,108,2151,70.68
44297,504,2151,70.68
3465,305,1055,34.68
3465,423,3916,128.68
3465,705,1786,58.68
3465,916,2729,89.68
44422,1001,1786,58.68
44422,1398,1238,40.68
44422,112,1238,40.68
44422,1304,1238,40.68
64080,305,4982,163.68
64080,1801,5104,167.68
34570,1617,2121,69.68
68086,1105,1115,36.68
53893,205,1725,56.68
53893,608,1025,33.68
53893,1216,933,30.68
53893,1312,1452,47.68
53893,1627,1238,40.68
31072,498,2821,92.68
31072,409,2852,93.68
31072,1902,2852,93.68
62334,405,1268,41.68
62334,1617,1268,41.68
485,408,1998,65.68
485,411,2547,83.68
485,432,2241,73.68
485,1617,1725,56.68
77832,1113,1055,34.68
77832,1605,3824,125.68
46419,101,2699,88.68
46419,404,4982,163.68
46419,1801,2699,88.68
46419,1803,1817,59.68
78967,498,1177,38.68
78967,1801,1115,36.68
5663,102,1360,44.68
5663,428,1360,44.68
5663,1113,1360,44.68
38327,203,1695,55.68
38327,604,2425,79.68
38327,713,1542,50.68
38327,1215,3490,114.68
82456,304,1572,51.68
82456,307,1572,51.68
82456,398,1572,51.68
81683,1817,1756,57.68
95763,1110,1511,49.68
95763,1118,2972,97.68
95763,1801,2090,68.68
81760,1798,811,26.68
43335,108,902,29.68
43335,306,902,29.68
43335,426,933,30.68
43335,1605,3582,117.68
43335,1701,2333,76.68
43335,1801,1299,42.68
102433,1617,507,16.68
102433,1634,507,16.68
102433,1705,507,16.68
100721,102,660,21.68
100721,712,4433,145.68
100721,1801,1907,62.68
100721,1805,1299,42.68
100721,1811,2029,66.68
100721,1813,3521,115.68
100721,1816,4586,150.68
100721,1817,1664,54.68
58686,712,2029,66.68
58686,1630,1664,54.68
7462,102,1511,49.68
7462,202,4798,157.68
7462,304,4068,133.68
7462,405,1876,61.68
7462,406,3582,117.68
7462,426,3916,128.68
56868,306,2333,76.68
56868,1113,2302,75.68
56868,1637,3855,126.68
56868,1815,4617,151.68
57775,102,4190,137.68
57775,108,1817,59.68
57775,202,1055,34.68
57775,205,1876,61.68
57775,304,1055,34.68
57775,415,3459,113.68
57775,915,1876,61.68
57775,916,1146,37.68
57775,1111,2210,72.68
57775,1113,1330,43.68
57775,1634,4374,143.68
57775,1701,1238,40.68
52603,313,1511,49.68
8498,426,2852,93.68
8498,915,3582,117.68
8498,1110,4586,150.68
69250,306,1025,33.68
69250,706,3398,111.68
69250,714,2333,76.68
69250,1105,2729,89.68
69250,1898,2729,89.68
90020,410,4586,150.68
90020,411,4586,150.68
90020,1802,5408,177.68
37921,305,964,31.68
37921,1801,902,29.68
52399,423,1695,55.68
52399,915,1360,44.68
52399,1612,1268,41.68
52399,1637,1664,54.68
58290,712,1268,41.68
58290,915,1511,49.68
58290,1630,1633,53.68
58290,1798,1177,38.68
58290,1801,1177,38.68
58290,1817,933,30.68
90787,198,4433,145.68
90787,415,994,32.68
90787,1105,1452,47.68
90787,1113,2972,97.68
90787,1811,4433,145.68
95345,305,994,32.68
57321,504,1238,40.68
57321,1110,1907,62.68
57321,1619,2272,74.68
57321,1801,2333,76.68
103053,202,1238,40.68
45445,202,1207,39.68
45445,405,1238,40.68
45445,424,1268,41.68
45445,915,2425,79.68
45445,1616,2576,84.68
101130,1617,2394,78.68
101130,1898,2760,90.68
14646,298,1025,33.68
14646,311,1511,49.68
14646,1619,1360,44.68
14646,1640,1452,47.68
14646,1698,1146,37.68
81200,202,2547,83.68
45576,498,902,29.68
75190,304,1268,41.68
75190,423,902,29.68
75190,504,1268,41.68
75190,1105,2029,66.68
39885,198,3278,107.68
39885,205,1452,47.68
39885,306,2425,79.68
39885,428,2668,87.68
39885,504,4374,143.68
39885,1209,994,32.68
39885,1216,964,31.68
39885,1309,1998,65.68
39885,1312,1876,61.68
55910,709,2699,88.68
55910,712,2090,68.68
55910,1617,2151,70.68
81839,305,1268,41.68
81839,306,1268,41.68
81839,398,1268,41.68
81839,404,1207,39.68
81839,412,994,32.68
81839,1703,933,30.68
81839,1801,1115,36.68
81839,1816,1664,54.68
85405,307,994,32.68
85405,1106,1786,58.68
85405,1710,2791,91.68
102934,108,994,32.68
102934,406,446,14.68
102934,708,994,32.68
28625,305,2760,90.68
28625,430,6108,200.68
28625,1216,1421,46.68
28625,1704,1876,61.68
99717,405,1268,41.68
83850,203,1025,33.68
83850,432,964,31.68
83850,705,933,30.68
83850,1634,1055,34.68
79514,798,1421,46.68
45023,432,2029,66.68
45023,1605,4829,158.68
45023,1617,1299,42.68
61009,305,3247,106.68
61009,306,1025,33.68
61009,414,1421,46.68
61009,1113,1664,54.68
61009,1310,1207,39.68
61009,1634,1391,45.68
67909,304,1725,56.68
81230,1637,2090,68.68
81230,1801,1146,37.68
102238,598,660,21.68
102238,504,660,21.68
88979,204,3278,107.68
88979,705,3551,116.68
88979,708,2729,89.68
88979,1312,3125,102.68
88979,1801,933,30.68
19630,101,3671,120.68
19630,102,1572,51.68
19630,118,3671,120.68
19630,311,4494,147.68
19630,498,4374,143.68
19630,712,4374,143.68
19630,1704,4282,140.68
19630,1705,2455,80.68
19630,1898,4525,148.68
58344,1117,2090,68.68
58344,1703,2363,77.68
47885,306,1055,34.68
47885,1798,1421,46.68
82631,102,1238,40.68
82631,1113,1603,52.68
82631,1801,1786,58.68
20672,504,933,30.68
20672,519,933,30.68
20672,1617,1907,62.68
2750,411,2791,91.68
2750,423,2913,95.68
2750,1816,2576,84.68
6527,1622,1086,35.68
6527,1817,749,24.68
70171,306,1025,33.68
70171,1105,1025,33.68
86769,201,1511,49.68
86769,305,2821,92.68
86769,498,2241,73.68
86769,898,1725,56.68
86769,1205,1876,61.68
86769,1215,1511,49.68
95190,1622,1421,46.68
28443,202,3977,130.68
28443,406,3247,106.68
28443,432,3612,118.68
28443,1603,3612,118.68
28443,1627,3612,118.68
93865,915,721,23.68
93865,1605,1177,38.68
102273,1198,2516,82.68
102273,310,3247,106.68
102273,1622,2852,93.68
17206,304,2060,67.68
17206,305,1115,36.68
77975,432,2882,94.68
77975,1304,1664,54.68
77975,1701,2638,86.68
101189,202,599,19.68
16897,198,3824,125.68
16897,198,3824,125.68
16897,304,3125,102.68
16897,305,3125,102.68
16897,1640,3582,117.68
16897,1801,2699,88.68
16897,1817,3125,102.68
92274,703,872,28.68
92274,703,872,28.68
44069,1627,2029,66.68
69008,403,5043,165.68
69008,410,2090,68.68
69008,424,4767,156.68
69008,504,1480,48.68
69008,1011,4739,155.68
69008,1113,1664,54.68
69008,1701,2699,88.68
69008,1708,2729,89.68
69008,1808,2576,84.68
69008,1812,1937,63.68
69008,1817,841,27.68
97078,1812,507,16.68
81514,1105,1452,47.68
15819,1622,1330,43.68
15819,1704,964,31.68
19268,1601,1086,35.68
10153,109,1876,61.68
97661,303,1146,37.68
97661,403,1177,38.68
97661,704,1177,38.68
97661,1001,1146,37.68
97661,1605,964,31.68
94857,412,1177,38.68
94857,1116,811,26.68
94857,1813,902,29.68
13052,1813,2121,69.68
88205,428,2060,67.68
88205,1105,2241,73.68
88205,1801,902,29.68
67089,1198,2029,66.68
90540,304,964,31.68
90540,1006,2090,68.68
90540,1007,1177,38.68
95609,198,690,22.68
95609,305,933,30.68
34457,398,994,32.68
34457,601,1817,59.68
34457,305,994,32.68
34457,405,2699,88.68
34457,407,2699,88.68
34457,1017,2607,85.68
34457,1117,2607,85.68
34457,1617,2699,88.68
20168,198,2516,82.68
20168,101,2516,82.68
20168,198,2486,81.68
20168,423,1360,44.68
20168,809,994,32.68
20168,1709,1633,53.68
88086,1805,1238,40.68
88086,1817,2455,80.68
67544,403,3886,127.68
67544,704,3886,127.68
67544,110,872,28.68
67544,112,872,28.68
67544,202,872,28.68
67544,304,872,28.68
67544,405,2852,93.68
67544,423,2852,93.68
67544,426,2852,93.68
67544,432,1268,41.68
67544,504,3521,115.68
67544,1198,1207,39.68
67544,1212,1207,39.68
67544,1617,2029,66.68
67544,1701,1452,47.68
67544,1704,902,29.68
67544,1803,1207,39.68
73816,306,2941,96.68
73816,408,3125,102.68
88114,108,872,28.68
88114,705,1055,34.68
62412,1817,1664,54.68
75775,1017,1177,38.68
71429,915,933,30.68
71429,1801,3582,117.68
73078,1105,1633,53.68
76605,1113,1207,39.68
76605,1705,2302,75.68
3021,304,2394,78.68
3021,406,5469,179.68
3021,1113,1725,56.68
3021,1312,1268,41.68
79859,305,964,31.68
79859,307,964,31.68
79859,605,1025,33.68
79859,713,4129,135.68
101450,304,537,17.68
98288,201,1876,61.68
98288,498,4433,145.68
98288,1803,2302,75.68
87571,198,3521,115.68
87571,406,3702,121.68
27075,306,1480,48.68
27075,432,2852,93.68
27075,1626,3582,117.68
27075,1801,3582,117.68
27075,1812,3156,103.68
13385,1801,1480,48.68
59299,1105,1511,49.68
59299,1215,2241,73.68
59299,1803,1360,44.68
76400,305,2913,95.68
76400,398,2913,95.68
76400,605,3886,127.68
76400,698,3886,127.68
79344,304,2972,97.68
79344,305,2455,80.68
79344,1110,1238,40.68
79344,1817,1238,40.68
3703,423,1725,56.68
65912,1801,1268,41.68
65912,1817,2852,93.68
89200,202,841,27.68
89200,1898,1452,47.68
9006,102,1268,41.68
9006,304,2151,70.68
9006,305,2151,70.68
9006,916,872,28.68
16311,1198,4282,140.68
16311,304,2729,89.68
16311,708,4099,134.68
16311,915,4099,134.68
16311,1109,4282,140.68
16311,1814,1937,63.68
16311,1817,1268,41.68
35468,423,2241,73.68
35468,1113,933,30.68
78882,414,2852,93.68
78882,432,1725,56.68
78882,504,1572,51.68
78882,1110,4798,157.68
81280,305,1360,44.68
71898,426,1756,57.68
71898,1605,1238,40.68
59449,304,1115,36.68
59449,1798,1725,56.68
59449,1898,1086,35.68
13011,1817,933,30.68
35891,704,3702,121.68
35891,426,1725,56.68
81172,305,2394,78.68
81172,1710,2821,92.68
81172,1801,1391,45.68
18397,102,3278,107.68
18397,205,2791,91.68
18397,304,3217,105.68
18397,305,1876,61.68
18397,406,6777,222.68
18397,407,3977,130.68
18397,410,5377,176.68
18397,426,5377,176.68
18397,714,5377,176.68
18397,809,2791,91.68
18397,898,2729,89.68
18397,1113,2882,94.68
18397,1215,1115,36.68
18397,1706,902,29.68
18397,1798,721,23.68
18397,1801,1025,33.68
97120,432,660,21.68
97120,1817,841,27.68
86527,410,964,31.68
86527,412,964,31.68
86527,423,964,31.68
86527,426,964,31.68
86527,1801,902,29.68
89180,1704,2121,69.68
35115,108,2121,69.68
35115,203,2394,78.68
35115,1637,1968,64.68
35115,1816,1725,56.68
87494,304,2151,70.68
87494,305,2151,70.68
87494,306,2151,70.68
87494,708,1391,45.68
87494,709,4708,154.68
87494,1112,964,31.68
87494,1118,1452,47.68
87494,1627,3247,106.68
28867,304,1025,33.68
28867,305,1025,33.68
28867,306,1391,45.68
28867,1634,4678,153.68
28867,1637,4678,153.68
70475,306,2486,81.68
70475,406,2486,81.68
85893,198,1725,56.68
85893,298,1360,44.68
85893,415,4739,155.68
85893,612,2090,68.68
85893,1117,4647,152.68
85893,1630,6473,212.68
1090,102,3247,106.68
1090,406,1330,43.68
91929,1622,1025,33.68
59252,1198,4647,152.68
59252,304,4343,142.68
59252,305,3186,104.68
59252,404,4586,150.68
59252,1215,1695,55.68
59252,1701,4433,145.68
59252,1703,2272,74.68
62856,102,3337,109.68
62856,707,2668,87.68
62856,908,1876,61.68
20224,704,1968,64.68
20224,713,1299,42.68
62879,410,1633,53.68
62879,411,1664,54.68
62879,1616,3156,103.68
62879,1622,3156,103.68
62879,1812,1025,33.68
102513,104,2486,81.68
102513,305,721,23.68
102513,504,721,23.68
102513,705,1086,35.68
15304,304,994,32.68
15304,406,4008,131.68
15304,407,4008,131.68
15304,415,4008,131.68
15304,1816,2241,73.68
81842,305,1421,46.68
81842,307,1421,46.68
38300,102,1786,58.68
34715,208,1786,58.68
34715,426,1817,59.68
34715,713,1725,56.68
81753,202,1207,39.68
81753,410,1603,52.68
81753,424,1572,51.68
81753,1105,1572,51.68
81753,1117,994,32.68
81753,1198,994,32.68
81753,1637,1664,54.68
937,1812,1115,36.68
10466,1705,1603,52.68
91759,202,902,29.68
91759,304,902,29.68
91759,423,1511,49.68
91759,1015,1177,38.68
91759,1017,1177,38.68
91759,1615,1695,55.68
91759,1801,964,31.68
1530,703,1421,46.68
1530,703,1421,46.68
1530,916,1330,43.68
76546,1215,1817,59.68
73671,713,1756,57.68
73671,1704,1907,62.68
73671,1710,1756,57.68
69923,306,3186,104.68
69923,423,1055,34.68
69923,426,4555,149.68
69923,1110,4920,161.68
69923,1703,3125,102.68
90880,304,2060,67.68
90880,426,1330,43.68
90880,1605,2425,79.68
23702,1601,3186,104.68
23702,1627,3186,104.68
23702,1898,3278,107.68
12740,405,902,29.68
12740,408,902,29.68
12740,412,902,29.68
12740,415,902,29.68
78643,305,1756,57.68
78643,1605,2882,94.68
87004,102,1695,55.68
87004,304,2029,66.68
87004,306,1695,55.68
87004,1117,3521,115.68
55510,1801,902,29.68
96429,610,2090,68.68
36814,312,2425,79.68
36814,1640,3125,102.68
36814,1801,2090,68.68
36814,1816,2576,84.68
32176,202,1115,36.68
32176,1605,4586,150.68
21905,107,964,31.68
21905,111,964,31.68
21905,610,841,27.68
21905,1609,1238,40.68
49913,305,2821,92.68
49913,306,2821,92.68
49913,430,4402,144.68
49913,1112,2029,66.68
49913,1605,1633,53.68
7049,205,1115,36.68
7049,298,1115,36.68
7049,1801,2913,95.68
61853,202,994,32.68
61853,712,1452,47.68
59155,304,1360,44.68
59155,426,4343,142.68
59155,1113,1115,36.68
59155,1701,4343,142.68
59155,1812,4739,155.68
80896,415,1086,35.68
62635,298,1725,56.68
29817,108,1360,44.68
29817,307,1055,34.68
48278,101,1360,44.68
48278,119,1360,44.68
48278,120,1360,44.68
48278,426,3278,107.68
48278,1616,1452,47.68
37794,304,1146,37.68
37794,305,1146,37.68
37794,307,1146,37.68
37794,1198,3278,107.68
100328,104,629,20.68
1118,203,1330,43.68
1118,405,1268,41.68
1118,428,1115,36.68
1118,708,1268,41.68
27448,423,1268,41.68
73135,298,1421,46.68
73135,798,994,32.68
68575,1108,2333,76.68
68575,1110,1177,38.68
68575,1701,1177,38.68
60812,198,3612,118.68
60812,411,902,29.68
60812,1106,1480,48.68
60812,1801,2729,89.68
60812,1802,1968,64.68
60812,1898,3612,118.68
84902,306,1968,64.68
84902,1198,2791,91.68
84902,1904,3186,104.68
6423,998,3337,109.68
6423,1598,3337,109.68
6423,305,1876,61.68
6423,998,3337,109.68
6423,1306,3337,109.68
94455,102,749,24.68
94455,304,811,26.68
94455,305,811,26.68
37602,1001,3824,125.68
37602,1598,4282,140.68
37602,412,2972,97.68
37602,1111,3125,102.68
37602,1210,3125,102.68
81853,303,2302,75.68
81853,509,2272,74.68
81853,305,2363,77.68
81853,311,2363,77.68
81853,504,2394,78.68
81853,705,1511,49.68
84011,305,1086,35.68
84011,313,1055,34.68
29607,1803,2729,89.68
29607,1813,3886,127.68
22749,1011,1055,34.68
103494,411,476,15.68
103494,1614,690,22.68
103494,1616,690,22.68
103494,1640,690,22.68
25005,102,1055,34.68
25005,410,2913,95.68
25005,1113,2821,92.68
25005,1628,964,31.68
25005,1698,964,31.68
11042,1709,2455,80.68
33403,304,1817,59.68
33403,406,3947,129.68
33403,706,2791,91.68
33403,1215,1572,51.68
71728,208,1360,44.68
71728,605,1360,44.68
71728,708,1786,58.68
71728,915,3064,100.68
71728,1801,7204,236.68
28838,202,1330,43.68
28838,407,902,29.68
28838,412,994,32.68
28838,423,994,32.68
28838,705,872,28.68
55502,405,2272,74.68
55502,406,2272,74.68
55502,408,2272,74.68
55502,410,2090,68.68
55502,411,2090,68.68
55502,424,2272,74.68
55502,426,2272,74.68
55502,798,2272,74.68
55502,809,1845,60.68
55502,1605,1207,39.68
55502,1698,1480,48.68
74113,304,1725,56.68
74113,305,1725,56.68
74113,307,1725,56.68
74113,915,4068,133.68
74113,916,2455,80.68
74113,1304,1330,43.68
26293,504,3671,120.68
26293,198,3337,109.68
26293,412,3278,107.68
26293,426,3278,107.68
26293,1105,3582,117.68
47003,305,1603,52.68
47003,410,1633,53.68
47003,713,841,27.68
34991,108,1086,35.68
88524,405,994,32.68
88524,407,994,32.68
90072,1634,2455,80.68
90072,1804,2394,78.68
101849,305,994,32.68
101849,1627,721,23.68
101849,1701,4160,136.68
101849,1801,2121,69.68
91667,504,4099,134.68
91667,504,4099,134.68
91667,1627,1115,36.68
91667,1801,2090,68.68
64855,304,1268,41.68
64855,1812,1268,41.68
96662,708,902,29.68
44872,1198,1907,62.68
44872,1105,1907,62.68
44872,1898,1907,62.68
73654,705,902,29.68
73654,1627,1299,42.68
73654,1703,1238,40.68
88998,1617,841,27.68
79535,423,1055,34.68
79535,426,1055,34.68
79535,1798,1542,50.68
79535,1801,1452,47.68
87007,1617,2029,66.68
83808,1798,964,31.68
34377,407,994,32.68
34377,708,1146,37.68
96220,1812,690,22.68
62732,109,4678,153.68
62732,113,4859,159.68
62732,304,1725,56.68
62732,305,1725,56.68
62732,306,1725,56.68
62732,313,5894,193.68
62732,498,3733,122.68
62732,504,1238,40.68
62732,510,1207,39.68
62732,516,1238,40.68
62732,609,2363,77.68
62732,908,1511,49.68
62732,915,4829,158.68
62732,1015,5163,169.68
62732,1112,1177,38.68
62732,1305,1299,42.68
62732,1498,4678,153.68
62732,1601,5255,172.68
62732,1627,5255,172.68
62732,1701,1542,50.68
62732,1703,2607,85.68
62732,1804,5713,187.68
35031,1098,1511,49.68
35031,1117,1391,45.68
35031,1616,1633,53.68
35031,1708,841,27.68
84386,408,964,31.68
51247,704,3156,103.68
89390,708,872,28.68
89390,1801,994,32.68
55333,1015,1664,54.68
55333,1705,2668,87.68
79405,412,1480,48.68
49510,405,1633,53.68
49510,424,1633,53.68
82431,1710,994,32.68
82431,1803,3855,126.68
82431,1804,4798,157.68
82431,1807,4798,157.68
51959,305,2182,71.68
51959,306,2182,71.68
51959,1112,2547,83.68
16419,304,2760,90.68
16419,408,1633,53.68
16419,414,1238,40.68
16419,809,3612,118.68
16419,1106,1664,54.68
16419,1113,1664,54.68
16419,1618,1238,40.68
16419,1627,4708,154.68
61535,1115,1055,34.68
61535,1698,1086,35.68
61535,1817,1055,34.68
1069,304,1360,44.68
1069,1617,4037,132.68
1069,1801,3886,127.68
1069,1817,3125,102.68
80591,1105,3612,118.68
80591,1708,4617,151.68
40804,405,5804,190.68
40804,1105,2760,90.68
40804,1637,964,31.68
40804,1898,2760,90.68
59701,504,1511,49.68
59701,1801,1480,48.68
59701,1813,964,31.68
59701,1816,3186,104.68
70860,403,2241,73.68
70860,304,964,31.68
70860,305,964,31.68
70860,311,964,31.68
70860,1605,2090,68.68
3419,405,933,30.68
3419,426,933,30.68
3419,705,933,30.68
3419,1117,1664,54.68
3419,1617,1633,53.68
74810,1598,4282,140.68
74810,307,2425,79.68
74810,404,3886,127.68
74810,915,3763,123.68
74810,1216,1299,42.68
74810,1312,3886,127.68
74810,1634,4586,150.68
77500,809,1055,34.68
77500,1106,1055,34.68
77500,1113,1055,34.68
77500,1312,1055,34.68
94812,102,1146,37.68
94812,307,2241,73.68
94812,512,1421,46.68
94812,612,1421,46.68
94812,1627,2090,68.68
94812,1801,3064,100.68
94812,1805,3064,100.68
44812,1698,4037,132.68
87809,304,1480,48.68
87809,305,1817,59.68
87809,306,1817,59.68
87809,307,1480,48.68
87809,504,1480,48.68
87809,512,1480,48.68
87809,908,3886,127.68
87809,912,3886,127.68
87809,998,3886,127.68
87809,1113,4037,132.68
87809,1117,4037,132.68
87809,1305,3702,121.68
87809,1306,3824,125.68
37091,104,994,32.68
37091,109,933,30.68
37091,201,994,32.68
37091,202,4678,153.68
37091,205,994,32.68
4926,304,1937,63.68
4926,306,1207,39.68
56282,102,1786,58.68
56282,198,1786,58.68
56282,203,4647,152.68
56282,205,1360,44.68
56282,408,2090,68.68
56282,712,5804,190.68
56282,1605,5774,189.68
56282,1634,1055,34.68
56282,1701,1025,33.68
98116,305,1177,38.68
98116,407,780,25.68
98116,1701,690,22.68
47560,109,1299,42.68
9535,112,2791,91.68
9535,407,1207,39.68
92643,1801,1786,58.68
42343,426,2425,79.68
42343,1605,2729,89.68
42343,1698,2699,88.68
55384,305,964,31.68
55384,415,964,31.68
88441,202,2060,67.68
75729,403,4374,143.68
75729,704,4374,143.68
75729,109,1086,35.68
75729,304,994,32.68
75729,305,994,32.68
75729,423,4282,140.68
75729,504,3217,105.68
75729,1812,1086,35.68
76736,304,902,29.68
76736,305,4221,138.68
102601,1640,2486,81.68
102601,1801,1907,62.68
102601,1817,690,22.68
11867,415,1025,33.68
11867,1616,1572,51.68
11867,1898,1480,48.68
67887,1605,1876,61.68
102288,1113,1146,37.68
95486,498,780,25.68
95486,1617,902,29.68
95486,1898,964,31.68
47654,1812,2394,78.68
37805,423,994,32.68
37805,1617,2121,69.68
37805,1630,2121,69.68
37805,1810,1360,44.68
54201,1198,2516,82.68
54201,298,2882,94.68
54201,398,994,32.68
54201,405,2821,92.68
54201,1110,2882,94.68
54201,1630,3551,116.68
54201,1801,1603,52.68
54201,1812,1633,53.68
100067,405,721,23.68
100067,411,721,23.68
12750,112,3064,100.68
12750,405,2972,97.68
84168,298,902,29.68
84168,608,902,29.68
84168,1113,1876,61.68
84168,1898,5043,165.68
5164,304,1115,36.68
5164,305,1115,36.68
5164,306,3125,102.68
5164,412,902,29.68
5164,809,994,32.68
5164,916,933,30.68
5164,1113,994,32.68
5164,1701,3398,111.68
5164,1801,3156,103.68
5164,1816,2972,97.68
5164,1817,3156,103.68
58472,426,1786,58.68
58472,1105,933,30.68
87553,423,4160,136.68
87553,428,1968,64.68
87553,713,1086,35.68
87553,1117,2333,76.68
87553,1198,872,28.68
87553,1698,3916,128.68
87553,1708,4160,136.68
61179,1627,2121,69.68
61179,1801,3094,101.68
61179,1813,3490,114.68
30043,1798,1511,49.68
25195,428,994,32.68
25195,1898,7112,233.68
75434,202,4343,142.68
75434,406,4252,139.68
31899,304,933,30.68
31899,305,933,30.68
31899,1801,902,29.68
48697,102,1452,47.68
48697,304,1360,44.68
48697,305,1146,37.68
48697,504,933,30.68
93932,424,872,28.68
93932,1810,964,31.68
93932,1812,1238,40.68
82800,108,1025,33.68
82800,305,1330,43.68
82800,717,1177,38.68
82800,1215,3186,104.68
82800,1601,3612,118.68
82800,1617,3824,125.68
82800,1627,3612,118.68
82800,1817,1299,42.68
60774,1640,994,32.68
13383,1898,1480,48.68
67532,305,1725,56.68
67532,1617,1360,44.68
88144,305,1876,61.68
88144,1605,1756,57.68
88144,1703,1360,44.68
62809,915,3156,103.68
62809,1617,964,31.68
75051,202,902,29.68
75051,423,2363,77.68
75051,1705,2760,90.68
27926,916,1207,39.68
27926,1628,2241,73.68
89947,106,9426,309.68
89947,504,9061,297.68
89947,504,1695,55.68
89947,898,3398,111.68
89947,1113,933,30.68
16701,1101,4190,137.68
16701,1198,4190,137.68
16701,1113,2121,69.68
76558,198,1907,62.68
88628,108,3702,121.68
88628,304,841,27.68
88628,305,2668,87.68
88628,306,2486,81.68
88628,398,1603,52.68
88628,406,2394,78.68
88628,498,902,29.68
88628,1601,2121,69.68
88628,1605,3064,100.68
47331,305,1572,51.68
47331,432,3125,102.68
72358,304,1511,49.68
72358,307,1480,48.68
72358,1616,1177,38.68
38170,109,2151,70.68
38170,306,2241,73.68
38170,714,872,28.68
38170,1112,4221,138.68
38170,1209,1268,41.68
44648,1812,1055,34.68
44648,1817,1055,34.68
2084,304,902,29.68
2084,809,1664,54.68
61434,109,2333,76.68
61434,205,2182,71.68
61434,406,3916,128.68
61434,504,1876,61.68
61434,602,1876,61.68
61434,898,1664,54.68
61434,1118,2821,92.68
61434,1298,1876,61.68
57620,304,1299,42.68
57620,1111,2760,90.68
98398,304,1238,40.68
98398,305,1238,40.68
29501,304,2090,68.68
29501,608,1207,39.68
29501,1113,2151,70.68
8004,1113,1391,45.68
8004,1801,2821,92.68
90943,205,1725,56.68
90943,406,3916,128.68
90943,432,994,32.68
90943,605,1146,37.68
90943,1627,3551,116.68
86441,102,1177,38.68
86441,108,1177,38.68
86441,120,1177,38.68
86441,198,1177,38.68
86441,705,1055,34.68
86441,1617,3886,127.68
6660,202,964,31.68
6660,428,1115,36.68
6660,1816,2821,92.68
19956,1703,1330,43.68
19956,1817,2029,66.68
14576,305,1360,44.68
14576,809,1025,33.68
2869,426,964,31.68
2869,1614,4282,140.68
2869,1617,964,31.68
2869,1622,4282,140.68
2869,1640,4282,140.68
2869,1801,2121,69.68
19503,1106,1603,52.68
55082,713,2852,93.68
55082,1817,872,28.68
57635,1898,1268,41.68
44153,198,1146,37.68
44153,426,3125,102.68
44153,1816,2791,91.68
37380,916,2121,69.68
37380,1817,2029,66.68
50557,102,1664,54.68
50557,103,3247,106.68
50557,108,933,30.68
50557,114,3247,106.68
50557,305,3217,105.68
50557,306,3217,105.68
50557,428,1907,62.68
50557,1801,3156,103.68
96175,915,749,24.68
96175,998,721,23.68
96175,1703,964,31.68
23837,1106,3125,102.68
23837,1617,4798,157.68
23837,1817,4374,143.68
23837,1898,3398,111.68
80645,305,1115,36.68
80645,1112,994,32.68
80645,1117,1086,35.68
80645,1215,2607,85.68
75320,428,1055,34.68
57079,305,994,32.68
57079,914,994,32.68
57079,1117,4586,150.68
23690,1804,3947,129.68
10182,304,1421,46.68
10182,1113,2425,79.68
10182,1117,1025,33.68
10182,1119,2060,67.68
10182,1605,3064,100.68
10182,1617,1330,43.68
38415,115,2852,93.68
74169,305,1633,53.68
74169,1614,2121,69.68
74169,1619,2121,69.68
92218,411,1756,57.68
92218,414,3217,105.68
92218,432,1756,57.68
92218,1701,1207,39.68
92218,1703,3337,109.68
92218,1798,1025,33.68
92218,1801,1452,47.68
92218,1803,3306,108.68
92218,1813,902,29.68
56372,205,1025,33.68
56372,1801,1115,36.68
96654,305,1968,64.68
96654,1008,2913,95.68
96654,1634,2029,66.68
96654,1637,1330,43.68
96654,1801,1421,46.68
96654,1812,902,29.68
68301,304,1299,42.68
68301,305,1299,42.68
68301,511,1268,41.68
27015,304,2821,92.68
27015,305,2821,92.68
27015,307,964,31.68
27015,411,1146,37.68
27015,426,1055,34.68
27015,432,4678,153.68
27015,498,1725,56.68
27015,1627,4951,162.68
59920,304,1238,40.68
59920,414,994,32.68
59920,916,1542,50.68
59920,1298,1115,36.68
59920,1801,3794,124.68
89023,510,1391,45.68
89023,518,1391,45.68
15784,504,1025,33.68
15784,605,1025,33.68
15784,1113,1025,33.68
5446,311,1603,52.68
5446,1117,1572,51.68
5446,1634,1695,55.68
5446,1637,1695,55.68
99614,405,2882,94.68
99614,1637,994,32.68
75140,306,933,30.68
75140,1703,902,29.68
75140,1801,933,30.68
75140,1817,1391,45.68
71892,1701,2090,68.68
32455,114,3916,128.68
32455,306,1756,57.68
32455,916,811,26.68
32455,1211,2760,90.68
32455,1605,4739,155.68
32455,1801,5955,195.68
52457,410,2060,67.68
52457,1898,1664,54.68
45186,202,2941,96.68
61888,504,1998,65.68
61888,1102,2972,97.68
61888,304,1998,65.68
61888,411,1998,65.68
61888,1817,1299,42.68
66910,202,1115,36.68
66910,408,6534,214.68
66910,504,1055,34.68
70904,708,1391,45.68
18247,801,3459,113.68
18247,1598,3824,125.68
18247,426,2182,71.68
18247,612,2455,80.68
18247,706,2729,89.68
18247,1117,3824,125.68
27886,205,1876,61.68
27886,428,2607,85.68
27886,1113,2241,73.68
90714,102,1421,46.68
90714,205,1786,58.68
90714,304,1146,37.68
90714,305,2516,82.68
90714,708,933,30.68
90714,1113,2151,70.68
90714,1205,1786,58.68
90714,1701,3368,110.68
87795,310,1055,34.68
87795,705,1055,34.68
87795,708,1055,34.68
87795,713,1055,34.68
87795,915,1055,34.68
95530,116,872,28.68
95530,304,2547,83.68
95530,305,2182,71.68
95530,306,690,22.68
95530,1117,2182,71.68
95530,1805,1268,41.68
95216,1116,1330,43.68
95216,1627,1025,33.68
48495,1801,2607,85.68
25912,1113,1330,43.68
80722,305,1146,37.68
80722,1215,3337,109.68
98121,198,1207,39.68
98121,601,1207,39.68
98121,698,1207,39.68
98121,107,1207,39.68
98121,298,933,30.68
98121,498,933,30.68
98121,601,1086,35.68
98121,607,1086,35.68
98121,898,902,29.68
27431,403,5255,172.68
27431,304,4586,150.68
27431,305,1998,65.68
27431,519,2029,66.68
27431,1117,2029,66.68
88054,298,1480,48.68
88054,305,1480,48.68
88054,307,1480,48.68
88054,1798,2791,91.68
79886,504,1421,46.68
95515,426,2394,78.68
95515,705,1633,53.68
95515,1616,3306,108.68
95515,1617,1452,47.68
95515,1803,1055,34.68
95515,1812,2121,69.68
100707,426,811,26.68
100707,708,872,28.68
100707,804,872,28.68
100707,1605,780,25.68
91669,198,1876,61.68
91669,205,1391,45.68
91669,304,1876,61.68
91669,305,1876,61.68
91669,307,1876,61.68
91669,498,1876,61.68
91669,1113,1391,45.68
91669,1198,1391,45.68
91669,1205,1511,49.68
91669,1627,3916,128.68
76292,313,902,29.68
95757,305,690,22.68
95757,1701,4037,132.68
95757,1898,1725,56.68
67985,298,902,29.68
67985,610,1480,48.68
67985,611,1480,48.68
93441,304,1146,37.68
93441,307,1146,37.68
93441,598,1146,37.68
93441,1498,902,29.68
93441,1698,902,29.68
99992,398,780,25.68
99992,405,2791,91.68
99992,504,2821,92.68
71416,610,3368,110.68
71416,1112,2272,74.68
71416,1605,3368,110.68
71416,1610,3186,104.68
100085,708,780,25.68
32865,109,1025,33.68
32865,706,1177,38.68
32865,708,1025,33.68
39289,108,2821,92.68
39289,708,4647,152.68
39289,709,1725,56.68
88408,101,1268,41.68
88408,102,1725,56.68
88408,201,1268,41.68
88408,205,1725,56.68
88408,305,2241,73.68
88408,498,2455,80.68
88408,1205,872,28.68
88408,1627,4525,148.68
88408,1803,1086,35.68
88408,1810,5925,194.68
88408,1817,1025,33.68
5431,313,1146,37.68
5431,610,1299,42.68
5431,1815,994,32.68
88290,1609,4252,139.68
88290,1701,811,26.68
88290,1798,4160,136.68
88290,1816,1025,33.68
10567,198,1542,50.68
10567,1015,3886,127.68
34469,998,3733,122.68
34469,1627,2882,94.68
34469,1803,3886,127.68
52890,305,3947,129.68
52890,708,4037,132.68
52890,1811,2029,66.68
40690,1627,1817,59.68
40690,1801,1421,46.68
40690,1813,1511,49.68
57674,1617,1330,43.68
57889,1105,1998,65.68
57889,1110,2090,68.68
57889,1701,2302,75.68
100193,1898,1907,62.68
65286,498,1421,46.68
65286,916,1817,59.68
101451,102,1146,37.68
101451,428,994,32.68
101451,1118,629,20.68
85116,705,1786,58.68
85116,708,1907,62.68
85116,1622,1633,53.68
85116,1898,2090,68.68
31937,426,2394,78.68
96516,915,902,29.68
96516,1113,1299,42.68
96516,1813,3094,101.68
98702,404,2852,93.68
98702,423,2852,93.68
98702,425,2852,93.68
98702,429,2852,93.68
59150,304,2090,68.68
59150,305,2090,68.68
59150,306,2090,68.68
59150,414,4890,160.68
23405,1609,1238,40.68
23405,1637,2272,74.68
17153,408,1115,36.68
97939,1619,1786,58.68
15169,425,1695,55.68
15169,708,902,29.68
15169,709,902,29.68
40371,1817,933,30.68
39277,305,2455,80.68
56436,304,1115,36.68
56436,412,2821,92.68
56436,1109,1421,46.68
56436,1112,1876,61.68
56436,1801,1480,48.68
78513,426,1480,48.68
78513,1616,1146,37.68
78513,1640,1391,45.68
56881,1811,902,29.68
56881,1812,902,29.68
99633,1801,629,20.68
38760,102,1268,41.68
38760,304,1146,37.68
38760,305,3612,118.68
38760,306,3612,118.68
38760,1113,1146,37.68
38760,1801,3582,117.68
38760,1805,3582,117.68
31442,504,7720,253.68
31442,101,1330,43.68
31442,102,2090,68.68
31442,201,2090,68.68
31442,305,4767,156.68
31442,410,4374,143.68
31442,425,1756,57.68
31442,504,7720,253.68
31442,612,7720,253.68
31442,1117,7720,253.68
31442,1215,1330,43.68
31442,1804,2182,71.68
48981,102,1086,35.68
48981,305,4555,149.68
48981,809,994,32.68
48981,1111,1876,61.68
48981,1801,2882,94.68
59287,1637,5835,191.68
12298,102,2029,66.68
12298,109,1330,43.68
12298,798,5347,175.68
12298,1898,1330,43.68
40722,305,902,29.68
40722,1609,2882,94.68
40722,1805,902,29.68
40722,1816,902,29.68
92006,1605,841,27.68
91450,304,964,31.68
5026,108,1268,41.68
5026,1701,2699,88.68
5026,1813,1238,40.68
19734,1637,1299,42.68
19734,1701,1391,45.68
72623,198,3490,114.68
72623,407,1603,52.68
72623,424,1603,52.68
33212,202,1511,49.68
85118,305,1542,50.68
89415,304,902,29.68
89611,713,3247,106.68
89611,1617,3217,105.68
89611,1812,2333,76.68
12383,705,933,30.68
12383,708,1115,36.68
12383,712,1115,36.68
12383,1609,1115,36.68
94487,305,872,28.68
94487,1111,1055,34.68
94487,1112,1086,35.68
94487,1119,964,31.68
6862,412,1664,54.68
6862,712,1664,54.68
6862,1605,2060,67.68
24948,1604,964,31.68
93120,202,933,30.68
31642,403,3278,107.68
92054,311,1055,34.68
101903,1801,568,18.68
102545,504,4099,134.68
102545,305,1146,37.68
35348,304,3217,105.68
35348,426,3671,120.68
35348,612,3702,121.68
35348,805,933,30.68
35348,898,933,30.68
95120,1617,1756,57.68
3607,108,1421,46.68
3607,202,872,28.68
3607,426,1238,40.68
3607,712,1845,60.68
3607,713,1725,56.68
3607,1617,1968,64.68
26377,1110,3855,126.68
26377,1898,1299,42.68
18700,304,872,28.68
18700,305,872,28.68
18700,306,2821,92.68
18700,313,3186,104.68
18700,1117,3156,103.68
18700,1616,3156,103.68
18700,1617,3156,103.68
52775,304,902,29.68
52775,305,2302,75.68
53655,426,2151,70.68
53655,712,1025,33.68
97109,201,1391,45.68
97109,305,721,23.68
97109,1105,2121,69.68
13449,115,3033,99.68
13449,705,1817,59.68
13449,1628,1817,59.68
18791,1812,4037,132.68
18791,1813,1268,41.68
40653,428,1695,55.68
81103,708,1238,40.68
81103,906,2151,70.68
81103,1215,1025,33.68
81103,1616,1695,55.68
96953,1801,690,22.68
83869,408,933,30.68
83869,1634,964,31.68
32456,1706,2486,81.68
32456,1812,2333,76.68
32456,1813,2699,88.68
32456,1816,2455,80.68
32456,1817,2791,91.68
32456,1898,3582,117.68
35042,305,4798,157.68
35042,1701,1633,53.68
61551,109,1572,51.68
45000,1619,1756,57.68
45000,1810,1360,44.68
97172,505,2791,91.68
97172,504,2821,92.68
9377,202,902,29.68
9377,304,1146,37.68
9377,305,1146,37.68
9377,432,994,32.68
9377,1703,3398,111.68
48050,304,1845,60.68
48050,411,994,32.68
48050,1605,2394,78.68
76954,305,1055,34.68
76954,1117,902,29.68
76954,1801,2363,77.68
28891,426,2455,80.68
28891,1111,1238,40.68
87038,198,2791,91.68
87038,202,1786,58.68
87038,426,811,26.68
87038,709,1299,42.68
87038,914,1238,40.68
90776,202,811,26.68
26698,708,994,32.68
26698,1605,1299,42.68
26698,1622,1299,42.68
47138,428,4586,150.68
47138,1098,4008,131.68
73969,304,1115,36.68
73969,1634,2455,80.68
73969,1637,2455,80.68
72539,1703,1025,33.68
39033,305,1633,53.68
39033,311,1633,53.68
71580,116,1299,42.68
71580,1626,811,26.68
71580,1817,1664,54.68
13463,102,933,30.68
13463,205,1876,61.68
13463,304,1299,42.68
13463,305,1299,42.68
13463,1008,964,31.68
13463,1701,964,31.68
13463,1703,1480,48.68
13463,1801,2486,81.68
13463,1803,6777,222.68
681,412,2882,94.68
681,426,2882,94.68
681,1801,4313,141.68
17203,423,3490,114.68
17203,426,3156,103.68
17203,1105,1695,55.68
17203,1112,2060,67.68
17203,1113,933,30.68
17203,1605,3702,121.68
17203,1811,2852,93.68
28382,1805,1330,43.68
4262,304,1725,56.68
4262,798,2090,68.68
4262,1812,902,29.68
102330,307,476,15.68
102330,915,1725,56.68
102330,1801,660,21.68
102330,1898,629,20.68
35102,415,2302,75.68
98260,1804,933,30.68
85308,709,872,28.68
101152,504,902,29.68
101152,1118,902,29.68
35953,430,3643,119.68
35953,1704,3094,101.68
35953,1803,2455,80.68
35953,1817,3156,103.68
60007,304,1146,37.68
60007,305,1086,35.68
60007,428,1330,43.68
60007,705,902,29.68
60007,915,1391,45.68
60007,916,1391,45.68
60007,1113,1055,34.68
35224,1801,1086,35.68
35224,1817,933,30.68
22251,111,3612,118.68
22251,406,1664,54.68
22251,410,1330,43.68
22251,612,841,27.68
22251,1709,2729,89.68
22251,1710,2729,89.68
22251,1801,1876,61.68
22251,1802,1421,46.68
58313,107,1511,49.68
58313,1801,2882,94.68
20221,107,1876,61.68
49204,1112,994,32.68
49204,1998,1695,55.68
97516,305,1756,57.68
97516,1117,2913,95.68
50804,298,933,30.68
50804,405,2821,92.68
50804,408,2821,92.68
50804,1801,1207,39.68
66304,504,1391,45.68
66304,511,1391,45.68
66304,1113,1907,62.68
45331,198,2302,75.68
45331,202,2302,75.68
99226,1617,994,32.68
95853,398,749,24.68
95853,405,933,30.68
95853,423,933,30.68
95853,1112,749,24.68
95853,1805,749,24.68
77639,305,994,32.68
77639,1801,660,21.68
12258,102,1511,49.68
12258,306,2241,73.68
12258,426,4798,157.68
12258,1113,2241,73.68
97715,304,1480,48.68
97715,305,1480,48.68
97715,398,1480,48.68
80830,1605,1177,38.68
80830,1801,1360,44.68
82130,202,1633,53.68
82130,203,2699,88.68
82130,407,1238,40.68
82130,410,1238,40.68
82130,423,1238,40.68
82130,430,2699,88.68
82130,1117,2333,76.68
82130,1634,2333,76.68
41371,710,1207,39.68
41371,1634,1238,40.68
54100,705,1664,54.68
54100,713,2547,83.68
21737,102,1177,38.68
21737,1113,994,32.68
21737,1701,2272,74.68
26240,298,2363,77.68
26240,405,3551,116.68
26240,407,3551,116.68
26240,426,3551,116.68
26240,608,872,28.68
26240,1898,2821,92.68
30188,809,1115,36.68
30188,1617,1207,39.68
30188,1809,933,30.68
86855,713,1146,37.68
60882,898,1786,58.68
60882,1215,1421,46.68
60882,1612,1542,50.68
60882,1619,1115,36.68
60882,1622,1542,50.68
96483,107,690,22.68
91715,432,841,27.68
91715,1703,841,27.68
87968,1015,1756,57.68
67690,1113,2121,69.68
87545,304,1452,47.68
87545,1812,2882,94.68
82400,498,994,32.68
90747,306,1146,37.68
90747,1817,964,31.68
62744,708,1817,59.68
45414,712,1238,40.68
45414,915,2151,70.68
45414,1105,1968,64.68
45414,1305,2029,66.68
45414,1312,2210,72.68
16187,1803,1299,42.68
220,305,1207,39.68
220,411,1238,40.68
220,498,3429,112.68
220,908,1115,36.68
220,911,1115,36.68
220,1113,902,29.68
220,1198,902,29.68
220,1609,3429,112.68
220,1617,3278,107.68
84460,108,902,29.68
72226,207,933,30.68
10805,426,2607,85.68
10805,428,1876,61.68
80761,1616,1115,36.68
80761,1622,1115,36.68
80761,1637,1115,36.68
18879,102,780,25.68
18879,304,933,30.68
18879,307,933,30.68
18879,404,1664,54.68
3510,1105,1664,54.68
3510,1119,872,28.68
72444,1637,2394,78.68
72444,1898,2882,94.68
28493,304,1207,39.68
28493,428,1177,38.68
28493,915,1025,33.68
63145,403,2363,77.68
63145,601,2363,77.68
63145,304,964,31.68
63145,423,1876,61.68
63145,1637,1695,55.68
63145,1801,1542,50.68
21712,305,3521,115.68
21712,306,1146,37.68
21712,714,3671,120.68
21712,1105,3278,107.68
21712,1106,3278,107.68
21712,1708,2699,88.68
21712,1801,2760,90.68
21712,1810,3398,111.68
86974,423,872,28.68
86974,428,872,28.68
86974,809,1633,53.68
86974,1117,4068,133.68
99216,1605,1725,56.68
94200,304,721,23.68
94200,313,3794,124.68
94200,1105,721,23.68
67035,1622,1845,60.68
67035,1801,1725,56.68
81548,304,1603,52.68
32687,102,1207,39.68
32687,198,1360,44.68
32687,498,1207,39.68
32687,1113,1572,51.68
32687,1898,3247,106.68
4138,1804,1360,44.68
4138,1810,1360,44.68
2263,116,994,32.68
2263,304,4008,131.68
2263,305,1756,57.68
2263,313,5073,166.68
2263,411,2425,79.68
2263,428,1756,57.68
2263,705,1268,41.68
2263,1117,4282,140.68
2263,1637,5043,165.68
49260,1617,4343,142.68
49260,1630,4433,145.68
49260,1801,2547,83.68
93957,108,780,25.68
96989,108,1146,37.68
96989,798,690,22.68
96989,1817,1391,45.68
88731,406,1055,34.68
88731,412,1055,34.68
88731,426,1055,34.68
88731,712,1055,34.68
87096,304,1360,44.68
87096,305,1360,44.68
87096,1605,3977,130.68
70977,310,2699,88.68
60806,405,1207,39.68
60806,1619,1391,45.68
63875,313,3824,125.68
63875,426,3582,117.68
37194,423,994,32.68
37194,426,994,32.68
69092,1113,841,27.68
83849,108,1115,36.68
83849,705,2363,77.68
3174,101,902,29.68
3174,198,902,29.68
3174,305,1786,58.68
3174,410,2760,90.68
3174,411,2760,90.68
77723,1617,1330,43.68
77723,1637,1330,43.68
12724,115,3916,128.68
12724,809,4099,134.68
12724,1108,3125,102.68
12724,1701,1511,49.68
12724,1710,2547,83.68
26070,103,1391,45.68
26070,304,1025,33.68
26070,1111,1086,35.68
26070,1210,1086,35.68
26070,1816,5377,176.68
24108,304,1391,45.68
81706,1312,2241,73.68
83308,408,964,31.68
83308,1637,994,32.68
83308,1703,964,31.68
67870,713,994,32.68
85648,1701,1115,36.68
85648,1812,1238,40.68
45134,1637,1633,53.68
37941,426,1633,53.68
37941,1627,933,30.68
99502,1622,841,27.68
76740,202,3337,109.68
76740,304,2852,93.68
76740,1113,964,31.68
86330,408,1146,37.68
86330,426,3337,109.68
86330,715,1664,54.68
86330,914,2729,89.68
91025,108,1177,38.68
30811,1609,1511,49.68
30811,1617,1511,49.68
30811,1812,1055,34.68
33596,202,2821,92.68
33596,1617,2090,68.68
2141,1605,3398,111.68
2141,1616,3398,111.68
2141,1617,3337,109.68
93764,398,2791,91.68
93764,411,1055,34.68
93764,432,1055,34.68
93764,504,1968,64.68
93764,1203,780,25.68
93764,1216,1876,61.68
93764,1617,3125,102.68
74586,305,994,32.68
74586,306,994,32.68
74586,406,1756,57.68
74586,1412,1907,62.68
74586,1605,2333,76.68
74586,1622,1998,65.68
74586,1898,2182,71.68
60261,412,1238,40.68
60261,1801,1299,42.68
84042,305,1268,41.68
12111,306,933,30.68
12111,1106,2394,78.68
12111,1110,2394,78.68
12111,1117,3763,123.68
12111,1901,1299,42.68
56701,304,3459,113.68
31916,1634,2182,71.68
84955,1605,4008,131.68
84955,1634,4402,144.68
65979,1812,1115,36.68
39681,203,1695,55.68
39681,1704,1633,53.68
99831,430,2090,68.68
99831,498,1452,47.68
99831,798,1330,43.68
96695,198,1786,58.68
96695,202,1786,58.68
96695,428,2425,79.68
39590,504,4678,153.68
39590,1605,4678,153.68
100624,705,1695,55.68
100624,713,1391,45.68
100624,1805,2882,94.68
83325,305,1238,40.68
83325,306,1238,40.68
37409,305,933,30.68
62483,305,2972,97.68
56941,412,2029,66.68
56941,713,1391,45.68
56941,1113,1542,50.68
56941,1810,3977,130.68
27632,202,1055,34.68
27632,306,1055,34.68
53000,708,1421,46.68
53000,1798,964,31.68
79087,405,4252,139.68
79087,414,3886,127.68
79087,1113,1086,35.68
79087,1618,4647,152.68
19399,412,4190,137.68
19399,1111,2913,95.68
19399,1813,1664,54.68
14486,201,1299,42.68
14486,915,1086,35.68
14486,998,1086,35.68
14486,1298,1055,34.68
14486,1898,2090,68.68
38566,102,1845,60.68
38566,108,933,30.68
38566,305,933,30.68
38566,408,1876,61.68
38566,412,1146,37.68
38566,428,1876,61.68
38566,708,872,28.68
38566,712,1146,37.68
38566,1605,3702,121.68
38566,1710,2029,66.68
93484,203,2760,90.68
93484,404,780,25.68
51473,403,5529,181.68
51473,707,1025,33.68
51473,1113,1268,41.68
51473,1817,1299,42.68
51473,1898,2151,70.68
28101,304,1695,55.68
28101,307,1695,55.68
28101,504,1695,55.68
28101,605,1511,49.68
28101,705,1330,43.68
28101,914,964,31.68
28101,1006,1937,63.68
55174,304,1480,48.68
55174,305,1480,48.68
55174,610,2302,75.68
55174,898,1391,45.68
55174,1198,1360,44.68
2911,1798,1086,35.68
2911,1898,2151,70.68
100850,306,2516,82.68
100850,430,3671,120.68
100850,1105,1299,42.68
100850,1112,537,17.68
100850,1898,1299,42.68
31681,201,2425,79.68
31681,305,1511,49.68
31681,412,4708,154.68
31681,426,4617,151.68
31681,712,4708,154.68
31681,1112,1360,44.68
31681,1216,1330,43.68
31681,1801,5316,174.68
31681,1810,3824,125.68
31681,1817,6381,209.68
81229,1605,902,29.68
87738,1701,902,29.68
87055,1622,8330,273.68
87055,1817,1055,34.68
21654,514,1421,46.68
21654,1627,2821,92.68
77922,1898,994,32.68
70925,705,1725,56.68
70925,798,3125,102.68
70925,1801,2455,80.68
103118,305,690,22.68
103118,1801,964,31.68
64577,305,2029,66.68
64577,1709,3824,125.68
19868,1805,2302,75.68
19868,1817,2090,68.68
46075,501,1238,40.68
46075,504,1299,42.68
33304,708,4343,142.68
33304,715,4343,142.68
33304,1113,1572,51.68
33304,1898,4343,142.68
33261,102,1025,33.68
33261,205,1025,33.68
33261,304,1025,33.68
33261,605,2060,67.68
15964,112,2182,71.68
15964,202,4068,133.68
15964,406,4068,133.68
15964,1903,2638,86.68
4454,101,4525,148.68
4454,198,4525,148.68
4454,305,1937,63.68
4454,306,1115,36.68
4454,1898,4525,148.68
9727,432,1146,37.68
88878,304,2182,71.68
88878,305,2182,71.68
88878,411,3794,124.68
88878,428,2394,78.68
88878,1110,2607,85.68
87769,1198,2090,68.68
87769,1110,2121,69.68
33941,304,1511,49.68
33941,405,1360,44.68
4381,398,1146,37.68
75963,426,933,30.68
75963,1605,1238,40.68
75963,1609,1725,56.68
75963,1612,1725,56.68
33354,305,964,31.68
33354,306,964,31.68
33354,313,4494,147.68
33354,414,1025,33.68
33354,1811,1330,43.68
1272,414,872,28.68
1272,914,1756,57.68
1272,1215,2394,78.68
1272,1616,2425,79.68
1272,1801,1998,65.68
76663,405,2060,67.68
76663,414,1817,59.68
76663,504,2333,76.68
76663,1607,2241,73.68
91174,102,2791,91.68
91174,201,2060,67.68
91174,304,964,31.68
91174,305,964,31.68
91174,411,933,30.68
91174,915,6016,197.68
91174,1622,902,29.68
61186,412,1238,40.68
61186,414,1238,40.68
49207,498,2090,68.68
49207,1710,964,31.68
3437,306,1603,52.68
34178,1630,3368,110.68
34178,1801,3368,110.68
298,304,2607,85.68
298,604,1998,65.68
298,605,1998,65.68
298,1703,5438,178.68
96276,1614,2729,89.68
96276,1812,2791,91.68
96276,1817,2060,67.68
14954,198,1268,41.68
14954,498,1480,48.68
24953,304,933,30.68
24953,305,1268,41.68
24953,408,933,30.68
80099,304,1207,39.68
80099,305,1207,39.68
73121,313,1480,48.68
73121,423,994,32.68
73121,426,994,32.68
73121,712,994,32.68
73121,1117,1238,40.68
73121,1605,1480,48.68
73121,1698,1207,39.68
73121,1803,841,27.68
88137,1801,2394,78.68
9350,713,2941,96.68
9350,1605,1391,45.68
9350,1616,2486,81.68
9350,1811,2668,87.68
80833,1801,1876,61.68
62506,1605,3247,106.68
62506,1798,2060,67.68
89841,108,3824,125.68
89841,304,3702,121.68
89841,305,3702,121.68
89841,432,3521,115.68
89841,1634,3886,127.68
82583,202,964,31.68
82583,415,1025,33.68
8977,1111,1086,35.68
86868,306,1664,54.68
57507,1014,1725,56.68
57507,1701,2029,66.68
101862,1605,2029,66.68
101862,1616,2029,66.68
101862,1640,2029,66.68
90318,708,902,29.68
90318,1609,902,29.68
34397,306,994,32.68
34397,1801,1695,55.68
34397,1817,1146,37.68
86494,202,3247,106.68
86494,406,2090,68.68
86494,426,2882,94.68
86494,432,3094,101.68
86494,1005,1937,63.68
86494,1801,1055,34.68
11242,412,1330,43.68
11242,1704,1299,42.68
62549,1118,1025,33.68
62549,1804,3156,103.68
62549,1805,3156,103.68
62549,1810,3156,103.68
100596,201,1299,42.68
100596,304,1146,37.68
100596,305,3306,108.68
100596,307,568,18.68
100596,410,5743,188.68
100596,425,5804,190.68
100596,519,964,31.68
100596,604,2486,81.68
100596,809,2486,81.68
100596,898,2486,81.68
100596,911,568,18.68
100596,914,780,25.68
100596,916,568,18.68
100596,1111,1452,47.68
100596,1210,1452,47.68
100596,1698,5804,190.68
100596,1798,2029,66.68
4712,304,2791,91.68
4712,605,964,31.68
33271,1619,2090,68.68
33271,1810,2121,69.68
57681,504,2882,94.68
57681,305,1115,36.68
57681,504,2882,94.68
88182,202,1725,56.68
88182,423,1664,54.68
88182,1605,1756,57.68
88182,1617,1299,42.68
14858,1805,1572,51.68
14858,1810,1572,51.68
44750,405,1876,61.68
44750,426,2121,69.68
44750,432,2425,79.68
44750,1614,2607,85.68
59621,1615,1177,38.68
59621,1619,2760,90.68
52908,198,1330,43.68
52908,202,2486,81.68
52908,404,994,32.68
52908,407,994,32.68
52908,412,994,32.68
52908,1105,2455,80.68
31409,1703,994,32.68
31409,1817,1115,36.68
31409,1898,2607,85.68
47864,118,902,29.68
47864,425,1268,41.68
47864,1634,1268,41.68
47864,1801,1025,33.68
4958,198,2060,67.68
4958,1801,1391,45.68
27369,705,1360,44.68
27369,1215,1238,40.68
10216,107,3794,124.68
10216,1812,3612,118.68
78720,412,994,32.68
78720,498,994,32.68
78720,1801,1207,39.68
80978,405,1817,59.68
38457,809,3551,116.68
38457,916,3247,106.68
38457,1801,2576,84.68
96484,304,1725,56.68
96484,305,1207,39.68
96484,1605,1695,55.68
80600,102,1391,45.68
80600,205,1756,57.68
80600,305,3977,130.68
80600,307,841,27.68
80600,428,3582,117.68
80600,514,1207,39.68
80600,519,1207,39.68
80600,713,3459,113.68
80600,1407,1025,33.68
80600,1627,1421,46.68
80600,1701,2333,76.68
93526,1004,2941,96.68
93526,430,3094,101.68
93526,432,1086,35.68
93526,1112,1452,47.68
93526,1622,2210,72.68
93526,1634,2210,72.68
93526,1637,1480,48.68
93526,1801,1452,47.68
93526,1817,1025,33.68
93526,1898,1452,47.68
98158,708,933,30.68
56562,411,1511,49.68
56562,1817,1146,37.68
7073,102,1968,64.68
7073,202,1086,35.68
43916,109,1725,56.68
43916,305,2363,77.68
43916,398,2363,77.68
43916,598,1086,35.68
43916,916,3337,109.68
95461,1617,1025,33.68
84087,1617,933,30.68
84087,1705,933,30.68
24201,298,3582,117.68
24201,304,2151,70.68
24201,1111,2151,70.68
24201,1622,3671,120.68
60058,504,1845,60.68
60058,713,1207,39.68
60058,1105,1845,60.68
60058,1614,3551,116.68
60058,1803,1907,62.68
79573,713,3824,125.68
79573,1637,4617,151.68
89849,1617,841,27.68
42966,205,1268,41.68
42966,304,2729,89.68
42966,306,2729,89.68
42966,412,4555,149.68
42966,423,1937,63.68
42966,432,2821,92.68
42966,712,4647,152.68
42966,1106,3094,101.68
42966,1616,933,30.68
42966,1627,3459,113.68
42966,1812,3824,125.68
42966,1813,4555,149.68
20890,1598,2972,97.68
20890,1801,2791,91.68
45927,305,1845,60.68
45927,1810,1845,60.68
7629,1701,1086,35.68
7629,1812,2852,93.68
95072,698,872,28.68
100696,202,599,19.68
100696,305,1511,49.68
18169,1627,4555,149.68
18169,1701,2394,78.68
82205,204,1025,33.68
82205,208,1025,33.68
82205,310,1360,44.68
82205,424,1055,34.68
82205,606,1025,33.68
82205,915,994,32.68
82205,1112,1238,40.68
82205,1609,1330,43.68
56702,306,2029,66.68
56702,1617,1756,57.68
56702,1903,1786,58.68
34121,205,1238,40.68
34121,705,1391,45.68
34121,1627,1756,57.68
34121,1898,4555,149.68
6194,305,1725,56.68
6194,306,1391,45.68
6194,411,2394,78.68
6194,1801,3156,103.68
6194,1810,5682,186.68
6194,1812,3459,113.68
87216,304,933,30.68
86364,1617,994,32.68
34721,304,1695,55.68
34721,428,1695,55.68
34721,916,902,29.68
34721,1113,1421,46.68
34721,1616,2455,80.68
78017,304,5043,165.68
78017,1634,5438,178.68
78017,1637,5408,177.68
78017,1817,1238,40.68
3722,201,964,31.68
3722,202,994,32.68
3722,305,1845,60.68
3722,414,1845,60.68
3722,1110,1299,42.68
61159,304,1817,59.68
61159,1810,3794,124.68
61159,1817,2425,79.68
78904,108,1845,60.68
78904,498,2607,85.68
78904,1105,1664,54.68
78904,1898,2182,71.68
87465,415,2821,92.68
87465,1905,7204,236.68
44464,414,933,30.68
44464,1617,2363,77.68
1476,498,1025,33.68
34839,108,1086,35.68
34839,713,2151,70.68
34839,1017,1937,63.68
34839,1312,1177,38.68
99940,406,1756,57.68
99940,410,1756,57.68
99940,915,568,18.68
99940,916,1391,45.68
99940,1112,841,27.68
99940,1616,1937,63.68
99940,1622,1937,63.68
99940,1634,1937,63.68
99940,1698,964,31.68
64476,202,3186,104.68
64476,426,1725,56.68
5110,1013,1695,55.68
55243,1701,6078,199.68
59351,1812,1330,43.68
31872,1105,1664,54.68
31872,1306,1207,39.68
31872,1614,1664,54.68
31872,1617,1360,44.68
24270,108,964,31.68
24270,424,964,31.68
24270,1801,2791,91.68
26470,102,1330,43.68
26470,205,1330,43.68
26470,304,1695,55.68
84781,414,2090,68.68
84781,1113,2516,82.68
84781,1801,3763,123.68
25891,426,1055,34.68
25891,916,1695,55.68
83802,1803,872,28.68
13269,405,3368,110.68
13269,410,3368,110.68
13269,412,3368,110.68
13269,426,3368,110.68
13269,809,3977,130.68
13269,1798,3977,130.68
13269,1898,933,30.68
9336,1801,1907,62.68
87473,1617,1786,58.68
50358,202,1817,59.68
50358,304,1025,33.68
50358,306,1025,33.68
50358,405,1452,47.68
50358,408,1115,36.68
20174,1817,1086,35.68
78875,109,1360,44.68
78875,198,2455,80.68
78875,202,4129,135.68
78875,205,2455,80.68
78875,1113,2486,81.68
78875,1801,4494,147.68
78875,1808,4494,147.68
78875,1814,4494,147.68
32035,298,964,31.68
32035,428,3551,116.68
32035,713,4099,134.68
25436,102,964,31.68
25436,201,933,30.68
25436,304,964,31.68
25436,426,3947,129.68
25436,1701,3916,128.68
35844,1704,2272,74.68
34510,1117,1025,33.68
34510,1637,1603,52.68
86083,1801,1786,58.68
61684,1817,994,32.68
52913,198,1268,41.68
52913,714,4129,135.68
52913,1605,4525,148.68
52913,1701,3064,100.68
52913,1705,3064,100.68
52913,1801,2821,92.68
93139,404,3217,105.68
93139,406,3217,105.68
93139,1801,780,25.68
60640,102,1480,48.68
60640,202,4433,145.68
60640,306,811,26.68
60640,504,2302,75.68
60640,708,1725,56.68
60640,809,1786,58.68
60640,914,1876,61.68
60640,1701,1480,48.68
29119,423,1572,51.68
29119,1605,2302,75.68
7698,304,1268,41.68
7698,305,1268,41.68
7698,306,1268,41.68
7698,398,1268,41.68
76162,304,1025,33.68
76162,305,1025,33.68
53820,109,2455,80.68
53820,610,2151,70.68
53820,1617,2151,70.68
53820,1705,1845,60.68
78536,798,2576,84.68
78536,1098,2576,84.68
78536,1105,1725,56.68
86084,1617,1998,65.68
87923,1801,933,30.68
29848,202,1664,54.68
29848,405,1086,35.68
63068,306,2516,82.68
63068,307,1786,58.68
63068,504,1146,37.68
63068,511,1146,37.68
63068,1112,1603,52.68
63068,1119,1055,34.68
63068,1701,2638,86.68
63068,1812,2090,68.68
10649,1703,2852,93.68
47664,298,1817,59.68
47664,426,3247,106.68
47664,1113,902,29.68
47664,1211,1817,59.68
97126,503,2394,78.68
97126,504,2394,78.68
97126,598,2394,78.68
97126,1398,3217,105.68
97126,198,1572,51.68
97126,504,2394,78.68
97126,510,2394,78.68
97126,519,2394,78.68
97126,809,3217,105.68
97126,1307,3217,105.68
9899,102,1725,56.68
9899,605,1360,44.68
9899,915,1268,41.68
9899,998,1268,41.68
9899,1205,1268,41.68
9899,1898,1115,36.68
88196,1701,1115,36.68
88196,1705,1115,36.68
2835,304,2210,72.68
2835,307,2210,72.68
2835,404,2941,96.68
2835,1812,1480,48.68
71599,916,1086,35.68
62145,1015,1238,40.68
62145,1622,1452,47.68
46770,504,1452,47.68
46770,714,2060,67.68
87643,202,933,30.68
87643,406,964,31.68
87643,498,964,31.68
87643,1801,3671,120.68
20138,1102,1998,65.68
20138,708,902,29.68
20138,1109,1998,65.68
20138,1617,2060,67.68
20138,1637,2060,67.68
42555,306,1756,57.68
42555,408,841,27.68
42555,1617,1391,45.68
21607,198,1786,58.68
21607,412,3306,108.68
21607,432,994,32.68
21607,498,3551,116.68
21607,504,1480,48.68
21607,915,4068,133.68
21607,1298,1786,58.68
21607,1809,1786,58.68
33926,304,1572,51.68
33926,305,1937,63.68
33926,720,1937,63.68
33926,898,1937,63.68
33926,1210,3916,128.68
33926,1601,1572,51.68
88605,202,1480,48.68
100511,110,1572,51.68
100511,426,902,29.68
100511,1619,1360,44.68
10165,305,1452,47.68
10165,306,1452,47.68
45122,311,4798,157.68
45122,407,2241,73.68
45122,424,2241,73.68
45122,1105,2516,82.68
50301,1601,902,29.68
50301,1614,1452,47.68
50301,1627,1452,47.68
87848,1801,1695,55.68
18775,104,1055,34.68
18775,109,1421,46.68
18775,198,1817,59.68
18775,313,3368,110.68
18775,1617,3398,111.68
102031,408,476,15.68
102031,1701,476,15.68
55890,103,994,32.68
55890,201,1146,37.68
55890,304,1360,44.68
55890,305,1725,56.68
55890,411,2821,92.68
55890,809,1086,35.68
55890,1104,1360,44.68
55890,1703,3702,121.68
29872,1634,1025,33.68
85092,202,811,26.68
85092,398,1845,60.68
85092,404,1633,53.68
85092,405,1633,53.68
85092,412,2060,67.68
85092,426,2394,78.68
85092,1801,2455,80.68
66220,1630,1845,60.68
93348,426,1025,33.68
93348,1108,2821,92.68
93348,1312,1055,34.68
14596,305,2699,88.68
82018,104,1268,41.68
82018,107,1268,41.68
82018,202,1268,41.68
82018,406,1115,36.68
88801,1701,933,30.68
12335,306,1330,43.68
12335,428,964,31.68
12335,1701,2272,74.68
12335,1801,2791,91.68
80011,202,3582,117.68
80011,203,3702,121.68
80011,305,964,31.68
80011,405,3702,121.68
80011,406,3702,121.68
80011,407,3702,121.68
80011,412,1876,61.68
80011,424,3702,121.68
80011,425,3702,121.68
80011,1111,1207,39.68
80011,1622,3702,121.68
80011,1701,3278,107.68
16941,405,1086,35.68
16941,423,1086,35.68
16941,424,1086,35.68
30328,305,2972,97.68
30328,306,3337,109.68
30328,408,964,31.68
30328,428,1845,60.68
30328,705,1146,37.68
30328,1113,1055,34.68
90772,708,1086,35.68
90772,709,1086,35.68
90772,916,841,27.68
90772,1601,994,32.68
90772,1617,1086,35.68
90772,1627,994,32.68
90772,1701,902,29.68
90772,1801,1055,34.68
87024,304,1360,44.68
87024,305,1360,44.68
87024,425,4252,139.68
87024,428,2729,89.68
87024,916,3186,104.68
87024,1015,1330,43.68
87024,1801,2029,66.68
76871,313,1238,40.68
76871,426,1086,35.68
100506,1698,660,21.68
77469,305,2821,92.68
77469,809,1055,34.68
77469,908,1055,34.68
99926,1609,780,25.68
18634,1298,1817,59.68
18634,304,1055,34.68
18634,510,994,32.68
18634,706,2210,72.68
18634,709,902,29.68
18634,915,2302,75.68
18634,1106,2182,71.68
18634,1111,1817,59.68
18634,1112,2182,71.68
18634,1113,2182,71.68
18634,1119,2182,71.68
18634,1210,1817,59.68
18634,1412,1055,34.68
18634,1605,1786,58.68
54123,1106,1480,48.68
54123,1118,1480,48.68
54123,1817,1055,34.68
84988,102,3278,107.68
84988,713,3278,107.68
15503,206,1025,33.68
15503,304,811,26.68
15503,1605,3794,124.68
15503,1701,1664,54.68
15503,1801,2060,67.68
32247,102,1299,42.68
32247,510,1055,34.68
32247,511,1055,34.68
32247,1113,1299,42.68
11416,610,1268,41.68
11416,703,1268,41.68
11416,709,1268,41.68
11416,1801,3125,102.68
62136,201,1238,40.68
62136,205,1238,40.68
62136,306,1299,42.68
62136,916,1086,35.68
62136,1111,2941,96.68
62136,1304,4767,156.68
62136,1801,1146,37.68
48084,1616,1725,56.68
12600,101,964,31.68
12600,109,964,31.68
12600,304,3916,128.68
12600,305,2882,94.68
12600,306,2882,94.68
12600,504,2607,85.68
12600,519,2972,97.68
12600,1817,3551,116.68
91376,304,1421,46.68
91376,412,2516,82.68
91376,1601,1421,46.68
96913,1617,902,29.68
96913,1817,872,28.68
91733,120,1360,44.68
95733,1812,749,24.68
93103,305,841,27.68
87930,305,933,30.68
87930,306,1876,61.68
87930,1117,4525,148.68
87930,1617,2029,66.68
87930,1801,3247,106.68
14110,305,994,32.68
14110,306,1086,35.68
97565,104,3702,121.68
97565,108,3643,119.68
97565,109,3671,120.68
97565,116,3278,107.68
97565,205,2241,73.68
97565,304,4798,157.68
97565,305,4798,157.68
97565,307,4798,157.68
97565,908,1511,49.68
97565,1108,2607,85.68
97565,1609,6808,223.68
97565,1637,6930,227.68
97565,1998,3278,107.68
8468,202,1937,63.68
90546,203,872,28.68
90546,423,3490,114.68
90546,1605,1786,58.68
90546,1801,2913,95.68
99382,1015,690,22.68
80909,198,1511,49.68
80909,202,4008,131.68
80909,304,1786,58.68
80909,305,4008,131.68
80909,306,4008,131.68
80909,307,3278,107.68
80909,423,4008,131.68
80909,705,4008,131.68
80909,713,3278,107.68
80909,1106,1115,36.68
80909,1710,4008,131.68
80909,1812,2852,93.68
80909,1898,3551,116.68
22535,1617,1360,44.68
22535,1804,1480,48.68
15475,109,1238,40.68
15475,304,1391,45.68
15475,405,1452,47.68
15475,1801,1876,61.68
100787,305,1268,41.68
100787,1117,3278,107.68
100787,1801,690,22.68
1813,102,1817,59.68
1813,304,2455,80.68
1813,1801,2821,92.68
75930,304,994,32.68
75930,307,994,32.68
57076,1614,1268,41.68
80451,1629,3125,102.68
80451,1708,3278,107.68
95634,907,2729,89.68
95634,1105,1086,35.68
95634,1626,841,27.68
102638,112,1572,51.68
102638,429,1603,52.68
37452,305,3033,99.68
37452,1801,964,31.68
21527,1117,2791,91.68
21527,1898,1695,55.68
43771,916,1330,43.68
43771,1617,1360,44.68
43771,1698,1330,43.68
12574,304,1511,49.68
12574,305,1511,49.68
12574,1617,1391,45.68
12574,1622,4555,149.68
471,102,2394,78.68
471,809,994,32.68
12222,1619,1360,44.68
12222,1801,1115,36.68
71877,304,1115,36.68
71877,305,2121,69.68
71877,313,3003,98.68
71877,406,3003,98.68
71877,410,3003,98.68
71877,412,3003,98.68
71877,428,1055,34.68
71877,712,1146,37.68
71877,1198,3003,98.68
90153,1805,3733,122.68
82596,916,964,31.68
5594,203,2821,92.68
5594,1619,3247,106.68
5594,1813,1725,56.68
61809,202,1207,39.68
61809,406,4282,140.68
61809,412,3551,116.68
61809,1105,3186,104.68
61809,1898,3217,105.68
94753,118,1817,59.68
94753,205,1146,37.68
94753,305,690,22.68
94753,309,690,22.68
94753,809,476,15.68
94753,906,476,15.68
94753,908,476,15.68
94753,915,476,15.68
94753,916,476,15.68
94753,1113,507,16.68
94753,1701,3916,128.68
101187,1617,1055,34.68
101187,1634,1055,34.68
13281,603,1177,38.68
13281,698,1177,38.68
13281,1106,4678,153.68
13281,1110,4767,156.68
13281,1113,4767,156.68
13281,1627,3247,106.68
86709,104,872,28.68
86709,204,1299,42.68
86709,504,1299,42.68
86709,519,1299,42.68
86709,1805,902,29.68
63598,1110,872,28.68
63598,1113,872,28.68
10207,406,2852,93.68
10207,421,2852,93.68
10207,610,1664,54.68
10207,915,1055,34.68
10207,1113,2029,66.68
10207,1624,4374,143.68
18431,1801,3278,107.68
18431,1812,1968,64.68
18431,1817,1876,61.68
59840,426,1756,57.68
13156,198,2182,71.68
13156,1113,1086,35.68
13156,1801,2699,88.68
91779,1703,1238,40.68
91779,1798,902,29.68
39487,1619,1055,34.68
65103,1817,964,31.68
77822,202,933,30.68
77822,304,1238,40.68
77822,1617,2486,81.68
77822,1701,2394,78.68
77822,1801,1998,65.68
38026,1801,1756,57.68
10691,1802,1238,40.68
91924,712,1998,65.68
91924,1198,2638,86.68
2015,304,1756,57.68
2015,705,1391,45.68
2015,1801,1146,37.68
97074,1617,1511,49.68
54502,411,1756,57.68
54502,1605,3094,101.68
63790,203,1786,58.68
63790,426,1786,58.68
63790,1113,1786,58.68
27788,313,2913,95.68
27788,1117,1998,65.68
27788,1701,1055,34.68
27788,1898,2363,77.68
47032,426,2363,77.68
72753,306,1421,46.68
72753,1617,1360,44.68
32873,304,1360,44.68
32873,305,1360,44.68
32873,306,1360,44.68
32873,1637,1360,44.68
32873,1801,902,29.68
71917,426,1025,33.68
71917,1605,1633,53.68
71917,1803,1360,44.68
83242,304,1086,35.68
83242,398,1086,35.68
83242,1610,1055,34.68
84637,411,1055,34.68
82864,304,1115,36.68
47104,411,872,28.68
47104,1701,1299,42.68
47104,1801,1391,45.68
47104,1812,1786,58.68
98968,102,660,21.68
98968,205,660,21.68
98968,305,660,21.68
98968,498,660,21.68
87926,305,902,29.68
66210,305,2425,79.68
85238,203,2791,91.68
85238,304,1115,36.68
85238,428,2821,92.68
57733,306,629,20.68
57733,1701,2729,89.68
57733,1703,3916,128.68
57733,1801,1025,33.68
103288,305,841,27.68
103288,801,721,23.68
103288,914,721,23.68
103288,1312,2821,92.68
103288,1619,4586,150.68
62275,1609,5986,196.68
43276,915,3671,120.68
43276,916,3671,120.68
79454,304,1115,36.68
79454,411,4160,136.68
79454,423,3551,116.68
79454,428,1025,33.68
5007,1605,872,28.68
26164,304,1786,58.68
26164,305,1786,58.68
26164,1113,1786,58.68
26164,1812,4252,139.68
26164,1817,2241,73.68
26164,1898,2607,85.68
24372,1118,1299,42.68
24372,1701,2972,97.68
88546,102,1330,43.68
88546,108,933,30.68
88546,498,5073,166.68
88546,1113,2425,79.68
88546,1617,5073,166.68
89640,1101,3306,108.68
89640,306,1633,53.68
89640,405,3217,105.68
89640,410,3217,105.68
89640,426,3217,105.68
89640,1605,1756,57.68
17072,102,933,30.68
17072,202,2394,78.68
17072,304,1086,35.68
17072,305,1086,35.68
17072,313,2547,83.68
17072,709,2029,66.68
17072,1112,1480,48.68
17072,1113,1480,48.68
17072,1619,2607,85.68
83223,1117,2425,79.68
83223,1605,2425,79.68
92480,1813,1633,53.68
82873,406,1177,38.68
82873,410,1177,38.68
82873,412,902,29.68
82873,414,1177,38.68
82873,708,1177,38.68
82873,1118,1299,42.68
82873,1312,4647,152.68
82873,1616,1177,38.68
31814,107,5894,193.68
31814,205,1146,37.68
31814,305,3551,116.68
31814,426,5682,186.68
31814,712,5682,186.68
26067,1605,2913,95.68
95127,201,1025,33.68
95127,298,1055,34.68
76466,305,2547,83.68
76466,306,1421,46.68
76466,426,2455,80.68
76466,428,1115,36.68
76466,504,1299,42.68
76466,1215,2210,72.68
76665,504,1115,36.68
76665,1619,1268,41.68
24884,1112,994,32.68
24884,1312,2425,79.68
24884,1616,3003,98.68
24884,1617,3003,98.68
24884,1811,964,31.68
24884,1812,2455,80.68
24884,1817,2425,79.68
24884,1998,2913,95.68
95912,1616,1146,37.68
44900,205,1845,60.68
44900,304,2972,97.68
44900,305,2972,97.68
44900,306,2972,97.68
44900,1113,3247,106.68
44900,1601,5255,172.68
44900,1701,4555,149.68
44900,1803,1511,49.68
26656,1312,933,30.68
95223,198,811,26.68
95223,1898,841,27.68
41747,504,1025,33.68
41747,809,1025,33.68
41747,1305,964,31.68
89610,305,2455,80.68
34554,304,1756,57.68
34554,305,1756,57.68
34554,426,4647,152.68
34554,1113,2121,69.68
34554,1622,5651,185.68
77300,107,6200,203.68
77300,305,1360,44.68
77300,307,1391,45.68
77300,428,1177,38.68
77300,1113,1391,45.68
77300,1701,5132,168.68
77300,1898,2547,83.68
2727,1617,1299,42.68
2727,1619,1360,44.68
2727,1627,1360,44.68
85320,1817,1695,55.68
15407,304,1025,33.68
15407,305,1025,33.68
15407,307,1025,33.68
15407,610,1876,61.68
15407,1817,1299,42.68
12311,202,994,32.68
12311,407,994,32.68
12311,1630,1845,60.68
12311,1634,1845,60.68
72711,406,1633,53.68
72711,1312,1238,40.68
88963,304,841,27.68
88963,305,1207,39.68
87692,1105,1756,57.68
87692,1601,1876,61.68
87692,1637,1360,44.68
87692,1898,1756,57.68
27692,307,1511,49.68
4068,1709,3247,106.68
55648,1198,994,32.68
95059,306,3125,102.68
95059,1627,2394,78.68
102667,426,4678,153.68
102667,1205,537,17.68
102667,1627,1421,46.68
102667,1801,2791,91.68
13231,304,3643,119.68
13231,307,3612,118.68
13231,1709,3612,118.68
13231,1801,4647,152.68
74482,1617,3429,112.68
72618,305,1695,55.68
72618,311,1695,55.68
72618,1698,1695,55.68
95314,304,780,25.68
9134,916,1025,33.68
9134,998,964,31.68
9134,1105,1115,36.68
69285,1898,3947,129.68
98284,304,1452,47.68
98284,426,1633,53.68
98284,915,872,28.68
98284,916,1452,47.68
98284,1112,872,28.68
35280,305,1268,41.68
35280,313,4374,143.68
81014,301,2333,76.68
81014,302,2333,76.68
81014,107,1998,65.68
81014,202,994,32.68
81014,208,1998,65.68
81014,412,2121,69.68
81014,423,902,29.68
81014,1298,994,32.68
81014,1801,1421,46.68
60177,608,2302,75.68
60177,1211,2302,75.68
60177,1601,1055,34.68
27620,306,2821,92.68
97145,1105,1421,46.68
97145,1305,811,26.68
93362,1804,2607,85.68
93362,1810,2607,85.68
58243,410,1633,53.68
58243,1637,2394,78.68
74109,708,1330,43.68
74109,1617,1268,41.68
74109,1627,1299,42.68
95479,1310,1756,57.68
93237,304,964,31.68
93237,708,2302,75.68
93237,1640,2302,75.68
93237,1801,902,29.68
24077,406,4402,144.68
24077,1701,964,31.68
41203,712,1725,56.68
41203,1017,1786,58.68
41203,1198,1452,47.68
41203,1605,1756,57.68
41203,1698,1572,51.68
41203,1898,1572,51.68
46314,101,1421,46.68
46314,109,1452,47.68
46314,304,964,31.68
46314,305,964,31.68
46314,412,1421,46.68
72458,304,2821,92.68
72458,1113,1725,56.68
72458,1805,2852,93.68
8044,406,1299,42.68
8044,510,1115,36.68
8044,608,1146,37.68
26617,1017,964,31.68
52699,504,2363,77.68
52699,304,2821,92.68
52699,305,2576,84.68
52699,307,2821,92.68
52699,410,2363,77.68
52699,411,2363,77.68
52699,427,1086,35.68
52699,512,1480,48.68
52699,605,1086,35.68
15816,1817,1299,42.68
15939,1812,1330,43.68
15939,1817,1238,40.68
46734,426,1025,33.68
71777,202,1115,36.68
71777,405,1146,37.68
71777,713,1238,40.68
71777,1617,1542,50.68
71777,1622,1572,51.68
53270,304,780,25.68
53270,708,599,19.68
53270,1617,660,21.68
49065,198,1025,33.68
49065,304,1055,34.68
49065,305,2486,81.68
49065,306,2486,81.68
49065,428,1055,34.68
49065,1617,4890,160.68
49065,1701,3368,110.68
49065,1798,933,30.68
49065,1801,3916,128.68
51887,201,1633,53.68
51887,205,1633,53.68
51887,432,964,31.68
51887,708,4099,134.68
51887,709,4494,147.68
51887,712,3643,119.68
51887,915,4374,143.68
51887,916,4464,146.68
51887,1605,3094,101.68
51887,1701,2333,76.68
51887,1798,2486,81.68
51887,1801,4402,144.68
51887,1810,3947,129.68
51887,1813,2852,93.68
28065,109,1603,52.68
28065,1113,1937,63.68
28065,1619,1937,63.68
73178,412,1238,40.68
73178,426,2090,68.68
73178,1118,1268,41.68
2855,1117,2060,67.68
6214,914,2090,68.68
6214,916,1146,37.68
53866,304,2576,84.68
53866,1617,1115,36.68
6866,101,994,32.68
6866,102,1146,37.68
6866,202,5529,181.68
6866,304,1238,40.68
6866,1105,5529,181.68
6866,1307,1299,42.68
6866,1803,5043,165.68
14340,1705,2699,88.68
81479,1110,1998,65.68
57697,198,3398,111.68
57697,504,3064,100.68
57697,198,3398,111.68
57697,304,2913,95.68
57697,307,2913,95.68
57697,504,3064,100.68
57697,809,1421,46.68
57697,1117,3064,100.68
57697,1701,1115,36.68
57697,1704,933,30.68
85201,202,1025,33.68
67621,1817,4282,140.68
99112,598,2852,93.68
99112,311,2729,89.68
99112,598,2852,93.68
50186,714,1086,35.68
50186,1105,1086,35.68
77475,410,1268,41.68
6843,313,2121,69.68
59182,202,1360,44.68
59182,1815,2060,67.68
49795,1617,2272,74.68
81748,1801,537,17.68
81748,1803,994,32.68
81748,1809,964,31.68
81748,1811,994,32.68
81748,1812,1115,36.68
81748,1813,1115,36.68
81748,1817,1025,33.68
81748,1898,507,16.68
87481,102,1330,43.68
87481,205,1330,43.68
87481,305,1115,36.68
87481,428,1330,43.68
87481,504,2241,73.68
87481,809,1238,40.68
87481,1106,1330,43.68
87481,1110,1330,43.68
87481,1113,1330,43.68
87481,1407,1299,42.68
6729,1105,3094,101.68
6729,1304,3125,102.68
41143,304,2029,66.68
41143,306,1695,55.68
82139,1634,1695,55.68
24993,304,2486,81.68
24993,1801,2486,81.68
19738,108,1511,49.68
19738,306,1146,37.68
19738,705,1664,54.68
19738,712,1725,56.68
19738,916,933,30.68
19738,1615,933,30.68
19738,1617,1786,58.68
19738,1634,1876,61.68
19738,1698,1786,58.68
19738,1812,2241,73.68
19738,1898,1055,34.68
3590,102,1146,37.68
3590,304,3186,104.68
3590,305,3186,104.68
3590,307,3186,104.68
3590,412,5073,166.68
3590,504,902,29.68
3590,511,902,29.68
60335,1098,2121,69.68
60335,709,1937,63.68
60335,1619,1603,52.68
60335,1898,2060,67.68
37869,202,902,29.68
37869,404,2852,93.68
37869,406,1330,43.68
37869,426,1998,65.68
37869,1113,964,31.68
37869,1310,2852,93.68
37869,1813,1330,43.68
88314,209,1360,44.68
84667,306,1330,43.68
22453,412,1299,42.68
22453,1616,1876,61.68
87308,432,1055,34.68
87308,709,933,30.68
64083,1708,2182,71.68
70928,304,2060,67.68
70928,306,2486,81.68
70928,1801,3855,126.68
70928,1898,1786,58.68
81180,1801,2791,91.68
81180,1816,2333,76.68
29480,306,1055,34.68
29480,426,1845,60.68
29480,498,2516,82.68
29480,1802,690,22.68
40443,1111,1603,52.68
40443,1616,3459,113.68
8347,504,6777,222.68
8347,101,2182,71.68
8347,102,3186,104.68
8347,103,2151,70.68
8347,304,3278,107.68
8347,305,3278,107.68
8347,307,3247,106.68
8347,404,1025,33.68
8347,605,1025,33.68
8347,1113,3094,101.68
8347,1205,1025,33.68
95955,1801,780,25.68
77138,304,1572,51.68
77138,428,1511,49.68
77138,705,1115,36.68
77138,710,1115,36.68
77138,1617,2182,71.68
4601,313,1268,41.68
77880,1701,2060,67.68
77880,1704,2425,79.68
77880,1798,964,31.68
53933,1198,2547,83.68
87841,1110,1756,57.68
86927,305,2486,81.68
86927,713,2760,90.68
76720,305,1268,41.68
96457,423,690,22.68
96457,712,537,17.68
96457,1619,721,23.68
70581,1113,1511,49.68
93168,1801,3278,107.68
51198,305,1299,42.68
51198,1801,1725,56.68
15854,1110,1480,48.68
83374,304,933,30.68
83374,305,933,30.68
83374,313,4767,156.68
83374,504,1115,36.68
83374,1215,3763,123.68
100580,104,1480,48.68
100580,1802,1360,44.68
100580,1810,2090,68.68
70508,202,964,31.68
70508,705,1360,44.68
70508,1798,1115,36.68
13620,406,2760,90.68
13620,603,1998,65.68
75385,1616,1452,47.68
97771,1101,4586,150.68
97771,304,2852,93.68
97771,305,2852,93.68
97771,412,4678,153.68
97771,1113,2852,93.68
97771,1605,4586,150.68
97771,1701,3521,115.68
97771,1703,3521,115.68
6697,406,1268,41.68
6697,412,1055,34.68
6697,712,1299,42.68
6697,1817,1452,47.68
50760,414,994,32.68
50760,426,1360,44.68
50760,713,1268,41.68
50760,1805,1391,45.68
51103,109,872,28.68
51103,607,3643,119.68
51103,712,933,30.68
51103,1801,2425,79.68
59364,905,3855,126.68
59364,307,933,30.68
59364,905,3855,126.68
24311,1801,4494,147.68
76959,202,1146,37.68
76959,412,1360,44.68
76959,712,1360,44.68
84157,915,1238,40.68
98881,406,629,20.68
91354,304,933,30.68
91354,305,933,30.68
25568,205,1086,35.68
25568,1113,1268,41.68
53824,1617,2302,75.68
53824,1801,1299,42.68
93009,1617,780,25.68
83557,1105,4099,134.68
83557,1801,4343,142.68
77688,304,2913,95.68
77688,398,2913,95.68
88788,713,1146,37.68
88788,1817,994,32.68
88788,1898,1146,37.68
46897,202,1055,34.68
46897,304,1146,37.68
46897,428,1511,49.68
46897,715,1207,39.68
98597,915,2394,78.68
98597,1619,2394,78.68
91002,113,1421,46.68
91002,310,1786,58.68
52383,305,964,31.68
52383,306,964,31.68
52383,412,3490,114.68
52383,426,2729,89.68
103219,1113,1360,44.68
95366,1001,3306,108.68
73525,405,3217,105.68
73525,809,1268,41.68
96447,705,2455,80.68
96447,1198,2455,80.68
96447,1809,3337,109.68
96447,1898,3337,109.68
11206,916,1968,64.68
11206,1601,1542,50.68
11206,1627,1146,37.68
11206,1801,1086,35.68
91127,1898,1146,37.68
45177,305,5469,179.68
45177,398,5469,179.68
45177,1617,4313,141.68
45177,1898,5073,166.68
80007,705,933,30.68
80007,915,2972,97.68
80007,1817,2060,67.68
59705,304,1268,41.68
59705,305,1268,41.68
59705,306,1268,41.68
12490,112,1299,42.68
12490,1113,1299,42.68
12490,1117,1299,42.68
95167,424,721,23.68
95581,311,964,31.68
95581,404,721,23.68
95581,412,721,23.68
95581,423,721,23.68
95581,713,780,25.68
95581,1703,721,23.68
82516,1614,933,30.68
99602,201,964,31.68
99602,498,2972,97.68
99602,504,1664,54.68
99602,598,1664,54.68
99602,605,1664,54.68
99602,998,2272,74.68
99602,1198,4920,161.68
58831,202,1572,51.68
78559,304,2913,95.68
78559,305,2913,95.68
78559,604,964,31.68
78559,605,1086,35.68
78559,705,1786,58.68
83785,108,3368,110.68
83785,504,1086,35.68
92132,1703,3247,106.68
92132,1803,1360,44.68
92132,1812,1542,50.68
89568,705,994,32.68
89568,1619,1998,65.68
92314,304,841,27.68
48310,305,964,31.68
48310,1198,3003,98.68
61102,423,3977,130.68
61102,426,3977,130.68
61102,713,2699,88.68
22541,414,2486,81.68
72679,998,1572,51.68
72679,914,1572,51.68
16217,512,1055,34.68
16217,1113,1055,34.68
16217,1616,4433,145.68
8164,304,1025,33.68
8164,305,1025,33.68
8164,798,1817,59.68
21034,1709,1360,44.68
67625,108,2821,92.68
83435,423,994,32.68
69408,305,1268,41.68
69408,307,1268,41.68
69408,313,1268,41.68
69408,1312,1086,35.68
91542,120,1238,40.68
91542,202,964,31.68
91542,304,902,29.68
91542,1616,872,28.68
91542,1634,872,28.68
80922,304,994,32.68
80922,305,2791,91.68
80922,306,2791,91.68
80922,708,994,32.68
80922,1605,2760,90.68
80922,1612,1360,44.68
80922,1617,2729,89.68
80922,1701,2363,77.68
80922,1704,3156,103.68
80922,1709,2121,69.68
51595,1215,2791,91.68
43996,1601,2729,89.68
53657,305,1238,40.68
43999,1701,1177,38.68
79628,408,1025,33.68
82038,202,1055,34.68
82038,304,1055,34.68
82038,305,964,31.68
82038,404,1299,42.68
82038,407,1299,42.68
82038,705,1055,34.68
82038,1008,964,31.68
82038,1112,933,30.68
7588,1703,933,30.68
46693,915,1177,38.68
46693,1705,994,32.68
69287,305,1391,45.68
69287,306,1391,45.68
69287,432,2060,67.68
69287,1605,1725,56.68
69287,1630,3003,98.68
37967,1810,1756,57.68
33340,1616,1817,59.68
33340,1698,1786,58.68
98741,1627,2394,78.68
95374,201,3398,111.68
95374,202,690,22.68
95374,1105,1817,59.68
95374,1817,1360,44.68
90258,108,841,27.68
90258,304,1238,40.68
92862,202,933,30.68
79299,425,1937,63.68
79299,498,1937,63.68
79299,916,1817,59.68
79299,1703,1756,57.68
79299,1801,1817,59.68
79299,1817,1177,38.68
103356,102,811,26.68
103356,708,902,29.68
103356,915,1876,61.68
103356,1105,2425,79.68
103356,1305,780,25.68
2117,202,3186,104.68
2117,412,2913,95.68
2117,1701,2272,74.68
29779,202,1146,37.68
29779,1622,1268,41.68
29779,1898,1299,42.68
93345,1619,964,31.68
51104,116,4433,145.68
51104,202,964,31.68
51104,205,1876,61.68
51104,304,964,31.68
51104,305,4798,157.68
51104,306,4798,157.68
51104,423,6259,205.68
51104,426,6259,205.68
51104,498,3582,117.68
51104,698,5163,169.68
51104,911,964,31.68
51104,1112,1511,49.68
51104,1113,1511,49.68
51104,1215,2241,73.68
51104,1216,964,31.68
51104,1616,6473,212.68
51104,1630,6473,212.68
51104,1701,2607,85.68
51104,1703,5894,193.68
51104,1704,2241,73.68
51104,1801,2302,75.68
87113,306,1511,49.68
87113,307,1511,49.68
87113,310,1876,61.68
4084,304,2241,73.68
4084,504,3094,101.68
4084,1312,2241,73.68
51283,108,902,29.68
51283,202,872,28.68
51283,405,902,29.68
51283,708,872,28.68
51283,709,872,28.68
51283,713,872,28.68
15009,102,2210,72.68
15009,305,1360,44.68
15009,1118,2210,72.68
70957,203,1695,55.68
29640,102,3916,128.68
29640,304,994,32.68
29640,305,994,32.68
29640,504,3916,128.68
29640,1703,1603,52.68
103334,304,749,24.68
103334,406,994,32.68
103334,423,994,32.68
103334,426,994,32.68
103334,1701,811,26.68
41914,304,933,30.68
41914,306,1360,44.68
41914,705,1511,49.68
41914,709,3643,119.68
41914,916,1299,42.68
41914,1619,3886,127.68
72379,1210,3186,104.68
72379,1627,2363,77.68
94486,1215,2729,89.68
94486,1801,1907,62.68
94564,415,1845,60.68
94564,1634,1845,60.68
94564,1637,1025,33.68
55298,101,1572,51.68
55298,119,1572,51.68
55298,1604,1572,51.68
17667,108,1055,34.68
17667,1617,1511,49.68
17667,1698,1146,37.68
68868,1617,1480,48.68
88304,426,994,32.68
88304,713,1421,46.68
88304,1617,1756,57.68
41579,405,1695,55.68
57288,198,2302,75.68
35724,104,994,32.68
35724,202,4647,152.68
35724,304,1207,39.68
35724,305,1207,39.68
35724,306,1207,39.68
35724,307,1207,39.68
35724,612,994,32.68
35724,706,1725,56.68
35724,1117,1725,56.68
35724,1802,3916,128.68
35724,1898,933,30.68
53954,305,2151,70.68
53954,411,1664,54.68
53954,1105,1845,60.68
53954,1617,2151,70.68
53954,1701,2060,67.68
53954,1812,1845,60.68
46644,304,1299,42.68
46644,305,1299,42.68
46644,1703,5194,170.68
79823,1198,2151,70.68
79823,305,1695,55.68
79823,1117,2151,70.68
20047,114,5774,189.68
20047,116,4586,150.68
20047,205,1360,44.68
20047,304,5073,166.68
20047,306,5285,173.68
20047,610,1603,52.68
20047,705,4647,152.68
20047,1617,5713,187.68
20047,1817,4617,151.68
20047,1898,5285,173.68
97037,102,2090,68.68
97037,514,1025,33.68
97037,1105,749,24.68
97037,1111,749,24.68
97037,1210,749,24.68
97037,1803,749,24.68
12796,103,1542,50.68
12796,117,3156,103.68
12796,120,3156,103.68
12796,202,5408,177.68
12796,414,1845,60.68
12796,423,3125,102.68
12796,426,3490,114.68
12796,1113,933,30.68
12796,1407,933,30.68
12796,1817,964,31.68
81288,412,1452,47.68
81288,708,1664,54.68
7085,410,1695,55.68
7085,1817,2607,85.68
17418,910,2455,80.68
17418,914,2425,79.68
103087,306,507,16.68
103087,311,507,16.68
103087,915,537,17.68
103087,1015,629,20.68
103087,1798,537,17.68
19424,1598,3094,101.68
19424,202,3702,121.68
19424,428,1603,52.68
19424,1817,3337,109.68
100384,1118,1876,61.68
100384,1605,4374,143.68
100384,1617,4374,143.68
100384,1801,4374,143.68
57363,705,1633,53.68
57363,1637,1695,55.68
57363,1701,1115,36.68
57363,1705,994,32.68
86731,1622,2090,68.68
86731,1640,2090,68.68
47866,205,994,32.68
47866,415,994,32.68
47866,428,994,32.68
47866,612,994,32.68
47866,1110,5224,171.68
47866,1798,4617,151.68
66383,305,1572,51.68
66383,1113,1695,55.68
91297,202,994,32.68
91297,427,872,28.68
91297,1998,872,28.68
102228,1215,994,32.68
85124,411,1725,56.68
85124,428,1055,34.68
85124,1205,1055,34.68
85124,1215,1452,47.68
99914,1110,3064,100.68
99914,1801,721,23.68
96702,304,749,24.68
96702,305,1633,53.68
96702,606,1633,53.68
752,198,1664,54.68
752,504,3459,113.68
752,809,1998,65.68
752,1630,4282,140.68
45738,304,2516,82.68
45738,305,2516,82.68
45738,411,2852,93.68
45738,412,3671,120.68
45738,426,3671,120.68
45738,809,1480,48.68
45738,898,1480,48.68
45738,998,872,28.68
45738,1414,1480,48.68
93259,306,1360,44.68
93259,911,749,24.68
93259,1617,1207,39.68
86915,915,1177,38.68
86915,1209,2486,81.68
86915,1809,2486,81.68
423,1106,1207,39.68
22868,304,902,29.68
22868,305,1360,44.68
22868,307,902,29.68
22868,310,902,29.68
22868,714,1391,45.68
22868,1105,902,29.68
22868,1112,1025,33.68
22868,1113,902,29.68
22868,1119,1633,53.68
22868,1605,3490,114.68
22868,1616,3490,114.68
49639,304,1207,39.68
49639,998,1330,43.68
49639,1113,1542,50.68
78974,708,1025,33.68
78974,1801,1055,34.68
78974,1812,1360,44.68
17405,1198,6473,212.68
17405,306,5682,186.68
17405,498,6534,214.68
17405,809,1725,56.68
53283,205,2121,69.68
53283,305,1146,37.68
53283,415,994,32.68
53283,1113,1055,34.68
53283,1617,1238,40.68
100400,202,660,21.68
100400,708,629,20.68
100400,1309,1360,44.68
100400,1609,2791,91.68
100400,1698,629,20.68
61777,202,994,32.68
61777,1622,2607,85.68
90729,306,902,29.68
90729,1619,902,29.68
41039,426,1146,37.68
41039,915,1268,41.68
41039,1622,1268,41.68
83450,712,3368,110.68
83450,798,3733,122.68
83450,1113,964,31.68
83450,1117,3033,99.68
83450,1701,2941,96.68
83450,1703,2941,96.68
40715,307,1360,44.68
40715,411,2882,94.68
40715,426,872,28.68
40715,610,2821,92.68
40715,1605,2882,94.68
40715,1623,2882,94.68
40715,1637,2882,94.68
64854,305,1391,45.68
64854,1119,3125,102.68
99925,201,1391,45.68
99925,712,6443,211.68
99925,909,811,26.68
99925,1113,1664,54.68
99925,1622,6473,212.68
99925,1801,1542,50.68
45504,798,1480,48.68
57577,1106,964,31.68
57577,1111,964,31.68
57577,1113,964,31.68
57577,1298,2972,97.68
103201,404,780,25.68
103201,713,599,19.68
103201,1812,629,20.68
27096,1813,5073,166.68
2990,108,3429,112.68
2990,202,964,31.68
2990,304,964,31.68
2990,306,964,31.68
2990,398,964,31.68
2990,426,964,31.68
2990,1605,2302,75.68
2990,1701,2760,90.68
2990,1817,1907,62.68
96471,1817,780,25.68
80197,304,4068,133.68
80197,305,2241,73.68
80197,306,2241,73.68
80197,1113,1572,51.68
95288,712,2821,92.68
95288,914,1391,45.68
95288,1617,3064,100.68
39245,423,2852,93.68
63124,1801,3916,128.68
51359,202,1330,43.68
51359,298,1330,43.68
51359,304,1330,43.68
51359,398,1330,43.68
51359,423,1330,43.68
51359,426,1330,43.68
55563,306,1542,50.68
55563,708,1421,46.68
55563,709,1421,46.68
55563,712,3306,108.68
55563,1816,3337,109.68
18758,428,4798,157.68
18758,429,4798,157.68
18758,1113,2972,97.68
18758,1605,4678,153.68
18758,1617,1786,58.68
18758,1798,5377,176.68
18758,1817,933,30.68
54912,304,1055,34.68
54912,1215,3278,107.68
68659,313,1817,59.68
68659,1630,1756,57.68
87331,104,2394,78.68
87331,298,2394,78.68
87331,304,1391,45.68
87331,414,1360,44.68
87331,714,3947,129.68
87331,1119,1725,56.68
87331,1407,841,27.68
87331,1601,5012,164.68
34732,305,994,32.68
34732,411,1360,44.68
34732,426,1725,56.68
34732,1798,1177,38.68
35336,698,1845,60.68
35336,298,1845,60.68
35336,304,1845,60.68
35336,305,1845,60.68
35336,605,1845,60.68
43948,102,1725,56.68
43948,916,964,31.68
43948,1113,2821,92.68
82730,108,841,27.68
82730,1312,1480,48.68
82730,1813,933,30.68
87436,109,1421,46.68
87436,304,749,24.68
87436,798,1421,46.68
51660,307,902,29.68
81812,1801,1055,34.68
48279,306,1725,56.68
48279,1112,994,32.68
48279,1798,1603,52.68
103624,809,1268,41.68
103624,1105,1876,61.68
103624,1617,2791,91.68
103624,1635,1876,61.68
103624,1898,1876,61.68
19539,1006,1511,49.68
19539,1008,1025,33.68
19539,1014,1299,42.68
19539,1407,1086,35.68
72080,205,1876,61.68
72080,305,1511,49.68
50409,423,872,28.68
50409,1617,1268,41.68
57862,428,1055,34.68
57862,1216,1055,34.68
57961,310,1845,60.68
57961,1617,1391,45.68
57961,1637,1725,56.68
77214,804,2060,67.68
77214,1617,2241,73.68
77214,1698,2302,75.68
77214,1701,2182,71.68
48857,304,1360,44.68
48857,305,1360,44.68
48857,412,2972,97.68
48857,426,2972,97.68
74052,304,1299,42.68
89702,1198,3794,124.68
5933,426,841,27.68
70672,298,1086,35.68
43695,202,1146,37.68
43695,305,2607,85.68
43695,306,2607,85.68
43695,415,1876,61.68
43695,426,1876,61.68
57792,1204,994,32.68
95401,1616,721,23.68
95401,1634,721,23.68
57839,406,933,30.68
57839,916,1207,39.68
54936,305,5651,185.68
54936,406,902,29.68
88087,304,872,28.68
88087,423,872,28.68
88087,428,1238,40.68
88087,705,1603,52.68
88087,1112,1633,53.68
98612,916,690,22.68
98612,1617,749,24.68
98612,1898,690,22.68
55455,202,1086,35.68
101916,426,690,22.68
101916,1617,780,25.68
44928,108,3156,103.68
44928,305,2302,75.68
44928,430,3247,106.68
44928,1617,3643,119.68
44928,1636,1146,37.68
44928,1817,3278,107.68
97445,915,1025,33.68
5457,304,1664,54.68
5457,306,2668,87.68
5457,428,1025,33.68
5457,1113,1025,33.68
89560,798,1756,57.68
8079,1598,2699,88.68
8079,206,1207,39.68
8079,406,3186,104.68
8079,1113,2699,88.68
76412,304,1998,65.68
76412,1113,1238,40.68
47724,1637,1572,51.68
86442,423,2455,80.68
86442,1813,2272,74.68
88118,406,902,29.68
70602,104,933,30.68
70602,304,1876,61.68
70602,916,1360,44.68
70602,1622,1876,61.68
70602,1998,933,30.68
88404,406,1207,39.68
88404,1106,2882,94.68
88404,1110,2241,73.68
88404,1113,2241,73.68
76677,426,1086,35.68
76677,804,2638,86.68
76677,1116,2821,92.68
76677,1614,1817,59.68
39359,1817,2151,70.68
61167,203,4890,160.68
61167,1705,994,32.68
61167,1804,1845,60.68
3034,116,1633,53.68
3034,304,2121,69.68
3034,705,3217,105.68
3034,809,4343,142.68
3034,1111,3671,120.68
3034,1210,3671,120.68
3034,1633,3247,106.68
98930,1001,1603,52.68
98930,424,1238,40.68
74962,112,1572,51.68
74962,915,1086,35.68
74962,1110,1664,54.68
86662,798,1817,59.68
86662,916,1452,47.68
47411,304,964,31.68
102511,104,964,31.68
102511,305,1756,57.68
102511,504,964,31.68
102511,1305,902,29.68
81231,304,1055,34.68
81231,306,1725,56.68
81231,404,2607,85.68
81231,504,1511,49.68
81231,1013,4008,131.68
68804,313,1572,51.68
68804,1619,1207,39.68
68804,1898,1572,51.68
61005,1601,933,30.68
99102,707,2210,72.68
17708,1708,2547,83.68
57210,108,1664,54.68
57210,202,964,31.68
57210,1112,841,27.68
57210,1622,1633,53.68
47983,504,2425,79.68
2078,426,2060,67.68
2078,1011,1238,40.68
2078,1209,1480,48.68
2078,1215,2821,92.68
2078,1616,3702,121.68
2078,1817,1086,35.68
32601,305,2638,86.68
32601,306,2638,86.68
32601,307,2638,86.68
32601,698,2029,66.68
32601,1110,1786,58.68
32601,1113,1786,58.68
32601,1119,1452,47.68
32601,1898,2182,71.68
99687,910,2668,87.68
96299,1110,1664,54.68
15488,426,2852,93.68
15488,1106,2151,70.68
87794,304,1207,39.68
87794,405,902,29.68
87794,1609,2060,67.68
82224,405,1025,33.68
82224,426,1025,33.68
50347,704,2090,68.68
50347,306,1330,43.68
50347,498,1542,50.68
50347,1617,1937,63.68
80536,410,1238,40.68
80536,414,1177,38.68
93293,1810,4037,132.68
65613,102,1633,53.68
65613,305,2151,70.68
65613,707,1695,55.68
65613,803,1786,58.68
65613,1801,4160,136.68
60817,305,1603,52.68
60817,306,1603,52.68
60817,1708,1146,37.68
60817,1809,1603,52.68
60817,1810,1603,52.68
51471,712,6565,215.68
51471,1105,4647,152.68
51471,1110,3855,126.68
51471,1113,3125,102.68
51471,1622,1268,41.68
51471,1634,1268,41.68
51471,1801,1725,56.68
51471,1817,3186,104.68
9295,704,5194,170.68
9295,102,1146,37.68
9295,305,1115,36.68
9295,410,933,30.68
9295,1113,1207,39.68
43403,306,2272,74.68
43403,404,1299,42.68
43403,915,2241,73.68
82776,206,872,28.68
82776,305,1177,38.68
82776,412,1664,54.68
82776,712,1664,54.68
41230,605,2852,93.68
41230,698,902,29.68
41230,1111,1572,51.68
65780,305,1360,44.68
65780,398,1360,44.68
50971,304,1452,47.68
50971,305,1452,47.68
47361,414,3094,101.68
47361,1105,3582,117.68
47361,1113,1360,44.68
47361,1617,3855,126.68
47361,1812,3521,115.68
52453,1813,2760,90.68
52453,1905,1025,33.68
85677,203,1937,63.68
85677,305,872,28.68
85677,313,2090,68.68
85677,1704,872,28.68
101116,306,933,30.68
101116,1816,1511,49.68
101116,1904,2486,81.68
85759,198,2576,84.68
85759,403,1542,50.68
85759,406,1572,51.68
85759,916,1572,51.68
85759,1609,2547,83.68
51407,108,1115,36.68
51407,411,4313,141.68
51407,426,4890,160.68
51407,428,1725,56.68
51407,432,1998,65.68
51407,714,3186,104.68
51407,1105,1025,33.68
51407,1614,1998,65.68
51407,1627,1998,65.68
51407,1634,4951,162.68
61522,304,1207,39.68
61522,426,1998,65.68
61522,713,1907,62.68
61522,1622,1998,65.68
61522,1701,1907,62.68
61522,1703,1207,39.68
63201,411,1299,42.68
63201,713,1055,34.68
65117,410,3064,100.68
65117,1312,902,29.68
65117,1801,2760,90.68
26297,102,1542,50.68
26297,504,1572,51.68
26297,898,841,27.68
26551,107,3186,104.68
26551,202,3702,121.68
25257,102,1511,49.68
25257,898,1511,49.68
31130,412,4160,136.68
31130,426,4160,136.68
31130,604,4008,131.68
31130,610,4374,143.68
31130,712,4252,139.68
31130,719,4190,137.68
31130,1111,2302,75.68
55178,102,1725,56.68
55178,305,1695,55.68
55178,1701,4617,151.68
55178,1814,5804,190.68
83120,504,2607,85.68
83120,602,1876,61.68
83120,102,3671,120.68
83120,304,3247,106.68
83120,305,2090,68.68
83120,504,1845,60.68
83120,510,1845,60.68
83120,602,1845,60.68
83120,605,1845,60.68
83120,1118,2182,71.68
83120,1701,3702,121.68
50189,305,2363,77.68
50189,306,2363,77.68
50189,1802,2972,97.68
101937,109,1238,40.68
101937,305,964,31.68
101937,306,964,31.68
101937,608,964,31.68
101937,908,537,17.68
101937,1012,1268,41.68
101937,1110,2455,80.68
101937,1211,964,31.68
101937,1214,964,31.68
101937,1607,841,27.68
40466,201,1572,51.68
40466,298,1572,51.68
40466,426,1238,40.68
34752,307,964,31.68
34752,1616,1391,45.68
34752,1812,3156,103.68
34752,1817,964,31.68
74666,110,2029,66.68
74666,311,2029,66.68
77944,305,933,30.68
77944,1310,994,32.68
42526,423,2516,82.68
3768,118,1817,59.68
3768,1105,1876,61.68
3768,1801,5043,165.68
67764,102,1756,57.68
67764,306,2913,95.68
67764,426,4313,141.68
67764,714,2425,79.68
67764,1105,2394,78.68
67764,1113,2486,81.68
67764,1601,2090,68.68
67764,1617,2882,94.68
67764,1627,1664,54.68
67764,1813,2699,88.68
87416,1113,933,30.68
86056,109,2210,72.68
86056,112,2210,72.68
86056,424,2090,68.68
86056,915,1756,57.68
20408,405,1086,35.68
20408,411,4282,140.68
14984,424,2729,89.68
14984,1622,1146,37.68
14984,1801,1817,59.68
72764,398,1177,38.68
72764,398,1511,49.68
72764,1703,1146,37.68
72764,1813,964,31.68
40064,1801,3612,118.68
40064,1817,2060,67.68
40467,411,2060,67.68
59067,202,1268,41.68
59067,304,1572,51.68
59067,906,2821,92.68
59067,1815,2821,92.68
88251,307,2333,76.68
88251,712,1025,33.68
88251,1798,3612,118.68
88251,1817,1207,39.68
88251,1898,811,26.68
77030,202,994,32.68
77030,713,2029,66.68
77030,798,8512,279.68
77030,1601,8665,284.68
77030,1812,9000,295.68
63213,712,2791,91.68
58864,1637,3490,114.68
58864,1817,1664,54.68
58864,1898,2241,73.68
24245,102,1086,35.68
24245,108,1268,41.68
24245,304,2241,73.68
24245,411,1268,41.68
24245,414,1238,40.68
24245,423,1086,35.68
24245,705,1238,40.68
24245,1113,1086,35.68
94905,1609,1086,35.68
30638,1801,1177,38.68
82538,304,2852,93.68
82538,305,2852,93.68
82538,426,3886,127.68
82538,998,3490,114.68
82538,1634,4767,156.68
82538,1637,4767,156.68
82538,1640,4767,156.68
88455,1117,994,32.68
88455,1817,1330,43.68
79157,1605,1968,64.68
36240,305,1025,33.68
36240,1709,3916,128.68
36240,1801,2302,75.68
88498,102,1268,41.68
88498,305,2302,75.68
88498,426,2029,66.68
88498,708,2029,66.68
88498,1110,6381,209.68
88498,1113,2363,77.68
88498,1616,1421,46.68
88498,1617,1421,46.68
88498,1817,6320,207.68
36286,1601,902,29.68
36286,1619,902,29.68
36286,1622,994,32.68
36286,1801,1025,33.68
9571,202,3490,114.68
9571,407,3490,114.68
9571,1113,1452,47.68
9571,1612,3490,114.68
88253,103,1725,56.68
88253,304,1664,54.68
88253,305,2760,90.68
88253,412,5621,184.68
88253,432,5682,186.68
88253,712,5621,184.68
88253,998,4555,149.68
88253,1627,5682,186.68
88253,1707,4617,151.68
88253,1708,4617,151.68
88253,1801,4678,153.68
29048,305,1756,57.68
29048,307,1756,57.68
94675,305,1299,42.68
94675,705,507,16.68
67069,1804,1268,41.68
67069,1810,1268,41.68
40415,405,2516,82.68
40415,1006,1360,44.68
40415,1637,1055,34.68
52358,305,1391,45.68
52358,1701,4190,137.68
52358,1802,4829,158.68
86121,115,4221,138.68
86121,201,933,30.68
86121,405,3064,100.68
86121,428,3064,100.68
86121,429,3064,100.68
86121,908,3794,124.68
86121,914,3064,100.68
86121,916,3064,100.68
86121,1626,3794,124.68
73181,410,933,30.68
73181,426,933,30.68
73181,1817,933,30.68
48517,1106,1025,33.68
48517,1113,1025,33.68
48517,1118,1025,33.68
48517,1204,1025,33.68
48517,1205,1025,33.68
48517,1637,1268,41.68
48517,1898,1025,33.68
24265,1627,964,31.68
24265,1801,1664,54.68
92738,120,1452,47.68
92738,914,1480,48.68
92738,1812,1086,35.68
92738,1815,1633,53.68
5524,305,1086,35.68
5524,306,1086,35.68
34899,304,2516,82.68
34899,306,2516,82.68
34899,432,2729,89.68
34899,714,2486,81.68
6859,1598,1360,44.68
6859,1110,1360,44.68
21978,305,2090,68.68
21978,498,1725,56.68
21978,1111,872,28.68
21978,1210,872,28.68
21978,1898,2272,74.68
53118,305,994,32.68
53118,307,994,32.68
53118,398,994,32.68
53118,404,994,32.68
53118,405,994,32.68
53118,412,994,32.68
53118,423,994,32.68
53118,426,994,32.68
77559,306,2363,77.68
77559,406,994,32.68
77559,708,1845,60.68
77559,916,1086,35.68
77559,1617,3217,105.68
77559,1637,2791,91.68
99726,202,629,20.68
99726,426,599,19.68
99726,1812,1330,43.68
72429,107,2791,91.68
72429,305,1055,34.68
72429,916,2638,86.68
72429,1117,2852,93.68
72429,1609,2972,97.68
49817,1817,1025,33.68
58511,713,2760,90.68
102293,798,2913,95.68
102293,1110,2913,95.68
102293,1113,1146,37.68
24878,504,2941,96.68
24878,304,2547,83.68
24878,305,2547,83.68
24878,428,2547,83.68
24878,504,2941,96.68
24878,1117,2547,83.68
40618,102,1511,49.68
40618,1110,4982,163.68
40618,1198,1330,43.68
48378,405,2516,82.68
48378,423,2516,82.68
48378,426,2516,82.68
48378,1801,1115,36.68
49353,305,1360,44.68
49353,1801,1268,41.68
49353,1802,2151,70.68
49353,1804,3886,127.68
30750,1619,1360,44.68
45826,116,1055,34.68
45826,305,2576,84.68
45826,306,2576,84.68
45826,404,2638,86.68
45826,410,2638,86.68
52298,102,1268,41.68
52298,109,994,32.68
52298,198,1055,34.68
52298,202,1937,63.68
52298,398,1968,64.68
52298,426,1452,47.68
52298,898,1055,34.68
52298,1619,4402,144.68
93332,201,994,32.68
93332,202,5163,169.68
93332,305,1542,50.68
93332,306,1542,50.68
93332,1012,1330,43.68
93332,1113,1177,38.68
93332,1215,4617,151.68
94242,202,1421,46.68
94242,708,1146,37.68
94242,803,1055,34.68
94242,1312,1756,57.68
21798,111,1572,51.68
21798,313,1572,51.68
21798,1812,1542,50.68
68916,102,1146,37.68
68916,205,1086,35.68
68916,304,2121,69.68
68916,305,2121,69.68
68916,504,902,29.68
68916,708,2852,93.68
68916,916,3306,108.68
68916,1113,1146,37.68
68916,1640,4374,143.68
65861,915,2455,80.68
65861,1817,1695,55.68
56736,1112,2363,77.68
56736,1617,2455,80.68
103529,412,1633,53.68
103529,498,1330,43.68
103529,708,1268,41.68
103529,1634,1695,55.68
103529,1812,964,31.68
51575,202,1421,46.68
51575,713,2486,81.68
51575,1617,1360,44.68
16971,1801,841,27.68
13841,602,3278,107.68
13841,311,3278,107.68
86892,202,1146,37.68
86892,712,964,31.68
78609,306,1360,44.68
71116,508,1845,60.68
71116,516,1391,45.68
71116,519,1845,60.68
91802,1801,1845,60.68
91814,1605,3278,107.68
16511,204,1452,47.68
16511,915,2394,78.68
16511,1817,2729,89.68
32182,102,1452,47.68
32182,108,1360,44.68
32182,203,1786,58.68
32182,1216,1177,38.68
32182,1605,4617,151.68
32182,1701,4099,134.68
32182,1802,1817,59.68
2896,205,1876,61.68
2896,304,4068,133.68
2896,305,2241,73.68
2896,612,872,28.68
2896,809,872,28.68
2896,1111,2972,97.68
2896,1210,2972,97.68
2896,1898,4798,157.68
79306,305,1876,61.68
79306,307,1876,61.68
79306,504,1146,37.68
79306,512,994,32.68
79306,908,1268,41.68
2198,410,2121,69.68
2198,411,2151,70.68
2198,1617,1786,58.68
3888,1701,1480,48.68
15685,304,1360,44.68
15685,398,3186,104.68
61001,108,2791,91.68
61001,415,1330,43.68
61001,708,2425,79.68
10849,404,1845,60.68
10849,426,1845,60.68
2658,305,994,32.68
2658,306,994,32.68
2658,1804,933,30.68
2658,1898,933,30.68
55839,304,964,31.68
55839,498,3643,119.68
55839,608,964,31.68
55839,915,1633,53.68
55839,1113,1421,46.68
55839,1312,2852,93.68
55839,1617,4037,132.68
55839,1817,994,32.68
55839,1998,3643,119.68
25355,102,994,32.68
25355,202,1086,35.68
25355,1198,902,29.68
25355,1898,902,29.68
77365,209,2455,80.68
77365,1801,964,31.68
77365,1813,3794,124.68
58556,1112,2607,85.68
58556,1801,4647,152.68
51132,305,1480,48.68
73000,203,1360,44.68
73000,798,1268,41.68
73000,1616,1452,47.68
73000,1637,1452,47.68
73000,1701,964,31.68
3183,202,4129,135.68
3183,205,1238,40.68
3183,304,4343,142.68
3183,411,4586,150.68
3183,510,5043,165.68
3183,711,1391,45.68
3183,1113,3612,118.68
3183,1216,2302,75.68
3183,1312,3612,118.68
3183,1605,6200,203.68
3183,1816,6200,203.68
3183,1817,4282,140.68
59721,414,1330,43.68
59721,426,933,30.68
84394,306,2425,79.68
84394,1817,1633,53.68
74818,423,1480,48.68
74818,916,1480,48.68
74818,1703,902,29.68
24835,306,1086,35.68
70105,304,1055,34.68
70105,713,872,28.68
70105,914,902,29.68
70105,1622,1025,33.68
70105,1703,1299,42.68
60392,304,1177,38.68
60392,708,2455,80.68
60392,709,2090,68.68
60392,1617,2394,78.68
49854,198,1115,36.68
59630,1017,1177,38.68
100153,304,1299,42.68
100153,406,2972,97.68
100153,803,1603,52.68
100153,1098,2882,94.68
54831,120,933,30.68
54831,305,2121,69.68
54831,306,2151,70.68
54831,1113,2607,85.68
54831,1119,2607,85.68
54831,1619,2972,97.68
16161,101,1511,49.68
16161,102,2241,73.68
16161,304,1876,61.68
16161,428,2972,97.68
16161,432,2791,91.68
16161,504,2241,73.68
16161,605,1876,61.68
16161,1637,5743,188.68
60756,1616,1055,34.68
85329,202,1664,54.68
85329,405,3643,119.68
85329,423,3643,119.68
85329,426,3643,119.68
98856,1640,660,21.68
29755,412,2516,82.68
29755,1801,2729,89.68
94301,1622,2272,74.68
91621,305,4037,132.68
91621,306,4037,132.68
64521,1605,1421,46.68
64521,1634,1664,54.68
27191,305,1146,37.68
27191,307,1146,37.68
27191,1113,1086,35.68
27191,1212,1086,35.68
27191,1298,1086,35.68
41095,1609,1480,48.68
41095,1617,1542,50.68
88382,498,4068,133.68
88382,1801,1725,56.68
78738,1102,2882,94.68
78738,916,2516,82.68
78738,1113,2882,94.68
78738,1605,1360,44.68
5412,305,1633,53.68
5412,1105,964,31.68
30583,426,2882,94.68
36403,1105,964,31.68
12754,305,1146,37.68
31049,304,1115,36.68
31049,306,1542,50.68
31049,405,1817,59.68
68174,423,1086,35.68
68174,1798,872,28.68
80284,504,2060,67.68
80284,1106,2060,67.68
80284,1108,4647,152.68
80284,1112,4647,152.68
80284,1119,1055,34.68
80284,1801,1786,58.68
18340,608,994,32.68
18340,1627,3551,116.68
18340,1801,1756,57.68
54450,305,1695,55.68
54450,1801,2425,79.68
44675,304,1330,43.68
44675,306,1330,43.68
44675,412,2852,93.68
44675,1601,3551,116.68
88988,1617,933,30.68
88988,1634,994,32.68
90158,428,1725,56.68
90158,708,1725,56.68
77796,116,2972,97.68
77796,428,3337,109.68
77796,608,1511,49.68
77796,705,1055,34.68
77796,1113,4068,133.68
44396,406,5347,175.68
44396,423,5347,175.68
44396,706,1238,40.68
44396,719,5347,175.68
44396,916,1086,35.68
44396,1106,1998,65.68
98777,602,4464,146.68
98777,304,2090,68.68
98777,602,4464,146.68
73035,204,1876,61.68
73035,432,841,27.68
73035,1813,1725,56.68
73035,1817,872,28.68
41369,1801,1207,39.68
22832,304,841,27.68
22832,313,1452,47.68
85312,203,1452,47.68
80289,405,1664,54.68
80289,412,1664,54.68
80289,498,1664,54.68
80289,1312,2638,86.68
80289,1416,2699,88.68
80289,1619,2699,88.68
60046,307,8391,275.68
85340,305,994,32.68
85340,425,2821,92.68
85340,605,902,29.68
19670,205,1452,47.68
19670,304,1299,42.68
19670,305,1299,42.68
19670,306,1299,42.68
19670,504,2151,70.68
19670,1105,3582,117.68
19670,1110,3582,117.68
19670,1113,2090,68.68
19670,1623,3278,107.68
19670,1627,2821,92.68
19670,1637,1086,35.68
19670,1803,1025,33.68
81268,108,3247,106.68
81268,304,1025,33.68
81268,305,1025,33.68
81268,306,1025,33.68
81268,307,1025,33.68
81268,1704,964,31.68
80503,105,2425,79.68
80503,198,2425,79.68
80503,914,1421,46.68
80503,916,1421,46.68
80503,1607,2121,69.68
30060,202,1207,39.68
30060,1617,1968,64.68
30060,1798,1633,53.68
30060,1801,2029,66.68
82429,108,4190,137.68
82429,1113,1025,33.68
82429,1812,3247,106.68
87215,111,1086,35.68
87215,405,1299,42.68
87215,426,1299,42.68
52149,107,4433,145.68
52149,202,1695,55.68
52149,304,1238,40.68
52149,307,1238,40.68
52149,713,994,32.68
52149,1111,1542,50.68
52149,1407,1268,41.68
52149,1898,1268,41.68
55792,498,2363,77.68
55792,710,2638,86.68
55792,1108,3671,120.68
55792,1113,1968,64.68
55792,1114,3977,130.68
55792,1609,4129,135.68
55792,1701,3977,130.68
64345,498,2486,81.68
92402,206,994,32.68
92402,1198,2090,68.68
89756,103,2821,92.68
89756,198,2821,92.68
89756,304,1360,44.68
89756,305,1360,44.68
61514,107,4708,154.68
61514,1110,5043,165.68
61514,1113,1756,57.68
61514,1709,3094,101.68
61514,1898,3794,124.68
15214,424,2090,68.68
15214,426,2090,68.68
15214,1113,2425,79.68
14899,203,3337,109.68
14899,305,4068,133.68
14899,916,3094,101.68
14899,1111,3125,102.68
14899,1616,2029,66.68
15909,498,4099,134.68
19958,430,1115,36.68
19958,1698,5925,194.68
19958,1704,5804,190.68
19958,1801,1025,33.68
19958,1817,1115,36.68
19958,1898,902,29.68
58191,304,933,30.68
58191,1112,933,30.68
58191,1634,2455,80.68
99866,109,1937,63.68
99866,306,1876,61.68
99866,428,1603,52.68
99866,709,1937,63.68
99866,909,1937,63.68
99866,915,1937,63.68
99866,998,1937,63.68
99866,1617,1146,37.68
99866,1637,1937,63.68
99866,1801,2029,66.68
103526,202,3125,102.68
103526,803,476,15.68
103526,915,1845,60.68
103526,1112,537,17.68
103526,1703,629,20.68
103526,1802,1998,65.68
103526,1816,2455,80.68
25616,198,2425,79.68
25616,304,3582,117.68
25616,305,3582,117.68
25616,1617,2913,95.68
12799,306,2333,76.68
12799,406,1695,55.68
12799,606,902,29.68
2688,412,3368,110.68
2688,610,2029,66.68
2688,1798,2425,79.68
87263,304,1452,47.68
87263,1098,1146,37.68
91637,1801,1025,33.68
80975,202,1146,37.68
80975,304,1633,53.68
80975,306,2729,89.68
80975,709,2090,68.68
80975,916,2547,83.68
80975,1801,1998,65.68
48226,1198,2486,81.68
48226,1798,1207,39.68
48226,1801,2121,69.68
48226,1898,2486,81.68
16625,1118,1633,53.68
22297,408,1360,44.68
22297,1113,994,32.68
22297,1798,902,29.68
22297,1805,1452,47.68
22297,1817,994,32.68
27169,1640,1876,61.68
28603,1812,2121,69.68
18693,304,1725,56.68
18693,313,2638,86.68
18693,1601,2638,86.68
18693,1801,2547,83.68
18693,1812,2029,66.68
72092,102,994,32.68
72092,205,994,32.68
72092,305,1360,44.68
72092,306,1360,44.68
72092,708,1330,43.68
72092,915,4647,152.68
10404,428,2333,76.68
10404,713,3064,100.68
10404,809,2210,72.68
91430,102,1756,57.68
91430,198,1756,57.68
91430,398,1756,57.68
91430,711,1025,33.68
91430,798,1025,33.68
91430,915,1025,33.68
91430,1807,2791,91.68
91430,1811,2791,91.68
73808,306,1299,42.68
81527,504,1572,51.68
81527,1117,1572,51.68
81527,1701,1025,33.68
39745,798,1998,65.68
3562,511,1330,43.68
3562,708,2394,78.68
3562,712,2394,78.68
3562,913,1817,59.68
3562,1812,2425,79.68
71102,304,1480,48.68
71102,426,1845,60.68
71102,705,1177,38.68
71102,1117,811,26.68
98057,412,933,30.68
98057,712,933,30.68
98057,1617,1695,55.68
98057,1627,1330,43.68
98057,1801,1299,42.68
98057,1816,902,29.68
81061,432,1633,53.68
81061,598,1452,47.68
28185,1198,2151,70.68
28185,108,872,28.68
28185,202,2455,80.68
28185,406,2151,70.68
28185,1105,1756,57.68
28185,1112,1756,57.68
28185,1117,1756,57.68
65022,305,2941,96.68
65022,310,5529,181.68
65022,411,2607,85.68
65022,432,2241,73.68
3847,1601,1756,57.68
3847,1614,1756,57.68
3847,1627,1756,57.68
3847,1637,2029,66.68
3847,1704,1633,53.68
27950,405,1360,44.68
27950,707,780,25.68
27950,1110,2760,90.68
27950,1113,780,25.68
65997,408,2029,66.68
65997,426,1695,55.68
65997,709,2516,82.68
65997,1803,3186,104.68
77680,1198,3551,116.68
77680,304,3521,115.68
77680,305,2455,80.68
77680,498,1391,45.68
72435,202,1146,37.68
41075,504,1025,33.68
41075,1627,1025,33.68
17342,915,2363,77.68
17342,1804,2333,76.68
52617,205,2486,81.68
52617,306,4586,150.68
52617,428,2972,97.68
52617,1215,2821,92.68
52617,1802,2852,93.68
22009,202,1025,33.68
22009,405,2486,81.68
22009,1105,1725,56.68
22009,1198,1725,56.68
48374,612,1695,55.68
48374,998,3794,124.68
48374,1117,4678,153.68
48374,1798,3794,124.68
48374,1898,1238,40.68
8777,698,3916,128.68
8777,713,1360,44.68
5102,1112,1633,53.68
72149,108,1664,54.68
72149,305,1725,56.68
72149,432,4313,141.68
72149,504,1421,46.68
72149,605,1268,41.68
72149,1605,2547,83.68
72149,1812,2791,91.68
64998,108,2182,71.68
64998,202,2182,71.68
64998,705,1268,41.68
64998,1105,2455,80.68
64998,1112,1177,38.68
64998,1113,1177,38.68
64998,1114,1177,38.68
64998,1637,1268,41.68
89997,201,2394,78.68
89997,411,2394,78.68
12023,305,841,27.68
12023,410,1146,37.68
2422,708,872,28.68
2422,715,841,27.68
2422,1305,2241,73.68
2422,1801,1633,53.68
85136,498,3763,123.68
85136,404,3763,123.68
47503,1812,3003,98.68
95697,311,872,28.68
95697,430,1055,34.68
95697,1616,1115,36.68
95697,1622,1115,36.68
95697,1630,1115,36.68
95697,1815,749,24.68
76998,198,3156,103.68
76998,202,3156,103.68
76998,423,3156,103.68
76998,426,3156,103.68
76998,1804,3247,106.68
76998,1817,1086,35.68
76237,1617,1664,54.68
72757,1801,3733,122.68
72757,1898,2182,71.68
70525,304,2029,66.68
70525,425,6047,198.68
70525,432,2090,68.68
70525,1113,1268,41.68
7744,411,964,31.68
7744,1617,5043,165.68
7744,1622,5377,176.68
7744,1817,1542,50.68
7744,1998,1511,49.68
71755,719,2210,72.68
71755,1605,2241,73.68
71755,1614,2241,73.68
47494,1616,1299,42.68
47494,1617,1299,42.68
47494,1634,1299,42.68
72810,998,1238,40.68
103042,1812,1845,60.68
266,114,964,31.68
266,202,2455,80.68
266,306,2516,82.68
266,428,964,31.68
266,1605,3368,110.68
266,1617,3429,112.68
87114,498,2972,97.68
52040,202,2760,90.68
52040,304,1511,49.68
52040,305,1511,49.68
52040,311,5408,177.68
52040,432,872,28.68
52040,709,4525,148.68
52040,713,3855,126.68
52040,914,1330,43.68
52040,916,872,28.68
52040,1015,4617,151.68
52040,1112,1268,41.68
52040,1113,1268,41.68
52040,1117,5224,171.68
52040,1609,5498,180.68
52040,1617,5498,180.68
52720,304,1330,43.68
52720,1801,3337,109.68
97686,109,721,23.68
97686,313,1907,62.68
97686,1015,1968,64.68
41605,202,2516,82.68
41605,1113,1664,54.68
92559,304,994,32.68
81948,304,1238,40.68
81948,307,1238,40.68
81948,311,1603,52.68
81948,1617,1937,63.68
23072,1617,2607,85.68
23072,1804,2607,85.68
89088,1105,2638,86.68
89088,1109,2760,90.68
89088,1898,2760,90.68
99114,1816,902,29.68
95263,198,1115,36.68
18469,202,3551,116.68
18469,405,3490,114.68
18469,406,3429,112.68
18469,407,3429,112.68
18469,412,3217,105.68
18469,1105,3278,107.68
18469,1617,3521,115.68
18469,1698,3337,109.68
18469,1710,1238,40.68
18469,1812,3521,115.68
18469,1817,1725,56.68
53103,1619,1876,61.68
66537,405,3551,116.68
66537,407,3551,116.68
66537,410,3551,116.68
66537,1108,3702,121.68
66537,1605,3855,126.68
66537,1611,3855,126.68
66537,1617,3855,126.68
89846,202,902,29.68
89846,305,2182,71.68
89846,1105,2090,68.68
14503,406,1025,33.68
14503,1601,3217,105.68
81947,398,1086,35.68
81947,1605,964,31.68
81947,1609,994,32.68
7790,202,1086,35.68
7790,705,1817,59.68
26303,198,2455,80.68
98753,410,1786,58.68
100179,1798,2060,67.68
100179,1813,1633,53.68
78153,398,1207,39.68
78153,1640,1115,36.68
60516,411,1542,50.68
97992,108,5012,164.68
97992,405,3947,129.68
97992,410,3947,129.68
97992,411,5224,171.68
97992,428,1907,62.68
97992,1105,690,22.68
97992,1605,4829,158.68
97992,1617,5224,171.68
97992,1701,1542,50.68
97992,1798,1207,39.68
97992,1801,3551,116.68
97992,1802,3824,125.68
15691,102,1268,41.68
15691,305,2121,69.68
15691,1113,994,32.68
15691,1609,5285,173.68
42503,109,2333,76.68
42503,120,1177,38.68
42503,1617,2060,67.68
42503,1703,2455,80.68
42503,1898,1177,38.68
70732,109,994,32.68
70732,305,1633,53.68
70732,306,1633,53.68
70732,406,933,30.68
70732,713,1055,34.68
70732,916,1695,55.68
70732,1803,3306,108.68
1751,307,1817,59.68
1751,1108,2455,80.68
1751,1616,3794,124.68
1751,1801,1937,63.68
1751,1817,2668,87.68
93911,704,811,26.68
93911,1634,811,26.68
82798,428,1299,42.68
82798,498,1330,43.68
82798,1634,3368,110.68
82798,1698,3368,110.68
91730,208,1756,57.68
91730,405,1756,57.68
91730,406,1756,57.68
91730,412,1756,57.68
91730,423,1756,57.68
22350,398,2455,80.68
22350,108,841,27.68
22350,305,2425,79.68
22350,398,2425,79.68
50955,101,2090,68.68
50955,102,1876,61.68
50955,205,1725,56.68
50955,414,1725,56.68
50955,1617,994,32.68
34861,311,1115,36.68
34861,1617,1511,49.68
9375,313,1421,46.68
56552,1619,2699,88.68
55611,205,994,32.68
55611,1118,994,32.68
30311,107,1511,49.68
30311,504,1115,36.68
10065,1601,964,31.68
10065,1801,2210,72.68
46471,305,3643,119.68
46471,1105,2182,71.68
46471,1619,3278,107.68
72135,298,2029,66.68
72135,298,2029,66.68
72135,1801,1511,49.68
21294,405,3125,102.68
21294,408,3125,102.68
21294,415,3125,102.68
21294,423,3125,102.68
21294,430,3125,102.68
21294,1110,1207,39.68
21294,1198,1207,39.68
21294,1704,2394,78.68
84050,304,568,18.68
84050,311,1146,37.68
55075,305,994,32.68
55075,1105,1876,61.68
55075,1804,2972,97.68
55075,1812,1756,57.68
11492,602,3977,130.68
11492,1301,5012,164.68
11492,102,1268,41.68
11492,304,5012,164.68
11492,305,933,30.68
11492,602,4586,150.68
11492,1113,1664,54.68
11492,1312,2852,93.68
2958,1617,1299,42.68
2958,1801,841,27.68
79040,306,3490,114.68
79040,1812,3125,102.68
69932,1617,2425,79.68
65627,428,1146,37.68
65627,504,1876,61.68
65627,1803,1511,49.68
50369,1609,1480,48.68
50369,1617,1480,48.68
56430,605,1115,36.68
56430,1619,2516,82.68
56430,1801,2241,73.68
89300,202,1055,34.68
89300,205,1055,34.68
89300,798,1268,41.68
89300,998,1330,43.68
89300,1798,1086,35.68
93008,1637,1055,34.68
93008,1810,1725,56.68
68264,116,3278,107.68
68264,305,1968,64.68
68264,306,2547,83.68
68264,604,3551,116.68
68264,915,1115,36.68
68264,1112,3612,118.68
68264,1312,1968,64.68
68264,1615,4099,134.68
68264,1640,2791,91.68
68264,1803,3582,117.68
17720,1810,4252,139.68
17720,1898,3702,121.68
18342,306,964,31.68
18342,1017,2060,67.68
18342,1634,2060,67.68
12595,102,1876,61.68
12595,205,1756,57.68
12595,304,994,32.68
12595,305,2941,96.68
12595,306,2941,96.68
12595,428,3217,105.68
12595,1014,4647,152.68
12595,1015,6200,203.68
12595,1113,1391,45.68
12595,1216,1177,38.68
12595,1622,1968,64.68
12595,1634,6108,200.68
12595,1637,4920,161.68
95682,1616,1238,40.68
19712,305,1511,49.68
19712,306,1511,49.68
19712,307,1511,49.68
19712,1637,1725,56.68
58040,425,2182,71.68
58040,1616,1452,47.68
58040,1619,2090,68.68
85209,198,1937,63.68
85209,205,1572,51.68
85209,304,1937,63.68
85209,405,4494,147.68
85209,426,3977,130.68
85209,798,4008,131.68
85209,809,2516,82.68
85209,1117,4252,139.68
49485,1705,1756,57.68
85541,426,1786,58.68
85541,906,2151,70.68
85541,1304,2151,70.68
85541,1801,2729,89.68
85541,1812,2060,67.68
85541,1817,2394,78.68
58926,306,1817,59.68
58926,426,2791,91.68
74303,201,933,30.68
74303,202,2090,68.68
74303,406,933,30.68
74303,1801,1086,35.68
74303,1898,933,30.68
68037,1312,1086,35.68
5273,103,902,29.68
5273,198,902,29.68
5273,304,1146,37.68
5273,305,1146,37.68
5273,423,1115,36.68
84830,109,994,32.68
84830,1619,1330,43.68
84830,1816,872,28.68
88559,1619,1086,35.68
88559,1640,1452,47.68
48036,1637,1207,39.68
48036,1812,1115,36.68
86832,205,1146,37.68
86832,304,2821,92.68
86832,305,1725,56.68
86832,911,872,28.68
90101,411,2090,68.68
95179,304,841,27.68
95179,305,1177,38.68
95179,504,1238,40.68
95179,714,1664,54.68
95179,1801,7934,260.68
86248,304,1480,48.68
86248,305,1480,48.68
86248,1117,902,29.68
42234,102,1633,53.68
42234,423,1633,53.68
42234,608,1055,34.68
42234,1198,1299,42.68
71570,412,1086,35.68
71570,414,1268,41.68
71570,423,994,32.68
71570,424,964,31.68
71570,498,1207,39.68
71570,1801,1756,57.68
24081,104,1452,47.68
24081,307,2913,95.68
24081,409,1817,59.68
24081,809,2272,74.68
24081,1113,2547,83.68
24081,1617,1725,56.68
24081,1902,1817,59.68
33899,115,902,29.68
95815,916,1055,34.68
95815,1205,872,28.68
74955,307,1238,40.68
74955,424,4068,133.68
74955,504,1299,42.68
74955,705,4068,133.68
74955,712,5163,169.68
74955,802,1299,42.68
74955,898,1299,42.68
74955,1111,4798,157.68
74955,1113,4068,133.68
74955,1117,4647,152.68
74955,1205,1238,40.68
74955,1298,2576,84.68
74955,1305,1086,35.68
74955,1498,1299,42.68
74955,1605,5285,173.68
74955,1607,5347,175.68
91341,304,1238,40.68
91341,306,1603,52.68
91341,504,1876,61.68
91341,519,1817,59.68
91341,1801,3582,117.68
91341,1817,2394,78.68
67252,1617,2182,71.68
67252,1812,1421,46.68
67252,1813,1876,61.68
67252,1898,2576,84.68
58660,116,1695,55.68
58660,1619,1786,58.68
58660,1701,2913,95.68
40225,1215,1845,60.68
65617,313,1695,55.68
9179,426,994,32.68
9179,712,1937,63.68
9179,798,1299,42.68
42709,423,1299,42.68
42709,426,1299,42.68
42709,705,1177,38.68
42709,1701,1115,36.68
42709,1703,1055,34.68
6612,108,2182,71.68
6612,421,1511,49.68
6612,712,1146,37.68
6612,908,1511,49.68
6612,1298,2182,71.68
6612,1617,1391,45.68
6612,1801,2486,81.68
6612,1817,1725,56.68
85028,426,3247,106.68
85028,1812,1360,44.68
26976,411,1299,42.68
26976,1898,1603,52.68
3923,104,1055,34.68
3923,202,4068,133.68
3923,423,4798,157.68
3923,432,4951,162.68
3923,612,4951,162.68
3923,705,4647,152.68
3923,1605,1299,42.68
3923,1705,2272,74.68
8254,504,1421,46.68
43938,198,2029,66.68
43938,304,1055,34.68
43938,305,1055,34.68
43938,1605,1876,61.68
43938,1617,2151,70.68
43938,1698,1937,63.68
42183,108,1086,35.68
42183,305,1695,55.68
42183,1616,1391,45.68
42183,1617,902,29.68
42183,1701,1177,38.68
87264,809,872,28.68
97140,1617,1452,47.68
67409,1816,4068,133.68
95753,304,902,29.68
95753,406,1055,34.68
95753,805,1756,57.68
95753,1704,994,32.68
53104,116,1786,58.68
53104,201,2151,70.68
53104,410,4433,145.68
53104,612,1786,58.68
53104,1198,2151,70.68
53104,1298,1268,41.68
53104,1627,4190,137.68
53104,1701,2913,95.68
53104,1817,1086,35.68
45295,430,1817,59.68
103190,107,3064,100.68
103190,305,446,14.68
29170,109,2576,84.68
29170,304,2060,67.68
29170,305,2241,73.68
29170,504,2607,85.68
29170,1117,2363,77.68
91106,423,841,27.68
45451,416,1299,42.68
45451,1634,1238,40.68
45451,1637,1238,40.68
79689,201,1876,61.68
79689,428,2972,97.68
79689,512,1695,55.68
79689,604,1480,48.68
79689,1113,6108,200.68
79689,1810,6108,200.68
56904,109,1025,33.68
56904,1804,2882,94.68
27522,411,964,31.68
98112,1113,964,31.68
67391,202,4433,145.68
67391,206,3702,121.68
67391,304,2302,75.68
67391,410,1817,59.68
67391,809,1360,44.68
67391,1205,1086,35.68
67391,1698,5621,184.68
67391,1701,1177,38.68
67391,1707,3551,116.68
67391,1801,1146,37.68
8544,305,3521,115.68
8544,1710,1360,44.68
8544,1812,1360,44.68
25907,1622,2516,82.68
25907,1634,2516,82.68
78860,304,2852,93.68
78860,305,1845,60.68
78860,306,1845,60.68
78860,404,1025,33.68
78860,412,2547,83.68
78860,424,964,31.68
78860,712,2547,83.68
78860,898,1330,43.68
78860,1110,2638,86.68
78860,1113,1695,55.68
78860,1619,4313,141.68
78860,1704,3551,116.68
78860,1817,4190,137.68
79313,304,1603,52.68
79313,1619,1603,52.68
102795,404,1146,37.68
102795,1312,1360,44.68
102795,1622,1452,47.68
102795,1637,1421,46.68
68845,203,1603,52.68
68845,405,1511,49.68
68845,1609,1603,52.68
68845,1637,1603,52.68
68845,1709,1391,45.68
28696,1617,1360,44.68
28696,1817,1086,35.68
43215,202,1391,45.68
23451,705,1572,51.68
23451,708,1695,55.68
23451,798,1511,49.68
23451,1617,1695,55.68
23451,1634,1695,55.68
23451,1802,1695,55.68
69817,1622,1115,36.68
69817,1640,1115,36.68
97539,201,2151,70.68
97539,304,721,23.68
97539,405,1817,59.68
80326,1601,1695,55.68
80326,1812,1907,62.68
78531,108,1725,56.68
78531,1801,1725,56.68
35451,115,3702,121.68
35451,404,2760,90.68
35451,412,2760,90.68
35451,1801,1115,36.68
98727,304,1115,36.68
98727,1810,3064,100.68
36459,412,1603,52.68
36459,1108,2516,82.68
36459,1998,1633,53.68
84634,809,2182,71.68
84634,1634,5285,173.68
84634,1637,5285,173.68
45424,1198,2090,68.68
45424,1106,2090,68.68
38091,109,933,30.68
38091,112,933,30.68
35971,304,2455,80.68
35971,305,2455,80.68
35971,306,4647,152.68
35971,1113,3217,105.68
35971,1698,2668,87.68
35971,1817,5347,175.68
13500,406,2547,83.68
13500,415,2090,68.68
13500,430,2972,97.68
13500,1816,1025,33.68
13500,1817,964,31.68
41006,1617,1695,55.68
41006,1817,994,32.68
1770,428,1817,59.68
1770,916,3459,113.68
1770,1605,2516,82.68
68332,432,841,27.68
68332,712,2516,82.68
1046,104,1725,56.68
1046,304,994,32.68
1046,306,994,32.68
40235,1617,1391,45.68
8059,102,1907,62.68
8059,304,1907,62.68
8059,305,1907,62.68
8059,406,1907,62.68
8059,410,1907,62.68
8059,411,1907,62.68
8059,1017,1907,62.68
89071,201,1695,55.68
89071,305,1695,55.68
89071,306,2060,67.68
89071,406,3125,102.68
89071,407,2121,69.68
89071,408,5043,165.68
89071,504,1968,64.68
89071,608,1603,52.68
89071,705,5132,168.68
89071,719,4617,151.68
89071,1108,5012,164.68
89071,1112,4647,152.68
89071,1211,1664,54.68
89071,1215,3916,128.68
89071,1312,4343,142.68
95481,809,3278,107.68
95481,1801,2882,94.68
95481,1811,1086,35.68
95481,1813,2455,80.68
94115,304,1421,46.68
94115,498,1360,44.68
94115,706,1937,63.68
94115,1105,872,28.68
94115,1112,1360,44.68
94115,1609,2455,80.68
94115,1622,3306,108.68
94115,1634,3671,120.68
94115,1801,3702,121.68
94115,1813,2638,86.68
94115,1816,1299,42.68
94115,1817,1421,46.68
70226,116,933,30.68
70226,898,933,30.68
70226,1113,3247,106.68
70226,1605,1664,54.68
70226,1617,1330,43.68
27366,202,2363,77.68
57029,102,1330,43.68
57029,809,1452,47.68
57029,1105,2791,91.68
57029,1307,1452,47.68
78109,198,1086,35.68
78109,304,4221,138.68
78109,305,1817,59.68
78109,706,1025,33.68
78109,1117,4829,158.68
78109,1816,4798,157.68
58067,202,933,30.68
27899,1198,2852,93.68
27899,1108,2852,93.68
61364,205,964,31.68
61364,423,3733,122.68
61364,428,1268,41.68
61364,711,902,29.68
61364,1106,4037,132.68
61364,1110,4037,132.68
61364,1112,3733,122.68
61364,1113,3733,122.68
61364,1708,4402,144.68
61364,1801,1268,41.68
61364,1810,2425,79.68
61364,1817,1025,33.68
15222,101,994,32.68
15222,1801,1998,65.68
88080,313,1055,34.68
88080,1617,1055,34.68
41028,102,1299,42.68
41028,201,1299,42.68
41028,915,2241,73.68
12763,306,2272,74.68
12763,426,2210,72.68
12763,1105,2029,66.68
12763,1619,3368,110.68
12763,1801,902,29.68
15855,305,1055,34.68
15855,398,1055,34.68
15855,426,4282,140.68
15855,798,1146,37.68
15855,1098,5255,172.68
15855,1617,4647,152.68
68300,430,2516,82.68
68300,1617,2090,68.68
68300,1801,2486,81.68
68300,1817,2547,83.68
13131,304,629,20.68
13131,307,629,20.68
13131,610,3459,113.68
13131,916,2882,94.68
13131,1605,3459,113.68
13131,1701,3306,108.68
13131,1801,1786,58.68
13131,1813,1299,42.68
72994,1622,964,31.68
23481,1813,1268,41.68
23481,1817,1146,37.68
14614,108,2060,67.68
14614,405,1268,41.68
14614,706,902,29.68
14614,1617,2425,79.68
1593,305,1817,59.68
1593,306,2182,71.68
1593,519,1360,44.68
1593,1105,3977,130.68
1593,1113,3702,121.68
1593,1637,1695,55.68
1593,1811,3855,126.68
1593,1898,3247,106.68
91435,114,1695,55.68
91435,304,1695,55.68
91435,1113,994,32.68
91435,1636,4037,132.68
91345,916,841,27.68
90013,102,1603,52.68
90013,104,1542,50.68
90013,202,1207,39.68
90013,304,1542,50.68
90013,307,1542,50.68
90013,1298,1542,50.68
90013,1605,1086,35.68
98710,1110,2941,96.68
33486,1617,933,30.68
33486,1634,1330,43.68
33486,1701,933,30.68
33486,1703,1146,37.68
33486,1704,902,29.68
54125,1617,1238,40.68
54125,1637,1177,38.68
10195,108,3217,105.68
10195,304,1756,57.68
10195,712,3824,125.68
10195,916,3459,113.68
7809,405,1725,56.68
7809,421,1725,56.68
54710,305,6624,217.68
47661,202,1025,33.68
47661,305,2182,71.68
47661,306,3612,118.68
47661,406,3186,104.68
47661,414,994,32.68
47661,1112,2882,94.68
47661,1618,994,32.68
91651,205,1907,62.68
91651,304,1907,62.68
91651,305,1907,62.68
91651,306,1177,38.68
91651,608,1907,62.68
91651,1113,1907,62.68
100266,304,841,27.68
100266,307,841,27.68
100266,1113,599,19.68
100266,1622,841,27.68
66206,305,1572,51.68
66206,708,3278,107.68
66206,712,3278,107.68
66206,1215,1452,47.68
91974,610,902,29.68
91974,1605,902,29.68
91974,1622,1086,35.68
53171,408,3977,130.68
53171,426,3977,130.68
53171,1637,1115,36.68
27315,1001,4678,153.68
27315,405,2151,70.68
27315,1622,1695,55.68
27315,1801,3582,117.68
99956,305,1177,38.68
99956,398,811,26.68
99956,426,690,22.68
89241,203,1207,39.68
89241,426,1207,39.68
89241,1117,1330,43.68
89241,1801,964,31.68
56835,705,1025,33.68
56835,1813,1511,49.68
37074,1617,1572,51.68
1124,916,1452,47.68
1124,1798,1360,44.68
1124,1801,1421,46.68
94482,202,721,23.68
94482,708,721,23.68
94482,1605,1146,37.68
94482,1622,1845,60.68
25883,1627,1025,33.68
25883,1634,1086,35.68
60978,108,2121,69.68
60978,304,1238,40.68
60978,504,1238,40.68
60978,1605,2272,74.68
60978,1705,1695,55.68
102010,713,1238,40.68
49053,1001,5224,171.68
49053,1301,4798,157.68
49053,504,1330,43.68
49053,1198,2821,92.68
49053,1312,4525,148.68
49053,1801,1572,51.68
49053,1816,1603,52.68
40476,1617,2090,68.68
83674,102,2121,69.68
83674,202,3733,122.68
83674,405,3733,122.68
83674,425,1695,55.68
83674,426,3733,122.68
83674,519,1603,52.68
83674,916,3612,118.68
45570,406,2791,91.68
45570,1113,841,27.68
102842,1630,1907,62.68
31003,426,2821,92.68
31003,432,3217,105.68
31003,708,964,31.68
31003,1105,1025,33.68
31003,1605,964,31.68
31003,1802,2821,92.68
87535,305,1207,39.68
87535,428,1360,44.68
87535,1105,1480,48.68
7614,202,4798,157.68
7614,407,4708,154.68
7614,426,4708,154.68
7614,1701,2486,81.68
48384,504,4129,135.68
48384,1204,1177,38.68
48384,1311,1177,38.68
98637,1617,2425,79.68
87537,304,1572,51.68
87537,408,1299,42.68
87537,1704,841,27.68
87537,1817,1268,41.68
102242,102,1876,61.68
102242,202,2972,97.68
102242,205,1146,37.68
102242,307,568,18.68
102242,915,780,25.68
102242,1111,1511,49.68
102242,1112,1511,49.68
102242,1210,599,19.68
102242,1701,4252,139.68
102242,1898,3916,128.68
28535,304,2060,67.68
28535,1704,4951,162.68
73316,112,2821,92.68
73316,306,2090,68.68
73316,405,2455,80.68
73316,424,1725,56.68
73316,426,2455,80.68
73316,1015,2821,92.68
73316,1801,3064,100.68
73316,1898,2151,70.68
1867,304,1845,60.68
1867,1627,3306,108.68
80109,202,3671,120.68
86278,915,1025,33.68
86278,916,1025,33.68
69426,304,1207,39.68
69426,305,1207,39.68
69426,1113,872,28.68
84338,916,933,30.68
84338,1098,933,30.68
44199,713,2029,66.68
44199,1198,1756,57.68
85603,398,1817,59.68
3235,430,1360,44.68
61088,708,1146,37.68
83648,202,2821,92.68
83648,304,2090,68.68
83648,307,2090,68.68
83648,415,2455,80.68
83648,424,2455,80.68
83648,1117,1511,49.68
83648,1215,1817,59.68
85639,108,1055,34.68
44365,1105,1115,36.68
44365,1634,1876,61.68
44365,1898,1177,38.68
11610,1304,1207,39.68
84490,1198,1603,52.68
84490,1117,1603,52.68
76945,306,933,30.68
76945,1801,933,30.68
76945,1811,2241,73.68
29413,1198,3916,128.68
29413,205,1177,38.68
29413,304,3977,130.68
29413,305,2394,78.68
29413,504,2090,68.68
29413,714,1055,34.68
29413,1117,3977,130.68
29413,1312,1146,37.68
98941,411,5316,174.68
98941,605,749,24.68
98941,1630,5316,174.68
98941,1637,1695,55.68
98941,1701,1511,49.68
98941,1801,4739,155.68
98941,1817,5043,165.68
95528,426,811,26.68
95528,1801,780,25.68
83483,430,1695,55.68
78583,405,4647,152.68
78583,407,3551,116.68
78583,426,2151,70.68
78583,1630,4982,163.68
78583,1801,2821,92.68
5149,203,3337,109.68
5149,305,2486,81.68
5149,407,1391,45.68
5149,423,2486,81.68
11666,1617,2425,79.68
39692,423,1725,56.68
39692,1117,1817,59.68
83467,1613,2394,78.68
78681,114,1968,64.68
78681,404,4798,157.68
78681,407,4798,157.68
78681,408,4798,157.68
78681,423,4798,157.68
78681,424,4798,157.68
78681,426,4798,157.68
85501,428,1572,51.68
85501,1105,1572,51.68
85501,1113,1572,51.68
85501,1204,841,27.68
26715,411,2060,67.68
26715,705,3247,106.68
26715,1118,841,27.68
88302,202,1115,36.68
88302,307,994,32.68
88302,705,1115,36.68
88302,1113,1115,36.68
35914,405,3247,106.68
35914,1105,2576,84.68
35914,1113,3643,119.68
35914,1616,3612,118.68
35914,1634,3643,119.68
35914,1804,3643,119.68
35914,1817,1664,54.68
75857,415,1695,55.68
75857,1112,1207,39.68
53639,706,2090,68.68
53639,1817,1360,44.68
32093,119,5682,186.68
32093,1801,5682,186.68
71641,198,1937,63.68
71641,202,811,26.68
71641,426,1664,54.68
71641,1801,1055,34.68
71641,1898,2060,67.68
8376,714,1845,60.68
8376,1601,2852,93.68
8376,1605,4190,137.68
8376,1898,1207,39.68
8372,426,902,29.68
82614,425,1817,59.68
82614,426,2821,92.68
82614,429,2821,92.68
82614,809,1115,36.68
82614,1110,1055,34.68
82614,1113,1055,34.68
92817,426,872,28.68
92817,432,841,27.68
92817,1119,964,31.68
92817,1216,964,31.68
92817,1801,1480,48.68
29617,305,1480,48.68
2992,1198,1542,50.68
61562,1617,3186,104.68
102401,108,1633,53.68
102401,304,660,21.68
102401,305,1725,56.68
102401,306,1511,49.68
102401,307,446,14.68
86436,109,2852,93.68
86436,206,902,29.68
86436,304,902,29.68
86436,898,4678,153.68
86436,1005,1421,46.68
86436,1119,933,30.68
86436,1312,4008,131.68
977,426,2029,66.68
977,706,2882,94.68
977,798,2882,94.68
977,1627,3186,104.68
92771,108,1238,40.68
92771,406,2882,94.68
92771,412,3278,107.68
92771,423,3278,107.68
92771,512,1330,43.68
92771,713,1360,44.68
92771,906,1330,43.68
92771,1105,2182,71.68
92771,1312,2241,73.68
92771,1412,1360,44.68
60914,102,1998,65.68
60914,304,964,31.68
60914,305,2791,91.68
60914,1113,964,31.68
60914,1215,3521,115.68
70694,305,2333,76.68
70694,306,2333,76.68
70694,412,1756,57.68
70694,423,1756,57.68
70694,426,1725,56.68
70694,916,872,28.68
33950,1617,4190,137.68
17462,1310,1146,37.68
17462,1801,2302,75.68
44762,423,3398,111.68
44762,426,3398,111.68
44762,606,2121,69.68
44762,607,3398,111.68
44762,612,1268,41.68
44762,710,1299,42.68
44762,1105,3064,100.68
44762,1112,2699,88.68
44762,1113,1268,41.68
44762,1117,2729,89.68
17524,109,1086,35.68
17524,405,2516,82.68
17524,407,2516,82.68
17524,408,2516,82.68
17524,426,2516,82.68
17524,601,1511,49.68
17524,607,1511,49.68
57746,108,1480,48.68
57746,405,1421,46.68
57746,1617,1725,56.68
90761,398,1391,45.68
90761,427,2455,80.68
43564,305,1633,53.68
43564,313,1633,53.68
43564,1619,1633,53.68
98517,998,933,30.68
98517,432,841,27.68
98517,916,902,29.68
98517,1015,933,30.68
98517,1017,902,29.68
98517,1813,811,26.68
44572,898,1086,35.68
44572,898,1086,35.68
44572,1798,1238,40.68
47530,306,964,31.68
47530,406,994,32.68
86785,202,2090,68.68
86785,1801,2821,92.68
92307,202,1937,63.68
92307,405,1572,51.68
92307,426,1572,51.68
56274,305,2972,97.68
56274,1105,1725,56.68
45318,1801,1055,34.68
92211,1622,2090,68.68
92211,1817,1360,44.68
97994,1105,690,22.68
97994,1709,749,24.68
97994,1817,721,23.68
27459,304,1695,55.68
27459,305,1695,55.68
27459,313,4313,141.68
27459,1198,4525,148.68
7321,914,2121,69.68
7321,1619,2333,76.68
64956,415,1695,55.68
64956,432,1452,47.68
64956,1801,1238,40.68
86953,898,1572,51.68
86953,998,1572,51.68
86953,1113,1268,41.68
86953,1798,3855,126.68
86953,1898,2486,81.68
80933,426,1756,57.68
80933,1215,3064,100.68
19273,426,2455,80.68
19273,1616,2547,83.68
19273,1634,2547,83.68
19273,1801,1360,44.68
36677,608,2151,70.68
36677,1014,2394,78.68
36677,1106,1603,52.68
36677,1708,4343,142.68
4303,1605,1299,42.68
4303,1634,1330,43.68
4303,1637,1330,43.68
4303,1812,1330,43.68
75403,610,4586,150.68
42365,307,902,29.68
42365,406,902,29.68
3245,205,1146,37.68
3245,305,1695,55.68
3245,1113,1511,49.68
3245,1637,1299,42.68
3245,1701,2638,86.68
6913,406,3125,102.68
6913,1801,3003,98.68
39965,198,1603,52.68
39965,1605,1177,38.68
39965,1627,2972,97.68
79906,306,1360,44.68
79906,1605,1238,40.68
79906,1705,1207,39.68
79906,1708,964,31.68
79906,1813,660,21.68
43798,202,933,30.68
43798,426,4008,131.68
43798,1113,1664,54.68
43798,1619,3947,129.68
43798,1801,4647,152.68
43798,1802,3521,115.68
34354,108,2972,97.68
34354,298,1086,35.68
34354,398,2972,97.68
34354,412,2913,95.68
34354,498,3003,98.68
34354,914,3003,98.68
34354,1701,1238,40.68
34354,1816,2210,72.68
34354,1898,2210,72.68
42235,102,3429,112.68
42235,198,3429,112.68
42235,1705,1452,47.68
42235,1798,2852,93.68
57,432,3521,115.68
57,1614,2821,92.68
57,1627,2821,92.68
90388,310,1845,60.68
5615,108,1025,33.68
5615,705,902,29.68
39721,426,1115,36.68
39721,432,994,32.68
39721,1804,964,31.68
5637,906,902,29.68
5637,1614,1695,55.68
5637,1801,3886,127.68
36639,504,1360,44.68
36639,504,1360,44.68
36639,1812,1268,41.68
5548,101,933,30.68
71860,304,1845,60.68
71860,911,1330,43.68
71860,1605,1207,39.68
71860,1614,1664,54.68
71860,1704,1937,63.68
71860,1801,1207,39.68
68849,102,1115,36.68
68849,504,5316,174.68
68849,514,1115,36.68
68849,598,1115,36.68
68849,1216,1330,43.68
68849,1298,1330,43.68
68849,1305,2425,79.68
54198,109,964,31.68
54198,1813,2060,67.68
54198,1898,1177,38.68
55091,205,1146,37.68
55091,305,1968,64.68
55091,306,2729,89.68
55091,411,1725,56.68
55091,430,6047,198.68
55091,504,2182,71.68
55091,1105,2821,92.68
55091,1198,2090,68.68
55091,1216,1146,37.68
55091,1634,6047,198.68
5544,498,1542,50.68
5544,915,1025,33.68
5544,1637,3612,118.68
5544,1817,2821,92.68
21529,1198,1786,58.68
21529,202,1725,56.68
21529,306,1572,51.68
21529,404,1572,51.68
21529,908,1572,51.68
21529,1898,2638,86.68
20777,202,1268,41.68
20777,298,1268,41.68
20777,412,1268,41.68
20777,1198,3551,116.68
20777,1803,3551,116.68
77244,202,1299,42.68
77244,426,1511,49.68
77244,1617,1511,49.68
77244,1801,1330,43.68
57807,1116,3247,106.68
93587,114,1086,35.68
31380,108,964,31.68
31380,432,1786,58.68
31380,1617,2699,88.68
31380,1630,2516,82.68
31380,1801,994,32.68
31380,1805,2699,88.68
71357,205,2121,69.68
71357,305,2729,89.68
71357,1110,2547,83.68
85002,109,841,27.68
85002,304,1025,33.68
85002,713,1907,62.68
85002,1815,4678,153.68
85318,1215,1725,56.68
95404,108,690,22.68
98845,428,690,22.68
63502,412,1845,60.68
3494,304,1115,36.68
3494,305,1115,36.68
8277,201,4525,148.68
8277,498,4313,141.68
8277,598,2394,78.68
8277,1298,2394,78.68
12926,411,3125,102.68
12926,412,1542,50.68
12926,423,1542,50.68
12926,432,3551,116.68
12926,1112,2516,82.68
12926,1617,2272,74.68
12926,1703,2852,93.68
12926,1812,1572,51.68
12926,1816,2210,72.68
18236,306,1146,37.68
83779,1634,1025,33.68
89279,1804,1025,33.68
84862,306,902,29.68
84862,1619,1207,39.68
65342,305,2882,94.68
11582,305,1633,53.68
11582,306,1633,53.68
11582,1630,6108,200.68
38345,798,1572,51.68
38345,1398,1572,51.68
38345,498,872,28.68
38345,715,1572,51.68
38345,916,3247,106.68
38345,1305,1238,40.68
38345,1617,933,30.68
38345,1698,872,28.68
38345,1703,1786,58.68
73038,202,1055,34.68
73038,423,1146,37.68
73038,426,1146,37.68
73038,705,1086,35.68
73038,712,1146,37.68
87278,304,994,32.68
87278,1898,1177,38.68
8980,108,1603,52.68
8980,708,2394,78.68
8980,1614,2425,79.68
8980,1617,2363,77.68
8980,1637,2425,79.68
73376,304,1238,40.68
73376,305,2699,88.68
73376,612,2547,83.68
73376,1113,1086,35.68
73376,1605,4555,149.68
73376,1817,1299,42.68
96084,102,721,23.68
96084,304,1086,35.68
96084,426,1421,46.68
96084,1105,2455,80.68
96084,1106,841,27.68
96084,1112,1786,58.68
96084,1298,3003,98.68
96084,1809,4068,133.68
96084,1813,1786,58.68
16326,204,1115,36.68
16326,208,1115,36.68
16326,304,1025,33.68
16326,305,1055,34.68
16326,306,2486,81.68
16326,498,933,30.68
16326,604,1115,36.68
16326,605,1115,36.68
16326,606,1115,36.68
16326,705,841,27.68
16326,1106,1115,36.68
16326,1113,1115,36.68
16326,1605,3094,101.68
16326,1617,3094,101.68
16326,1636,2668,87.68
16326,1798,2425,79.68
59575,202,2090,68.68
59575,412,2972,97.68
59575,708,1876,61.68
59575,1215,3306,108.68
59575,1609,1055,34.68
59575,1704,2455,80.68
59575,1802,2425,79.68
26747,304,1817,59.68
26747,1113,1786,58.68
79426,305,4282,140.68
79426,406,1330,43.68
79426,428,4252,139.68
79426,1817,2821,92.68
14665,202,964,31.68
14665,1616,1330,43.68
23815,301,3217,105.68
23815,302,3217,105.68
23815,701,3217,105.68
23815,711,3217,105.68
23815,1607,3156,103.68
23815,1898,3156,103.68
86854,428,1360,44.68
86854,1813,2090,68.68
86854,1817,2455,80.68
51444,432,2791,91.68
51444,1627,2791,91.68
5559,108,2852,93.68
5559,202,1086,35.68
5559,711,1360,44.68
5559,915,902,29.68
5559,998,902,29.68
5559,1801,4647,152.68
69662,102,1086,35.68
69662,304,1360,44.68
69662,432,2760,90.68
69662,1110,5073,166.68
69662,1634,5255,172.68
31410,411,1845,60.68
31410,423,1845,60.68
31410,1801,1360,44.68
93533,202,1664,54.68
93533,1704,841,27.68
66468,423,872,28.68
67894,802,994,32.68
67894,807,964,31.68
67894,914,964,31.68
67894,1812,2729,89.68
1253,1601,1360,44.68
1253,1627,5043,165.68
1253,1802,3278,107.68
42515,1617,5955,195.68
67815,1801,2121,69.68
67815,1817,1025,33.68
88180,1215,1421,46.68
70723,202,3306,108.68
70723,426,2852,93.68
70723,911,2210,72.68
70723,914,2210,72.68
29733,1898,2425,79.68
21247,1605,1998,65.68
88853,304,872,28.68
88853,423,1360,44.68
88853,1817,964,31.68
27922,1810,1268,41.68
72706,109,2333,76.68
72706,112,4068,133.68
72706,504,2791,91.68
72706,598,994,32.68
72706,1113,1786,58.68
72706,1710,1756,57.68
72706,1898,3582,117.68
98065,1813,902,29.68
98065,1815,933,30.68
11565,915,4221,138.68
11565,1105,1876,61.68
11565,1630,4343,142.68
50615,107,2455,80.68
50615,304,933,30.68
50615,305,1907,62.68
50615,412,2699,88.68
50615,512,1421,46.68
50615,602,2852,93.68
50615,712,2699,88.68
50615,713,1786,58.68
50615,809,994,32.68
50615,1117,2852,93.68
50615,1312,2121,69.68
50615,1798,1786,58.68
73706,304,933,30.68
73706,423,2760,90.68
73706,426,2760,90.68
73706,428,1421,46.68
73706,1310,1480,48.68
73706,1605,2821,92.68
73706,1801,1786,58.68
55840,712,4647,152.68
55840,1701,5132,168.68
57854,202,1480,48.68
46603,206,1452,47.68
46603,423,994,32.68
46603,1898,1452,47.68
21435,998,1998,65.68
21435,1198,1786,58.68
21435,1605,2182,71.68
29758,709,1330,43.68
16825,198,1207,39.68
54158,1709,2516,82.68
54158,1801,2241,73.68
85924,713,841,27.68
85924,1112,1664,54.68
36204,430,3064,100.68
36204,1705,1603,52.68
36204,1898,1452,47.68
91525,202,2363,77.68
102403,1617,629,20.68
33982,110,4555,149.68
33982,1817,3459,113.68
33982,1898,4555,149.68
59423,118,1845,60.68
59423,205,1817,59.68
59423,1110,1299,42.68
15665,298,690,22.68
15665,305,690,22.68
15665,398,690,22.68
90457,304,2029,66.68
90457,305,2791,91.68
90457,411,4739,155.68
90457,426,3094,101.68
90457,432,964,31.68
90457,710,2121,69.68
95535,1805,1268,41.68
95535,1898,1207,39.68
24563,107,4494,147.68
24563,304,1511,49.68
24563,307,1511,49.68
24563,313,4494,147.68
24563,916,1725,56.68
24563,1812,1299,42.68
77009,305,1756,57.68
77009,510,2972,97.68
77009,1312,3702,121.68
77009,1609,4798,157.68
77009,1701,1876,61.68
65935,1811,2941,96.68
65935,1815,2547,83.68
46868,504,1695,55.68
46868,102,964,31.68
46868,108,2060,67.68
46868,202,1330,43.68
46868,304,1695,55.68
46868,407,1207,39.68
46868,414,1207,39.68
46868,504,1330,43.68
46868,712,1695,55.68
24344,1205,902,29.68
24344,1305,1177,38.68
24344,1307,1055,34.68
24344,1801,3763,123.68
24344,1812,2729,89.68
90660,1630,1511,49.68
90660,1701,1177,38.68
90660,1705,1391,45.68
41251,108,1146,37.68
41251,1110,1907,62.68
41251,1605,1299,42.68
12598,711,1695,55.68
12598,712,1695,55.68
12598,715,1695,55.68
12598,1801,1907,62.68
77873,304,1452,47.68
77873,305,1452,47.68
77873,307,1452,47.68
77873,404,1330,43.68
77873,504,1330,43.68
77873,708,1330,43.68
77873,1617,1330,43.68
77873,1622,1330,43.68
77873,1808,2791,91.68
33572,1113,933,30.68
33572,1801,1421,46.68
27798,112,4221,138.68
45433,898,1086,35.68
45433,1118,1086,35.68
45433,1801,2272,74.68
55579,1105,3033,99.68
81201,708,1299,42.68
31399,398,5043,165.68
31399,1898,2455,80.68
95,501,1511,49.68
95,504,2791,91.68
95,304,1391,45.68
95,414,1360,44.68
95,504,1511,49.68
95,518,1511,49.68
95,1605,2455,80.68
95,1801,2090,68.68
63676,1637,1177,38.68
46129,101,2821,92.68
46129,203,1268,41.68
46129,305,1633,53.68
90731,101,1391,45.68
90731,102,2151,70.68
90731,201,2547,83.68
90731,410,3186,104.68
90731,709,3947,129.68
90731,916,1115,36.68
90731,1110,1360,44.68
90731,1205,1238,40.68
90731,1803,1238,40.68
76703,304,2090,68.68
76703,1601,1115,36.68
76703,1623,1695,55.68
24470,112,2182,71.68
24470,1605,1177,38.68
24470,1801,1055,34.68
76278,202,902,29.68
76278,1106,1177,38.68
28560,206,964,31.68
28560,421,1695,55.68
28560,504,933,30.68
28560,1801,5012,164.68
38637,1605,2425,79.68
38637,1615,2151,70.68
38637,1698,1025,33.68
5076,423,2455,80.68
5076,426,2455,80.68
1941,426,2182,71.68
1941,428,964,31.68
1941,1811,1115,36.68
2433,102,1511,49.68
2433,198,1146,37.68
2433,205,1025,33.68
2433,307,841,27.68
2433,610,5408,177.68
2433,1105,1572,51.68
2433,1617,4647,152.68
2433,1637,3278,107.68
2433,1811,4586,150.68
2433,1817,4037,132.68
23309,713,1360,44.68
95795,1619,1845,60.68
96694,712,721,23.68
57826,304,1177,38.68
57826,306,1177,38.68
57826,1117,2486,81.68
57826,1215,1391,45.68
57826,1701,1542,50.68
57826,1803,2486,81.68
45241,115,3763,123.68
45241,117,2210,72.68
45241,426,4008,131.68
38607,304,4767,156.68
38607,305,1633,53.68
38607,313,6593,216.68
38607,1106,2699,88.68
38607,1111,2729,89.68
38607,1305,4767,156.68
53078,411,994,32.68
94311,116,2090,68.68
94311,205,1452,47.68
94311,304,964,31.68
94311,307,964,31.68
94311,406,2913,95.68
94311,423,2913,95.68
94311,504,1572,51.68
94311,514,1572,51.68
94311,608,2821,92.68
94311,908,1572,51.68
94311,916,2913,95.68
94311,1205,1115,36.68
94311,1211,2821,92.68
94311,1216,1115,36.68
32615,102,1725,56.68
32615,203,2821,92.68
32615,304,1725,56.68
32615,305,1725,56.68
32615,404,3916,128.68
32615,708,3186,104.68
32615,1312,3186,104.68
32615,1617,5713,187.68
32615,1801,1725,56.68
90067,104,933,30.68
90067,1312,902,29.68
90067,1612,841,27.68
5760,1198,2486,81.68
65872,306,1330,43.68
65872,1801,1452,47.68
37639,1701,902,29.68
43770,498,994,32.68
11884,1215,1695,55.68
17533,102,902,29.68
17533,305,1268,41.68
17533,504,1786,58.68
17533,1105,1786,58.68
17533,1703,1664,54.68
74595,202,964,31.68
74595,408,964,31.68
74595,708,964,31.68
74595,1305,964,31.68
74595,1634,4708,154.68
61047,405,872,28.68
61047,410,872,28.68
61047,1605,4920,161.68
8403,306,1542,50.68
8403,705,3490,114.68
8403,1605,2394,78.68
8403,1698,3643,119.68
79229,108,3582,117.68
79229,202,3094,101.68
79229,406,2821,92.68
79229,1198,3551,116.68
79229,1701,3003,98.68
79229,1816,1664,54.68
11502,498,4008,131.68
11502,1311,2516,82.68
75265,1112,1817,59.68
75265,1812,2852,93.68
75265,1817,2729,89.68
21403,608,994,32.68
21403,1105,3671,120.68
21403,1198,1786,58.68
21403,1617,3824,125.68
21403,1798,4920,161.68
11553,914,1025,33.68
11553,1698,2791,91.68
68122,405,3824,125.68
68122,708,2547,83.68
68122,1701,2638,86.68
36668,1619,1786,58.68
55219,198,1817,59.68
55219,412,4708,154.68
55219,498,4708,154.68
55219,705,1238,40.68
93547,304,964,31.68
93547,306,964,31.68
93547,307,964,31.68
93547,1117,1146,37.68
98376,1801,721,23.68
57158,406,2425,79.68
57158,1617,2791,91.68
34199,205,1845,60.68
34199,305,1115,36.68
34199,498,2821,92.68
34199,504,3278,107.68
34199,809,3278,107.68
100593,208,1391,45.68
100593,411,660,21.68
100593,426,1391,45.68
100593,1117,1025,33.68
100593,1617,1452,47.68
100593,1898,537,17.68
1949,202,1025,33.68
52785,1810,3886,127.68
46291,306,3643,119.68
46291,1801,1633,53.68
46291,1811,3398,111.68
46291,1898,4221,138.68
42901,405,1025,33.68
42901,1617,1207,39.68
10279,202,1480,48.68
10279,1217,2576,84.68
66410,426,2121,69.68
66410,504,933,30.68
66410,511,933,30.68
43291,1898,2394,78.68
71215,414,902,29.68
71215,423,902,29.68
71215,426,902,29.68
71215,1110,2210,72.68
71215,1312,2121,69.68
97845,202,629,20.68
97845,411,1299,42.68
97845,423,3886,127.68
97845,705,3702,121.68
97845,1113,1025,33.68
97845,1605,2547,83.68
75621,1701,1299,42.68
59877,1703,902,29.68
60161,698,2029,66.68
60161,1407,2333,76.68
60161,1609,2394,78.68
60161,1622,2394,78.68
60161,1634,2394,78.68
4434,504,964,31.68
4434,1312,1055,34.68
70733,202,1086,35.68
70733,410,1055,34.68
70733,411,1055,34.68
70733,415,1391,45.68
70733,424,1664,54.68
70733,426,1664,54.68
70733,432,1299,42.68
70733,915,1695,55.68
70733,916,1055,34.68
70733,1701,1511,49.68
100998,428,1238,40.68
90917,108,964,31.68
90917,116,902,29.68
90917,306,964,31.68
45548,1812,1695,55.68
10604,915,3643,119.68
10604,998,3643,119.68
96684,108,841,27.68
96684,1801,994,32.68
57467,202,1299,42.68
57467,304,1391,45.68
20383,713,3368,110.68
20383,1105,4252,139.68
20383,1898,4252,139.68
46559,198,1725,56.68
46559,202,964,31.68
46559,1701,3156,103.68
86940,307,841,27.68
86940,423,1817,59.68
70924,1112,1115,36.68
36317,412,1664,54.68
36317,426,1664,54.68
36317,1615,2151,70.68
36317,1898,2455,80.68
45982,304,2455,80.68
45982,305,2090,68.68
45982,1117,2182,71.68
44840,1617,2821,92.68
44840,1801,1360,44.68
66978,398,1480,48.68
66978,404,933,30.68
66978,407,933,30.68
66978,408,872,28.68
66978,714,1452,47.68
66978,1105,933,30.68
66978,1108,1937,63.68
66978,1113,964,31.68
103637,306,690,22.68
103637,1703,629,20.68
103637,1817,599,19.68
7394,202,841,27.68
7394,432,1177,38.68
7394,1616,1268,41.68
7394,1812,994,32.68
49116,1617,2182,71.68
49116,1701,1025,33.68
65917,428,2121,69.68
65917,916,1086,35.68
65917,1617,1664,54.68
65917,1813,2941,96.68
89755,705,1876,61.68
89755,1601,2090,68.68
89755,1614,2090,68.68
64984,1640,3278,107.68
5685,1616,2760,90.68
44721,306,1330,43.68
44721,498,3186,104.68
44721,1616,1786,58.68
94824,1312,2576,84.68
94824,1416,3490,114.68
14174,198,1299,42.68
14174,398,933,30.68
14174,1898,1299,42.68
92361,1816,1025,33.68
74724,202,3521,115.68
74724,504,2821,92.68
16214,304,4068,133.68
16214,305,3094,101.68
16214,307,3094,101.68
16214,404,3612,118.68
16214,612,5012,164.68
16214,1312,3551,116.68
16214,1701,2486,81.68
16214,1801,2576,84.68
16214,1814,5255,172.68
99809,914,749,24.68
100838,1798,994,32.68
100838,1898,1115,36.68
91769,304,872,28.68
91769,1801,872,28.68
5820,411,2425,79.68
5820,426,1330,43.68
5820,498,1907,62.68
5820,1809,2272,74.68
13878,202,902,29.68
13878,298,2455,80.68
13878,607,3247,106.68
13878,698,3247,106.68
13878,1708,1025,33.68
13878,1817,1055,34.68
58437,1630,2638,86.68
90214,307,841,27.68
7421,304,1299,42.68
7421,307,1299,42.68
7421,798,1421,46.68
7421,1605,4555,149.68
7421,1617,1238,40.68
7421,1623,5316,174.68
66777,805,933,30.68
66777,1305,1421,46.68
66777,1627,3582,117.68
12884,306,2821,92.68
12884,398,2821,92.68
12884,798,1177,38.68
12884,809,3186,104.68
12884,1802,3217,105.68
10759,709,2182,71.68
28076,1817,1025,33.68
28640,202,1725,56.68
28640,423,2791,91.68
28640,915,1664,54.68
28640,916,1998,65.68
28640,1703,1299,42.68
28640,1801,2455,80.68
57553,1617,2121,69.68
57553,1817,1421,46.68
30360,304,994,32.68
30360,305,3337,109.68
30360,306,3278,107.68
30360,1118,1146,37.68
12845,202,994,32.68
12845,714,994,32.68
12845,1117,1725,56.68
12845,1903,994,32.68
28170,198,1968,64.68
68353,202,933,30.68
68353,304,933,30.68
68353,305,1299,42.68
68353,405,902,29.68
68353,1637,4617,151.68
68353,1701,1542,50.68
68353,1801,3186,104.68
48389,304,1330,43.68
48389,306,1391,45.68
48389,1617,1756,57.68
48389,1701,1086,35.68
93855,305,1268,41.68
93855,1898,1268,41.68
38626,1898,1542,50.68
61349,1198,3612,118.68
61349,406,1664,54.68
61349,1117,2913,95.68
61349,1634,2882,94.68
45618,498,3551,116.68
45618,1630,3582,117.68
10410,202,2729,89.68
10410,305,1146,37.68
10410,415,2182,71.68
10410,1603,3125,102.68
88620,1609,2638,86.68
88620,1617,2638,86.68
88620,1898,2425,79.68
100106,305,749,24.68
100106,306,749,24.68
100106,805,599,19.68
100106,1305,1115,36.68
47464,298,902,29.68
47464,1105,2455,80.68
47464,1704,1146,37.68
33332,304,1452,47.68
33332,1710,1786,58.68
33332,1798,2029,66.68
33332,1801,2547,83.68
14326,898,1238,40.68
14326,905,1238,40.68
14326,898,1238,40.68
14326,905,1238,40.68
14326,911,1238,40.68
14326,1407,933,30.68
31001,1215,1086,35.68
42011,1801,1756,57.68
42011,1804,3763,123.68
42011,1805,3763,123.68
23403,1112,1086,35.68
15264,705,964,31.68
79812,713,4252,139.68
79812,1113,1207,39.68
79812,1627,4374,143.68
86738,410,5713,187.68
86738,1113,1695,55.68
86738,1801,2210,72.68
99999,1113,1452,47.68
99999,1306,994,32.68
99999,1627,1725,56.68
99999,1634,2699,88.68
94419,201,964,31.68
94419,915,1695,55.68
94419,1211,994,32.68
94419,1704,2882,94.68
94419,1798,1907,62.68
99111,116,2791,91.68
99111,304,568,18.68
99111,398,5073,166.68
99111,411,5073,166.68
99111,432,3490,114.68
99111,504,2060,67.68
99111,598,1725,56.68
99111,712,4951,162.68
99111,916,721,23.68
99111,1198,2394,78.68
99111,1312,933,30.68
99111,1616,2547,83.68
99111,1617,4708,154.68
99111,1634,5012,164.68
99111,1801,4252,139.68
99111,1812,3551,116.68
99111,1898,3094,101.68
7504,424,872,28.68
7504,1305,1330,43.68
7504,1619,4798,157.68
29662,1112,1786,58.68
29662,1601,1786,58.68
76976,116,1695,55.68
76976,304,1695,55.68
76976,305,1603,52.68
76976,809,902,29.68
513,412,933,30.68
513,809,2090,68.68
513,1117,2760,90.68
513,1617,2699,88.68
27696,202,1421,46.68
27696,809,1480,48.68
95081,1105,2333,76.68
95081,1898,2029,66.68
88268,304,1268,41.68
88268,504,1177,38.68
88268,1701,1177,38.68
58403,708,1146,37.68
58403,1105,1725,56.68
58403,1113,994,32.68
81956,432,1786,58.68
81956,1622,2821,92.68
81956,1701,1664,54.68
7869,116,1115,36.68
7869,305,1845,60.68
7869,406,2455,80.68
7869,1113,1480,48.68
7869,1637,2791,91.68
86970,1098,964,31.68
30972,412,1055,34.68
30972,423,2090,68.68
30972,708,994,32.68
30972,712,1055,34.68
30972,713,1452,47.68
30972,1622,1756,57.68
30972,1627,1421,46.68
30972,1640,1299,42.68
30972,1698,1268,41.68
70271,1801,1695,55.68
80049,102,2972,97.68
80049,202,1664,54.68
80049,304,933,30.68
80049,307,933,30.68
80049,426,3186,104.68
80049,432,2821,92.68
80049,498,1786,58.68
80049,612,3186,104.68
80049,712,3217,105.68
80049,798,3247,106.68
80049,804,1086,35.68
80049,915,902,29.68
80049,1106,1725,56.68
80049,1113,1725,56.68
80049,1701,1480,48.68
89311,202,1511,49.68
89311,915,872,28.68
89311,1617,872,28.68
68143,108,1177,38.68
68143,307,1207,39.68
68143,504,872,28.68
68143,914,1603,52.68
68143,1801,1238,40.68
82967,305,3551,116.68
82967,306,3551,116.68
82967,411,3125,102.68
82967,916,3612,118.68
95938,306,2182,71.68
82623,102,2210,72.68
82623,304,1025,33.68
82623,305,1025,33.68
82623,307,1025,33.68
82623,898,2333,76.68
82623,1112,1360,44.68
32817,198,1146,37.68
32817,498,1146,37.68
32817,504,1146,37.68
32817,711,1542,50.68
32817,915,1542,50.68
32817,1110,2455,80.68
32817,1113,2455,80.68
32817,1298,1542,50.68
77966,202,1480,48.68
77966,1298,1391,45.68
24722,117,1360,44.68
24722,306,2972,97.68
24722,1617,3824,125.68
24722,1801,3125,102.68
81058,1801,2151,70.68
1149,202,1207,39.68
1149,412,1177,38.68
1149,424,1299,42.68
1149,1215,1756,57.68
1149,1628,1299,42.68
92853,1630,4190,137.68
630,102,1725,56.68
630,426,2821,92.68
630,915,1238,40.68
630,1617,3217,105.68
97971,304,690,22.68
97971,305,690,22.68
97971,306,690,22.68
97971,423,1756,57.68
97971,504,1268,41.68
97971,1605,4920,161.68
98213,408,1086,35.68
98213,1898,749,24.68
70424,304,1146,37.68
70424,1605,2121,69.68
102323,203,2060,67.68
102323,411,2060,67.68
102323,423,964,31.68
102323,909,1968,64.68
62069,102,1756,57.68
62069,411,1391,45.68
62069,1817,1603,52.68
18241,412,872,28.68
18241,1701,841,27.68
60578,426,2151,70.68
60578,1617,1817,59.68
60578,1701,1907,62.68
79361,305,2363,77.68
79361,306,2363,77.68
79361,311,994,32.68
79361,798,2210,72.68
79361,1098,2607,85.68
79361,1112,2638,86.68
79361,1113,994,32.68
79361,1198,994,32.68
79361,1617,2090,68.68
79361,1898,2668,87.68
62189,202,1998,65.68
57622,304,1055,34.68
65647,411,1391,45.68
65647,1619,1360,44.68
65647,1637,1330,43.68
82709,498,2791,91.68
82709,504,3977,130.68
82709,1102,3977,130.68
82709,304,3186,104.68
82709,313,3977,130.68
82709,419,2760,90.68
82709,1117,3186,104.68
82709,1634,3125,102.68
82709,1640,3125,102.68
82709,1817,2272,74.68
82709,1909,3125,102.68
25979,305,2241,73.68
25979,708,1603,52.68
25979,712,1572,51.68
25979,1817,1664,54.68
86941,120,3733,122.68
86941,1801,2090,68.68
70218,202,5012,164.68
70218,423,5012,164.68
70218,428,1725,56.68
70218,1617,4617,151.68
61728,705,1360,44.68
61728,1605,1086,35.68
61728,1622,1391,45.68
61728,1898,1542,50.68
77068,411,902,29.68
77068,1706,964,31.68
51216,1105,841,27.68
51216,1627,3521,115.68
90718,432,872,28.68
90718,1898,1330,43.68
52049,305,2941,96.68
52049,406,1268,41.68
52049,705,1268,41.68
52049,1112,1115,36.68
52049,1113,1146,37.68
32543,1801,3824,125.68
8245,414,1055,34.68
8245,426,1299,42.68
8245,498,1421,46.68
8245,809,1115,36.68
8245,998,1391,45.68
8245,1112,933,30.68
8245,1113,902,29.68
8245,1619,1511,49.68
34142,304,1330,43.68
34142,305,1330,43.68
34142,1312,2394,78.68
34142,1705,1876,61.68
34142,1801,2394,78.68
48144,705,902,29.68
48144,1605,2121,69.68
48144,1801,2699,88.68
5212,1109,1238,40.68
5212,1703,1299,42.68
5212,1805,1268,41.68
43401,1801,4678,153.68
10514,1298,2972,97.68
10514,1625,2699,88.68
10514,1801,1876,61.68
10514,1803,2547,83.68
76542,304,902,29.68
76542,1605,2913,95.68
76542,1701,3033,99.68
76542,1801,2576,84.68
78234,404,1207,39.68
16106,109,1452,47.68
16106,304,994,32.68
16106,504,994,32.68
16106,1601,2760,90.68
54561,407,1695,55.68
54561,1106,4252,139.68
54561,1198,4252,139.68
54561,1630,5743,188.68
8253,102,2791,91.68
8253,205,933,30.68
96095,411,964,31.68
96095,713,872,28.68
98906,205,1146,37.68
98906,304,1025,33.68
98906,1801,1268,41.68
102585,305,994,32.68
102585,306,994,32.68
102585,411,2121,69.68
102585,426,3186,104.68
102585,1110,537,17.68
102585,1112,537,17.68
102585,1113,1360,44.68
102585,1617,5073,166.68
23282,1212,1115,36.68
23282,1898,1115,36.68
52369,1601,1146,37.68
52369,1704,1360,44.68
62741,208,2516,82.68
62741,606,2486,81.68
62741,1198,2729,89.68
62741,1701,1603,52.68
62741,1810,2699,88.68
95211,305,933,30.68
95211,1105,3247,106.68
95211,1817,780,25.68
55221,202,1817,59.68
55221,305,3947,129.68
55221,1801,2151,70.68
76699,715,1391,45.68
76699,1198,1998,65.68
76699,1634,4129,135.68
76699,1637,4068,133.68
83799,306,1480,48.68
83799,915,2972,97.68
83799,1605,2729,89.68
83799,1637,3490,114.68
83799,1812,1115,36.68
15494,406,5377,176.68
15494,407,5012,164.68
15494,1111,1633,53.68
15494,1634,5012,164.68
15494,1801,1238,40.68
88859,698,994,32.68
88859,1622,841,27.68
88859,1634,872,28.68
27873,304,2791,91.68
27873,504,964,31.68
27873,612,964,31.68
27873,1110,1695,55.68
8691,1198,5255,172.68
8691,102,1299,42.68
8691,305,2852,93.68
8691,307,2852,93.68
8691,1307,3916,128.68
74807,611,2151,70.68
74807,713,3733,122.68
74807,1617,4068,133.68
27114,804,1725,56.68
27114,1617,1786,58.68
82719,898,2210,72.68
82719,906,2210,72.68
82719,908,2210,72.68
82719,916,1146,37.68
76718,406,2333,76.68
76718,411,1238,40.68
76718,1701,1511,49.68
91024,426,1207,39.68
91024,498,749,24.68
91024,1605,1603,52.68
91024,1622,2060,67.68
91024,1998,749,24.68
66803,305,1299,42.68
16183,306,1177,38.68
80702,202,2394,78.68
80702,426,2455,80.68
80702,916,2607,85.68
80702,1605,1725,56.68
80702,1612,1299,42.68
80702,1812,2090,68.68
83011,1617,1025,33.68
92470,1813,2852,93.68
62568,712,1146,37.68
3800,201,3186,104.68
3800,205,3186,104.68
3800,305,1207,39.68
3800,405,1025,33.68
3800,709,3186,104.68
7136,112,2210,72.68
7467,412,2821,92.68
82202,202,2576,84.68
82202,406,2576,84.68
82202,407,2547,83.68
82202,412,2182,71.68
82202,423,2182,71.68
59375,1108,2333,76.68
76199,103,1268,41.68
76199,108,1937,63.68
76199,414,1817,59.68
76199,706,1876,61.68
76199,798,1876,61.68
76199,1113,2029,66.68
76199,1801,3671,120.68
51302,430,2425,79.68
51302,708,1664,54.68
51302,1601,1786,58.68
51302,1617,2547,83.68
63772,1105,1115,36.68
37874,108,1177,38.68
37874,1015,1330,43.68
100978,305,1937,63.68
100978,408,749,24.68
100978,412,749,24.68
100978,423,749,24.68
100978,424,749,24.68
80382,705,872,28.68
80382,1110,2455,80.68
80382,1804,3094,101.68
80382,1810,3094,101.68
2926,406,4739,155.68
2926,916,3429,112.68
2926,1110,1998,65.68
2926,1701,3824,125.68
33913,430,1086,35.68
12289,198,1756,57.68
12289,311,1725,56.68
12289,398,1725,56.68
12289,412,1330,43.68
12289,706,1786,58.68
12289,708,1633,53.68
12289,1114,1330,43.68
12289,1605,1695,55.68
12289,1617,1695,55.68
12289,1704,1299,42.68
12289,1816,1146,37.68
12289,1898,1330,43.68
12289,1998,1786,58.68
64054,1810,2060,67.68
84580,1304,1360,44.68
74183,102,1391,45.68
74183,305,1633,53.68
74183,306,1633,53.68
74183,1812,4037,132.68
16361,798,1817,59.68
16361,1622,1177,38.68
51969,304,2516,82.68
73391,305,3306,108.68
32385,498,964,31.68
32385,504,1115,36.68
32385,519,1115,36.68
32385,1898,964,31.68
61040,1113,994,32.68
28871,307,964,31.68
28871,712,2363,77.68
24155,304,1360,44.68
24155,1113,2090,68.68
24155,1622,1725,56.68
24155,1805,4798,157.68
56178,304,660,21.68
43596,1617,1146,37.68
87706,915,3763,123.68
87706,1812,1330,43.68
89414,1298,2121,69.68
89414,1215,2121,69.68
93366,498,841,27.68
93663,313,2941,96.68
93663,415,2941,96.68
11813,101,933,30.68
11813,102,3217,105.68
11813,201,1572,51.68
11813,304,4555,149.68
11813,305,4525,148.68
11813,428,1299,42.68
11813,906,1115,36.68
11813,1215,3003,98.68
92278,504,1299,42.68
37189,915,964,31.68
37189,1110,1725,56.68
38072,103,5043,165.68
38072,205,1391,45.68
38072,426,4982,163.68
38072,608,1086,35.68
38072,712,4920,161.68
38072,1701,3306,108.68
38072,1709,2333,76.68
72481,304,994,32.68
72481,306,994,32.68
72481,307,994,32.68
72481,313,2090,68.68
72481,1701,1207,39.68
90009,1010,994,32.68
66375,1798,902,29.68
44277,1615,1452,47.68
44277,1698,1452,47.68
44277,1998,1452,47.68
90329,202,2882,94.68
90329,1898,3094,101.68
87380,202,2394,78.68
87380,708,2090,68.68
87380,1617,1177,38.68
87380,1704,2516,82.68
87380,1805,2302,75.68
52899,202,1937,63.68
52899,407,2394,78.68
102630,498,476,15.68
65856,1801,1511,49.68
27480,307,2363,77.68
27480,426,4708,154.68
27480,708,3459,113.68
27480,898,2729,89.68
27480,914,2729,89.68
27480,915,2576,84.68
27480,1605,4555,149.68
27480,1612,3824,125.68
27480,1701,3156,103.68
2363,305,1086,35.68
2363,307,1086,35.68
2363,310,4767,156.68
2363,1111,1299,42.68
2363,1701,4678,153.68
2093,1198,1511,49.68
2093,1217,1511,49.68
33255,798,2425,79.68
33255,1598,2029,66.68
33255,304,1330,43.68
33255,306,1330,43.68
33255,712,2425,79.68
33255,1217,2029,66.68
33255,1605,2272,74.68
33255,1617,2272,74.68
103095,1617,476,15.68
103500,504,1786,58.68
72121,1801,3551,116.68
12811,198,4008,131.68
12811,201,1876,61.68
12811,304,1511,49.68
12811,516,1391,45.68
12811,1106,1146,37.68
12811,1312,4798,157.68
20573,102,2972,97.68
20573,201,1511,49.68
20573,428,3702,121.68
20573,1110,1876,61.68
20573,1701,2210,72.68
20573,1810,749,24.68
55336,202,1055,34.68
55336,423,1025,33.68
55336,708,933,30.68
55336,1617,1268,41.68
93577,305,749,24.68
93577,306,749,24.68
93577,1605,4068,133.68
93577,1622,1695,55.68
93577,1637,1695,55.68
42144,404,1177,38.68
42144,412,1146,37.68
42144,423,1207,39.68
42144,426,1146,37.68
26668,108,1603,52.68
26668,305,1603,52.68
26668,310,5194,170.68
26668,406,5194,170.68
26668,410,5194,170.68
26668,426,5194,170.68
26668,1701,3033,99.68
26668,1817,1421,46.68
93591,305,1115,36.68
93591,306,1115,36.68
93591,1801,2699,88.68
93591,1898,1115,36.68
26299,103,1391,45.68
26299,201,1511,49.68
26299,605,1086,35.68
26299,1105,3947,129.68
26299,1305,2547,83.68
26299,1307,1664,54.68
26299,1802,3094,101.68
70662,116,2729,89.68
70662,205,1452,47.68
70662,304,1452,47.68
70662,411,1756,57.68
70662,432,5804,190.68
70662,504,2363,77.68
70662,908,1664,54.68
70662,1111,2302,75.68
70662,1215,6169,202.68
70662,1605,5469,179.68
70662,1637,5774,189.68
70662,1703,1845,60.68
70662,1812,3582,117.68
7516,101,1055,34.68
7516,103,1055,34.68
7516,119,1055,34.68
7516,304,4798,157.68
7516,305,2821,92.68
7516,307,2821,92.68
7516,504,2455,80.68
7516,598,2060,67.68
7516,1111,4829,158.68
90425,103,6412,210.68
90425,304,1998,65.68
90425,305,2151,70.68
90425,404,5285,173.68
90425,426,6746,221.68
90425,809,1146,37.68
90425,1118,841,27.68
90425,1304,6412,210.68
90425,1407,841,27.68
90425,1498,841,27.68
46648,498,1146,37.68
103399,504,933,30.68
103399,511,902,29.68
82102,202,902,29.68
82102,1703,1177,38.68
76454,406,1146,37.68
76454,412,1146,37.68
76454,1622,1207,39.68
6558,1198,2090,68.68
6558,1117,2090,68.68
87697,1101,3702,121.68
87697,305,1845,60.68
87697,1810,3702,121.68
49891,202,4798,157.68
49891,305,1876,61.68
49891,405,5743,188.68
49891,407,5743,188.68
49891,410,5743,188.68
49891,414,2972,97.68
49891,426,5743,188.68
36329,101,2363,77.68
36329,198,2363,77.68
36329,198,2363,77.68
36329,423,2121,69.68
36329,426,2121,69.68
36329,428,2121,69.68
36329,809,1330,43.68
9532,118,2241,73.68
9532,304,2972,97.68
9532,305,2972,97.68
9532,504,690,22.68
9532,803,690,22.68
69643,1812,2547,83.68
98375,1614,690,22.68
98375,1627,690,22.68
45594,304,3521,115.68
45594,1117,2029,66.68
45943,412,1330,43.68
45943,712,1330,43.68
83098,102,2182,71.68
83098,305,1786,58.68
83098,504,5163,169.68
83098,914,2241,73.68
97918,1113,902,29.68
97918,1812,1207,39.68
78817,1706,2363,77.68
12278,405,1268,41.68
42536,1014,3612,118.68
42536,1105,994,32.68
42536,1898,3824,125.68
67766,104,1238,40.68
67766,304,2607,85.68
67766,713,4099,134.68
67766,1798,4129,135.68
40900,198,3977,130.68
40900,112,3977,130.68
40900,713,2486,81.68
40900,1804,3671,120.68
41337,304,1845,60.68
97847,406,3916,128.68
97847,1113,690,22.68
97847,1307,1086,35.68
97847,1619,4129,135.68
97847,1801,2455,80.68
40976,101,1511,49.68
40976,198,1511,49.68
40976,306,1817,59.68
40976,602,1268,41.68
40976,809,2821,92.68
40976,1117,4555,149.68
40976,1307,1998,65.68
40976,1627,2394,78.68
40976,1704,4708,154.68
34100,1810,1330,43.68
94049,1605,1603,52.68
80349,1803,2394,78.68
27919,423,4982,163.68
27919,1309,4982,163.68
4204,304,2394,78.68
67505,1198,964,31.68
67505,412,1330,43.68
67505,1117,964,31.68
67505,1617,1421,46.68
86512,412,1025,33.68
86512,708,1025,33.68
86512,1113,1025,33.68
7379,426,2182,71.68
7379,498,2182,71.68
7379,705,2852,93.68
7379,712,2151,70.68
7379,1112,1299,42.68
101038,1014,2090,68.68
101038,1117,1299,42.68
49009,102,1177,38.68
49009,423,1025,33.68
49009,428,994,32.68
49009,916,1299,42.68
49009,1111,2090,68.68
49009,1622,4494,147.68
49009,1637,4494,147.68
45374,1805,2394,78.68
1563,201,1725,56.68
1563,504,1360,44.68
1563,908,1177,38.68
1563,1904,5743,188.68
2340,102,1725,56.68
2340,201,1330,43.68
2340,304,3763,123.68
2340,305,3763,123.68
2340,307,3763,123.68
2340,1801,2821,92.68
81341,1117,1511,49.68
81341,1705,1391,45.68
81341,1808,1452,47.68
98066,1640,1055,34.68
71095,198,2210,72.68
89726,305,1786,58.68
19118,405,2029,66.68
19118,423,2029,66.68
19118,426,2029,66.68
19118,713,2821,92.68
19118,1817,1146,37.68
59141,304,1786,58.68
59141,305,1421,46.68
59141,307,1786,58.68
59141,428,1055,34.68
59141,713,1025,33.68
59141,1611,1756,57.68
57312,304,964,31.68
57312,307,964,31.68
40529,109,1695,55.68
40529,706,1633,53.68
78528,426,1360,44.68
78528,1617,1937,63.68
72789,1215,2638,86.68
72789,1627,1633,53.68
60754,304,2516,82.68
60754,1817,1817,59.68
75948,712,1633,53.68
75948,908,1633,53.68
75948,1306,1633,53.68
75948,1812,3094,101.68
90551,1805,3947,129.68
55941,1637,1025,33.68
96775,412,933,30.68
29124,198,3217,105.68
29124,202,1299,42.68
29124,298,1299,42.68
29124,404,1330,43.68
29124,406,1330,43.68
29124,410,1330,43.68
29124,426,1360,44.68
29124,432,3947,129.68
29124,1198,2363,77.68
29124,1805,3916,128.68
29124,1811,1480,48.68
29124,1813,1360,44.68
29124,1817,1115,36.68
87724,102,1055,34.68
87724,1106,1238,40.68
87724,1204,1055,34.68
87724,1205,872,28.68
77829,306,1025,33.68
77829,423,1542,50.68
77829,708,1452,47.68
77829,1617,1511,49.68
77829,1637,1542,50.68
77829,1798,1025,33.68
77829,1813,933,30.68
77829,1816,1542,50.68
77829,1817,964,31.68
2301,411,1695,55.68
2301,705,1391,45.68
2301,915,2486,81.68
37814,908,1452,47.68
40554,610,3094,101.68
40554,1605,3125,102.68
40554,1622,1086,35.68
40554,1634,1480,48.68
40554,1801,1238,40.68
40554,1812,3459,113.68
89886,714,2668,87.68
89886,914,2425,79.68
89886,1110,3125,102.68
89886,1112,1055,34.68
89886,1113,3125,102.68
89886,1198,2516,82.68
89886,1905,964,31.68
82032,304,1845,60.68
82032,305,1480,48.68
82032,306,1115,36.68
82032,1113,1725,56.68
82032,1817,1633,53.68
21968,203,1876,61.68
21968,410,2607,85.68
21968,414,3217,105.68
21968,423,1876,61.68
21968,425,1876,61.68
21968,426,2972,97.68
46355,1215,964,31.68
46355,1640,1968,64.68
46355,1801,1086,35.68
72167,104,2913,95.68
68035,512,3916,128.68
68035,516,2729,89.68
68035,598,3916,128.68
68035,602,2607,85.68
68035,605,4798,157.68
68035,612,2607,85.68
28422,202,1421,46.68
28422,304,1876,61.68
28422,712,2060,67.68
28422,1617,1238,40.68
28422,1630,2151,70.68
28422,1898,1391,45.68
2942,202,1695,55.68
2942,423,1238,40.68
2942,1119,2547,83.68
2942,1216,933,30.68
33534,202,2486,81.68
33534,405,1268,41.68
33534,498,1238,40.68
33534,914,2182,71.68
33534,1817,1664,54.68
17810,102,1511,49.68
17810,203,1511,49.68
17810,304,2638,86.68
17810,428,1421,46.68
17810,504,1511,49.68
17810,809,994,32.68
91700,798,1146,37.68
100439,1198,3217,105.68
100439,202,690,22.68
100439,713,2241,73.68
100439,1198,3217,105.68
100439,1298,2852,93.68
100439,1614,690,22.68
100439,1617,3186,104.68
100439,1627,2516,82.68
100439,1703,2090,68.68
11623,426,1817,59.68
11623,1105,2516,82.68
11623,1801,2151,70.68
61073,426,994,32.68
61073,712,1299,42.68
61073,1609,1391,45.68
61073,1617,1391,45.68
61073,1798,1299,42.68
69658,104,2241,73.68
69658,305,1907,62.68
69658,306,1907,62.68
8348,425,2029,66.68
8348,1117,1817,59.68
8348,1613,2029,66.68
8348,1617,1876,61.68
8348,1637,1876,61.68
89423,107,1115,36.68
89423,304,1177,38.68
75538,1617,1756,57.68
68432,202,1756,57.68
68432,411,1786,58.68
68432,412,1633,53.68
68432,426,1725,56.68
68432,605,1725,56.68
68432,712,1633,53.68
68432,1609,1876,61.68
68432,1898,1177,38.68
86666,298,2090,68.68
79465,1198,2182,71.68
79465,1601,3278,107.68
79465,1703,2547,83.68
79465,1801,2090,68.68
102992,414,507,16.68
102992,1117,2607,85.68
102992,1703,1998,65.68
47514,1617,2302,75.68
47514,1801,994,32.68
13081,1812,3186,104.68
47609,406,841,27.68
47609,1801,1845,60.68
51398,1609,1695,55.68
71253,305,3186,104.68
95100,198,3521,115.68
95100,102,2972,97.68
95100,908,811,26.68
95100,915,3186,104.68
95100,1609,3186,104.68
40185,1703,2060,67.68
35973,410,1238,40.68
35973,1215,3156,103.68
35973,1605,3521,115.68
35973,1709,1330,43.68
37373,305,1025,33.68
37373,1304,2913,95.68
37373,1805,1146,37.68
3158,432,994,32.68
3158,1640,2394,78.68
80614,108,994,32.68
80614,398,964,31.68
80614,411,2060,67.68
80614,719,3306,108.68
80614,1110,1664,54.68
21811,1609,1786,58.68
85106,424,1391,45.68
85106,1609,1177,38.68
24854,1634,3247,106.68
24854,1703,964,31.68
24854,1704,1633,53.68
24854,1798,1299,42.68
24854,1801,2760,90.68
31508,198,1664,54.68
31508,304,2913,95.68
31508,711,1511,49.68
31508,914,1268,41.68
31508,915,1268,41.68
31508,1605,2394,78.68
73199,423,1452,47.68
69619,601,3733,122.68
69619,305,1299,42.68
69619,1117,2607,85.68
69619,1704,2791,91.68
77522,708,1299,42.68
77522,809,1268,41.68
2961,1616,1511,49.68
3676,203,994,32.68
3676,305,1025,33.68
3676,306,1360,44.68
3676,1617,1268,41.68
3676,1801,1025,33.68
3676,1804,1025,33.68
3676,1810,3733,122.68
69457,915,2241,73.68
90296,1110,1695,55.68
90296,1798,1115,36.68
72129,202,2121,69.68
72129,498,1360,44.68
22024,898,1511,49.68
22024,1106,1511,49.68
22024,1113,1511,49.68
22024,1634,1998,65.68
22024,1637,1998,65.68
22024,1801,1695,55.68
22024,1810,5743,188.68
50998,1617,1756,57.68
50998,1701,2607,85.68
50998,1801,5043,165.68
17516,1628,4221,138.68
17516,1701,3916,128.68
17516,1816,1360,44.68
5281,1802,902,29.68
6917,406,1115,36.68
6917,1298,933,30.68
55024,406,1086,35.68
55024,1812,690,22.68
56961,1801,3551,116.68
87108,426,3551,116.68
87108,428,1695,55.68
87108,604,1876,61.68
87108,605,1876,61.68
87108,612,1876,61.68
60733,307,1786,58.68
60733,405,2882,94.68
60733,1205,1421,46.68
30314,426,1268,41.68
85370,504,4464,146.68
85370,109,872,28.68
85370,307,1480,48.68
85370,504,4464,146.68
85370,1215,1299,42.68
85370,1605,4464,146.68
85370,1617,4464,146.68
47373,915,2302,75.68
11769,304,1968,64.68
38466,304,4767,156.68
38466,405,1633,53.68
38466,1812,3337,109.68
85263,102,933,30.68
85263,205,933,30.68
85263,305,2210,72.68
85263,1113,933,30.68
85263,1619,5713,187.68
73096,426,3217,105.68
73096,1112,2760,90.68
73096,1605,3186,104.68
73096,1617,3217,105.68
73096,1626,3156,103.68
73096,1803,3003,98.68
86715,101,780,25.68
86715,102,1146,37.68
86715,305,1725,56.68
86715,504,1146,37.68
21588,109,1603,52.68
21588,114,2791,91.68
21588,120,2791,91.68
21588,407,3824,125.68
21588,426,3247,106.68
21588,712,3247,106.68
21588,1622,3977,130.68
21588,1640,2029,66.68
21588,1898,1511,49.68
9963,305,1421,46.68
9963,306,1421,46.68
9963,428,1086,35.68
9963,1634,3398,111.68
39805,712,1207,39.68
39805,1798,1299,42.68
42906,304,994,32.68
42906,1113,994,32.68
42906,1637,4190,137.68
14334,305,1146,37.68
35879,398,1998,65.68
35879,1298,1998,65.68
35879,398,1998,65.68
35879,1298,1998,65.68
6363,102,2913,95.68
6363,305,3306,108.68
6363,428,5469,179.68
6363,504,2090,68.68
6363,605,1207,39.68
6363,1111,3125,102.68
6363,1704,5621,184.68
6363,1803,2394,78.68
6363,1813,4282,140.68
44672,406,1055,34.68
44672,498,872,28.68
74632,426,1391,45.68
74632,1698,3947,129.68
74632,1705,1207,39.68
50298,198,1968,64.68
50298,1198,1025,33.68
90403,205,872,28.68
90403,305,841,27.68
90403,309,841,27.68
90403,504,872,28.68
90403,605,841,27.68
90403,714,872,28.68
90403,1117,872,28.68
90403,1298,872,28.68
90403,1616,872,28.68
90403,1634,872,28.68
66473,102,1299,42.68
66473,304,1421,46.68
66473,305,1025,33.68
66473,307,1299,42.68
66473,1113,841,27.68
81707,713,2060,67.68
81707,1637,994,32.68
87870,101,994,32.68
87870,102,1845,60.68
87870,104,994,32.68
87870,201,994,32.68
87870,203,1299,42.68
87870,205,1360,44.68
87870,304,9181,301.68
87870,305,1876,61.68
87870,504,994,32.68
87870,1614,9030,296.68
50907,1801,994,32.68
76511,405,1391,45.68
76511,1605,1664,54.68
18648,306,1452,47.68
18648,1498,902,29.68
18648,1801,2729,89.68
18648,1810,3094,101.68
18648,1903,902,29.68
80865,1801,933,30.68
51394,304,2941,96.68
51394,1117,5104,167.68
51394,1898,4647,152.68
27063,304,1876,61.68
27063,305,1876,61.68
27063,307,1876,61.68
27063,713,4008,131.68
27063,1111,1330,43.68
60731,305,1572,51.68
60731,411,1268,41.68
60731,504,1937,63.68
60731,705,2090,68.68
60731,908,994,32.68
60731,1701,5560,182.68
60731,1798,5560,182.68
33965,304,1238,40.68
33965,311,1238,40.68
33965,1617,1330,43.68
33965,1630,1756,57.68
82279,411,1360,44.68
8166,504,1207,39.68
82394,101,1086,35.68
82394,102,1025,33.68
82394,205,1025,33.68
82394,305,994,32.68
82394,708,994,32.68
82394,916,964,31.68
82394,1816,1055,34.68
82394,1898,1086,35.68
45211,1815,1603,52.68
51518,116,1998,65.68
51518,205,1664,54.68
51518,305,2668,87.68
51518,511,2363,77.68
51518,798,2363,77.68
51518,1119,1452,47.68
35824,405,2060,67.68
35824,412,2060,67.68
35824,712,2060,67.68
71374,304,1238,40.68
71374,305,1238,40.68
71374,428,1146,37.68
86858,398,1268,41.68
52183,305,2241,73.68
52183,898,1511,49.68
67353,601,1725,56.68
67353,1617,1603,52.68
67353,1817,1086,35.68
84592,798,5163,169.68
84592,916,2121,69.68
15316,423,2547,83.68
15316,426,2547,83.68
15316,712,2547,83.68
15316,719,2547,83.68
15316,1108,2547,83.68
98034,1605,721,23.68
25446,202,2241,73.68
25446,206,1756,57.68
25446,412,2241,73.68
25446,712,2302,75.68
25446,1215,1725,56.68
25446,1298,1511,49.68
25446,1609,2333,76.68
25446,1616,2333,76.68
25446,1617,2302,75.68
25446,1622,2333,76.68
25446,1634,2333,76.68
25446,1637,2333,76.68
25446,1640,2333,76.68
8264,409,4129,135.68
8264,1815,1299,42.68
8264,1902,4129,135.68
93792,809,2607,85.68
22672,898,3398,111.68
22672,305,1115,36.68
22672,306,1115,36.68
22672,809,2151,70.68
22672,1801,2791,91.68
22672,1803,994,32.68
93602,304,872,28.68
93602,305,780,25.68
26960,108,1299,42.68
26960,1640,1330,43.68
66333,107,1998,65.68
66333,601,1968,64.68
66333,607,1968,64.68
39763,1812,1725,56.68
88930,102,1603,52.68
88930,202,4343,142.68
88930,205,964,31.68
88930,304,1299,42.68
88930,708,1542,50.68
88930,709,1542,50.68
88930,898,1542,50.68
88930,1801,4739,155.68
88930,1898,1299,42.68
64639,202,1177,38.68
64639,423,1177,38.68
64639,504,811,26.68
57262,1627,1786,58.68
3309,304,964,31.68
3309,305,1177,38.68
3309,306,1177,38.68
3309,307,1177,38.68
29783,424,1725,56.68
29783,426,1664,54.68
29783,1601,902,29.68
102021,1801,1207,39.68
102021,1817,1025,33.68
75313,498,1055,34.68
75313,1640,964,31.68
90152,202,2607,85.68
90152,205,1786,58.68
90152,304,1968,64.68
90152,406,2151,70.68
36125,306,2121,69.68
36125,398,2972,97.68
36125,424,872,28.68
36125,428,2913,95.68
36125,714,1177,38.68
36125,809,1238,40.68
36125,916,2972,97.68
36125,1801,1633,53.68
64445,406,872,28.68
64445,407,872,28.68
64445,423,872,28.68
64445,426,1055,34.68
64445,1113,1146,37.68
81969,304,841,27.68
81969,305,964,31.68
81969,307,841,27.68
81969,405,1876,61.68
81969,908,933,30.68
81969,1407,902,29.68
81969,1633,933,30.68
81102,501,3217,105.68
81102,111,4798,157.68
81102,518,3612,118.68
81102,1627,2363,77.68
81102,1798,1421,46.68
91661,718,3733,122.68
83511,1113,1238,40.68
21903,108,1177,38.68
21903,304,2029,66.68
21903,1215,4798,157.68
21903,1312,1299,42.68
21903,1704,1360,44.68
55528,205,1876,61.68
55528,406,3156,103.68
1099,426,3125,102.68
1099,1617,2821,92.68
1099,1816,4037,132.68
25927,1598,964,31.68
25927,1108,964,31.68
25927,1110,964,31.68
100124,304,964,31.68
100124,305,1756,57.68
53167,916,1146,37.68
53167,1498,1086,35.68
53167,1605,1177,38.68
67831,1617,3278,107.68
67831,1636,2882,94.68
67831,1801,2090,68.68
37396,307,2821,92.68
37396,1117,4647,152.68
10194,501,3094,101.68
10194,428,933,30.68
10194,504,3094,101.68
16353,423,507,16.68
16353,498,3337,109.68
16353,708,994,32.68
16353,709,994,32.68
16353,908,872,28.68
16353,1111,4068,133.68
16353,1113,1511,49.68
16353,1210,4068,133.68
16353,1215,2607,85.68
16353,1216,629,20.68
16353,1617,5163,169.68
16353,1801,5255,172.68
17830,116,994,32.68
17830,202,2060,67.68
17830,398,1268,41.68
17830,404,3582,117.68
17830,405,1756,57.68
17830,414,964,31.68
17830,423,1756,57.68
17830,426,1025,33.68
17830,428,811,26.68
17830,504,994,32.68
17830,510,1391,45.68
17830,519,994,32.68
17830,705,841,27.68
17830,803,841,27.68
17830,1106,841,27.68
17830,1110,841,27.68
17830,1111,841,27.68
17830,1113,841,27.68
17830,1210,841,27.68
17830,1215,2941,96.68
17830,1616,4708,154.68
17830,1617,4678,153.68
17830,1801,902,29.68
16990,911,902,29.68
82239,102,2333,76.68
82239,304,4525,148.68
82239,908,1603,52.68
82239,915,2333,76.68
82239,1110,2333,76.68
82239,1216,1603,52.68
82239,1802,2333,76.68
82239,1817,4647,152.68
76735,298,1360,44.68
76735,608,1360,44.68
76735,1113,1725,56.68
76735,1211,1330,43.68
76735,1812,3886,127.68
85441,1617,4494,147.68
85441,1816,2455,80.68
85441,1898,2791,91.68
97882,426,1299,42.68
97882,1106,841,27.68
97882,1110,841,27.68
102416,998,1876,61.68
102416,304,629,20.68
102416,307,629,20.68
102416,916,2029,66.68
102416,1817,599,19.68
34626,708,1480,48.68
34626,1617,1452,47.68
77962,305,1480,48.68
77962,406,1330,43.68
77962,412,1330,43.68
77962,1616,1452,47.68
77962,1698,1421,46.68
930,712,1086,35.68
97258,412,933,30.68
61173,1810,1756,57.68
46276,204,2060,67.68
46276,432,1055,34.68
46276,712,2333,76.68
46276,1898,2363,77.68
72336,1017,2182,71.68
72336,1619,2182,71.68
72336,1637,1146,37.68
99817,305,964,31.68
99817,1112,1480,48.68
99817,1117,1480,48.68
99817,1804,1480,48.68
82033,108,994,32.68
95230,208,872,28.68
95230,305,872,28.68
95230,606,811,26.68
98661,305,3368,110.68
98661,306,3368,110.68
98661,802,749,24.68
98661,807,749,24.68
98661,898,749,24.68
98661,1812,3551,116.68
16960,202,4008,131.68
16960,498,4037,132.68
16960,1701,1115,36.68
16960,1703,1115,36.68
16960,1898,3702,121.68
89573,305,1391,45.68
89573,306,1299,42.68
89573,307,994,32.68
89573,798,964,31.68
89573,1098,1603,52.68
89573,1701,2638,86.68
89573,1812,2272,74.68
14077,304,902,29.68
14077,1105,2121,69.68
92326,102,902,29.68
92326,304,902,29.68
73786,1698,1725,56.68
73786,1812,1725,56.68
78182,1798,2029,66.68
76791,305,1876,61.68
9284,303,2029,66.68
9284,1098,1998,65.68
9284,709,1786,58.68
9284,809,1268,41.68
9284,1015,1786,58.68
9284,1698,2029,66.68
17284,103,933,30.68
17284,107,933,30.68
17284,916,1695,55.68
17284,1198,3156,103.68
96438,404,2182,71.68
96438,1801,994,32.68
104,504,5560,182.68
104,102,994,32.68
104,608,994,32.68
104,1211,994,32.68
104,1634,994,32.68
104,1637,994,32.68
80875,304,5986,196.68
80875,305,5986,196.68
80875,504,2029,66.68
80875,512,1238,40.68
80875,514,1146,37.68
80875,516,1025,33.68
80875,519,1146,37.68
80875,1305,2882,94.68
80875,1701,6169,202.68
80875,1801,6139,201.68
97964,1198,933,30.68
97964,1110,933,30.68
97964,1617,994,32.68
34772,304,1452,47.68
34772,305,1452,47.68
34772,809,2760,90.68
34772,1609,3582,117.68
34772,1617,3582,117.68
3741,304,2972,97.68
3741,305,1146,37.68
3741,428,1876,61.68
82284,713,933,30.68
67653,407,994,32.68
67653,411,1330,43.68
86465,1015,902,29.68
13772,1802,1664,54.68
83455,406,2151,70.68
83455,410,2151,70.68
83455,423,2151,70.68
83455,1622,2516,82.68
57630,108,1817,59.68
57630,202,1452,47.68
11595,426,2821,92.68
88586,426,2151,70.68
103286,1634,872,28.68
103286,1704,599,19.68
20497,304,2455,80.68
20497,407,1360,44.68
60384,110,5073,166.68
60384,1312,5073,166.68
91848,998,4282,140.68
91848,201,4068,133.68
91848,202,4282,140.68
91848,305,841,27.68
91848,306,841,27.68
91848,428,1633,53.68
91848,432,4282,140.68
91848,915,3337,109.68
86978,306,1146,37.68
86978,405,1207,39.68
86978,423,1452,47.68
86978,426,1207,39.68
86978,605,1452,47.68
86978,1105,1452,47.68
86978,1113,4068,133.68
86978,1804,3886,127.68
80960,1817,1845,60.68
47076,305,1817,59.68
47076,424,1055,34.68
47076,512,1695,55.68
47076,1113,2972,97.68
47076,1806,2972,97.68
18012,202,902,29.68
103531,1617,1480,48.68
83854,102,994,32.68
83854,304,2425,79.68
83854,305,964,31.68
83854,511,4252,139.68
83854,915,964,31.68
83854,1619,4252,139.68
83854,1622,3094,101.68
83854,1801,1817,59.68
83854,1802,2699,88.68
91581,305,811,26.68
91581,306,811,26.68
91581,605,933,30.68
91581,708,811,26.68
91581,914,902,29.68
91581,1705,3217,105.68
91581,1812,872,28.68
25034,198,1207,39.68
25034,201,1480,48.68
25034,205,1480,48.68
25034,298,1207,39.68
4827,1601,1511,49.68
34212,1627,2699,88.68
34212,1701,1542,50.68
51949,1812,1330,43.68
15543,1110,3186,104.68
15543,1634,1268,41.68
45578,1001,1360,44.68
45578,415,1025,33.68
31099,1804,2302,75.68
31099,1810,2302,75.68
95330,1898,964,31.68
21265,202,1725,56.68
21265,404,2090,68.68
21265,406,1299,42.68
21265,426,2090,68.68
2042,202,1817,59.68
2042,1007,1572,51.68
35482,1106,964,31.68
35482,1112,964,31.68
35482,1898,3337,109.68
16364,304,1207,39.68
16364,498,1238,40.68
16364,798,2821,92.68
42904,708,1086,35.68
42904,1634,1695,55.68
74900,304,1177,38.68
74900,307,1177,38.68
74900,712,1725,56.68
74900,1110,841,27.68
28252,305,1391,45.68
28252,498,2121,69.68
28252,610,1086,35.68
28252,703,1025,33.68
28252,1298,1725,56.68
28252,1898,1115,36.68
45025,109,3916,128.68
45025,203,3217,105.68
45025,1113,1452,47.68
45025,1209,690,22.68
45025,1610,4982,163.68
90537,415,1299,42.68
90537,425,4221,138.68
90537,498,964,31.68
90537,1627,3490,114.68
90537,1634,4221,138.68
90537,1801,2425,79.68
33733,201,2241,73.68
33733,410,3064,100.68
33733,1204,1603,52.68
33733,1998,3490,114.68
38738,916,1086,35.68
38738,998,3643,119.68
38738,1198,1360,44.68
38738,1216,1115,36.68
38738,1298,1115,36.68
38738,1812,2516,82.68
33039,101,1725,56.68
33039,102,5529,181.68
33039,305,4647,152.68
33039,1216,1207,39.68
26084,404,3094,101.68
26084,709,902,29.68
26084,1111,1207,39.68
26084,1801,4282,140.68
101084,304,507,16.68
101084,305,507,16.68
101084,1801,1177,38.68
58400,202,994,32.68
58400,423,994,32.68
58400,426,994,32.68
58400,713,1421,46.68
58400,719,994,32.68
58400,916,994,32.68
58400,1801,1421,46.68
81574,116,2029,66.68
81574,205,2151,70.68
81574,307,1299,42.68
81574,398,2547,83.68
81574,405,2363,77.68
81574,711,1207,39.68
81574,798,1452,47.68
81574,1111,1299,42.68
81574,1113,2333,76.68
81574,1205,933,30.68
81574,1210,1299,42.68
81574,1298,1786,58.68
81574,1698,2455,80.68
81574,1701,6351,208.68
81574,1898,933,30.68
97019,202,3947,129.68
97019,404,811,26.68
97019,411,690,22.68
97019,708,3916,128.68
81894,1801,1725,56.68
32527,108,2302,75.68
32527,407,933,30.68
32527,423,933,30.68
32527,424,933,30.68
32527,510,1330,43.68
32527,712,1391,45.68
32527,1017,964,31.68
32527,1605,1664,54.68
32527,1628,933,30.68
32527,1801,1542,50.68
32527,1815,1238,40.68
15039,202,933,30.68
15039,405,4008,131.68
15039,408,4008,131.68
15039,412,4008,131.68
15039,426,4008,131.68
3281,704,3156,103.68
3281,304,1268,41.68
3281,313,3156,103.68
3281,432,994,32.68
88904,305,3337,109.68
88904,1605,5104,167.68
56883,304,1480,48.68
56883,305,1480,48.68
56883,1113,1391,45.68
56883,1801,1025,33.68
56883,1898,4190,137.68
99744,914,1115,36.68
99744,1117,4068,133.68
47254,202,841,27.68
47254,406,1146,37.68
47254,713,1756,57.68
47254,1637,1421,46.68
50562,101,1268,41.68
50562,201,1633,53.68
50562,205,1633,53.68
50562,406,994,32.68
50562,498,3368,110.68
50562,998,1937,63.68
50562,1106,1207,39.68
50562,1113,1207,39.68
50562,1617,872,28.68
98849,504,811,26.68
98849,1112,2516,82.68
98849,1812,964,31.68
98849,1817,1391,45.68
55274,423,2090,68.68
55274,713,1299,42.68
55274,1898,1907,62.68
59923,1105,2151,70.68
93632,1622,872,28.68
93632,1627,841,27.68
93632,1701,749,24.68
93632,1805,1238,40.68
93632,1810,1238,40.68
86926,304,811,26.68
86926,305,811,26.68
86926,408,3459,113.68
86926,1113,1907,62.68
56043,1105,1786,58.68
56043,1113,2882,94.68
56043,1616,2699,88.68
56043,1708,3702,121.68
7040,304,1238,40.68
7040,305,1238,40.68
7040,1105,1177,38.68
7040,1898,1177,38.68
82525,1617,1268,41.68
38617,1198,2760,90.68
98971,112,749,24.68
98971,708,599,19.68
98971,1605,964,31.68
98971,1617,841,27.68
81297,1113,1572,51.68
81297,1605,3977,130.68
81297,1617,4068,133.68
81297,1811,3156,103.68
81297,1812,3156,103.68
55521,116,1299,42.68
55521,201,1845,60.68
55521,304,3855,126.68
55521,305,2090,68.68
55521,306,2090,68.68
55521,412,5743,188.68
55521,414,4647,152.68
55521,423,2090,68.68
55521,424,1115,36.68
55521,426,5743,188.68
55521,504,933,30.68
55521,514,1845,60.68
55521,712,5743,188.68
55521,809,1360,44.68
55521,908,1845,60.68
55521,1017,6259,205.68
55521,1119,3490,114.68
55521,1407,1115,36.68
55521,1605,6259,205.68
55521,1898,5955,195.68
99344,198,2060,67.68
99344,1801,3217,105.68
1433,109,841,27.68
1433,198,841,27.68
1433,305,2241,73.68
1433,311,2607,85.68
89668,305,811,26.68
89668,311,811,26.68
28180,108,1177,38.68
28180,916,5012,164.68
28180,1105,3643,119.68
28180,1605,5073,166.68
28180,1622,5073,166.68
28180,1703,4951,162.68
28180,1801,5043,165.68
87165,1619,3186,104.68
47615,304,1725,56.68
47615,708,2852,93.68
31787,713,1055,34.68
31787,1198,2272,74.68
31787,1803,2272,74.68
27961,108,2029,66.68
27961,305,1937,63.68
27961,306,1937,63.68
27961,1198,1786,58.68
100659,201,2852,93.68
100659,1110,568,18.68
100659,1816,2121,69.68
68387,1698,3064,100.68
69765,1198,2029,66.68
69765,1898,2029,66.68
100584,1801,1421,46.68
5861,412,1817,59.68
34944,705,1330,43.68
34944,1617,2821,92.68
34944,1810,2516,82.68
34944,1817,1055,34.68
6110,304,2852,93.68
6110,404,2852,93.68
96548,1609,994,32.68
9798,202,3886,127.68
9798,406,3855,126.68
9798,1118,1268,41.68
9798,1614,2060,67.68
9798,1798,3521,115.68
9798,1810,1177,38.68
57060,1612,1633,53.68
57060,1798,1055,34.68
53482,304,2486,81.68
53482,307,2486,81.68
53482,405,3306,108.68
53482,407,3306,108.68
53482,423,3306,108.68
53482,426,3306,108.68
53482,608,933,30.68
53482,610,1086,35.68
53482,703,1086,35.68
53482,1111,1330,43.68
53482,1113,1421,46.68
53482,1209,1086,35.68
53482,1210,1330,43.68
53482,1312,3156,103.68
15843,1617,1146,37.68
91019,432,1025,33.68
91019,1619,1391,45.68
91019,1803,964,31.68
74624,198,5377,176.68
74624,205,841,27.68
74624,304,994,32.68
74624,711,841,27.68
74624,908,841,27.68
74624,1007,3947,129.68
74624,1616,5408,177.68
74624,1634,5408,177.68
27327,306,1207,39.68
27327,1117,2941,96.68
54017,202,964,31.68
54017,1998,1817,59.68
81876,1619,1360,44.68
37109,198,1664,54.68
37109,411,1664,54.68
37109,1605,1664,54.68
37109,1617,1664,54.68
37109,1704,1603,52.68
15218,1106,4647,152.68
15218,1312,3702,121.68
15218,1801,2182,71.68
15218,1813,2182,71.68
56478,1810,2941,96.68
82210,305,1025,33.68
68170,423,964,31.68
63360,708,1817,59.68
63360,1105,1086,35.68
63360,1634,2516,82.68
63360,1813,1086,35.68
63360,1817,1876,61.68
80069,405,1817,59.68
80069,713,1360,44.68
35023,498,1207,39.68
66542,108,1360,44.68
92236,304,902,29.68
92236,305,902,29.68
92236,307,902,29.68
92236,1810,3947,129.68
102491,1616,1664,54.68
102491,1627,933,30.68
102491,1701,1542,50.68
102491,1704,1511,49.68
54358,202,902,29.68
4426,304,1937,63.68
4426,305,1115,36.68
4426,306,1937,63.68
4426,898,1115,36.68
4426,1112,2302,75.68
4426,1601,1207,39.68
4426,1801,3947,129.68
40984,304,2972,97.68
40984,428,2607,85.68
40984,1113,2972,97.68
100304,1703,690,22.68
23750,306,1452,47.68
23750,1605,2455,80.68
4083,1001,4525,148.68
4083,304,1603,52.68
32141,108,1238,40.68
44749,601,1998,65.68
78053,305,1146,37.68
78053,306,1055,34.68
78053,1118,1817,59.68
51178,305,2241,73.68
51178,306,2241,73.68
51178,705,1876,61.68
51178,1605,2241,73.68
51178,1801,2607,85.68
51178,1802,2607,85.68
38059,202,841,27.68
38059,410,3217,105.68
38059,1701,1177,38.68
88599,305,1452,47.68
88599,311,1480,48.68
88599,498,1299,42.68
88599,708,1421,46.68
94167,704,1876,61.68
94167,304,1086,35.68
94167,305,1086,35.68
94167,306,1876,61.68
68204,304,964,31.68
68204,1710,964,31.68
68204,1807,2852,93.68
68204,1810,2821,92.68
90345,305,2852,93.68
90345,1105,2791,91.68
100242,1637,994,32.68
35924,915,964,31.68
51168,202,1086,35.68
51168,1812,1055,34.68
8064,305,1998,65.68
8064,306,1998,65.68
8064,307,1998,65.68
8064,405,2241,73.68
8064,1105,1055,34.68
13110,202,2333,76.68
13110,1105,1238,40.68
13110,1616,1421,46.68
13110,1637,1391,45.68
41178,598,1360,44.68
41178,601,2913,95.68
41178,698,2607,85.68
41178,1198,2607,85.68
41178,1202,1756,57.68
41178,1298,2425,79.68
41178,1598,1633,53.68
41178,104,2425,79.68
41178,109,2121,69.68
41178,202,2363,77.68
41178,208,1756,57.68
41178,304,1480,48.68
41178,305,1756,57.68
41178,306,1756,57.68
41178,307,1480,48.68
41178,309,1480,48.68
41178,311,1480,48.68
41178,313,2821,92.68
41178,404,2791,91.68
41178,405,2791,91.68
41178,407,2638,86.68
41178,412,2638,86.68
41178,423,2791,91.68
41178,498,2791,91.68
41178,598,1330,43.68
41178,601,2913,95.68
41178,606,1786,58.68
41178,607,2821,92.68
41178,610,3003,98.68
41178,698,2607,85.68
41178,712,2638,86.68
41178,1107,2760,90.68
41178,1111,1633,53.68
41178,1210,2729,89.68
41178,1298,2607,85.68
41178,1612,1330,43.68
51931,304,1360,44.68
51931,915,3003,98.68
69903,117,1786,58.68
59268,708,902,29.68
59268,709,902,29.68
59268,711,902,29.68
59268,915,1360,44.68
59268,916,1360,44.68
59268,1117,1360,44.68
59268,1617,1572,51.68
59268,1701,1207,39.68
7900,102,3855,126.68
7900,205,2607,85.68
7900,504,1817,59.68
7900,512,1452,47.68
7900,612,1452,47.68
7900,705,1817,59.68
7900,809,2791,91.68
40552,714,1968,64.68
40552,1640,1845,60.68
40552,1798,1907,62.68
3353,305,1177,38.68
3353,306,1177,38.68
3353,410,2029,66.68
3353,809,1817,59.68
37551,1215,2668,87.68
37551,1802,2121,69.68
21611,406,2607,85.68
79719,102,2333,76.68
79719,104,3064,100.68
79719,306,1603,52.68
79719,311,1603,52.68
79719,706,1238,40.68
79719,1801,4068,133.68
79719,1814,4068,133.68
79719,1817,2182,71.68
89569,108,1207,39.68
89569,304,841,27.68
89569,305,841,27.68
89569,306,841,27.68
89569,405,1542,50.68
89569,713,811,26.68
41542,1622,1146,37.68
41542,1705,4617,151.68
100815,403,1511,49.68
56193,501,2941,96.68
56193,404,2302,75.68
56193,518,2941,96.68
56193,712,1998,65.68
56193,1110,2882,94.68
56193,1306,1055,34.68
56193,1616,2972,97.68
56193,1619,2972,97.68
56193,1622,2972,97.68
56193,1634,2972,97.68
56193,1798,933,30.68
94584,202,1786,58.68
94584,206,1786,58.68
94584,407,1055,34.68
94584,411,1055,34.68
94584,713,841,27.68
94584,1634,3094,101.68
94584,1637,2852,93.68
29897,1312,1299,42.68
77106,713,1998,65.68
90268,915,994,32.68
65147,426,1817,59.68
65147,1801,1146,37.68
31953,708,2272,74.68
31953,798,2272,74.68
37865,103,1238,40.68
37865,428,1725,56.68
37865,1701,2333,76.68
90003,1617,1086,35.68
59420,198,2241,73.68
59420,1113,1876,61.68
59420,1898,2729,89.68
17449,304,933,30.68
17449,305,1725,56.68
17449,910,4160,136.68
19068,298,964,31.68
19068,1637,964,31.68
92711,809,3977,130.68
92711,1307,1360,44.68
92711,1701,3671,120.68
92711,1705,2729,89.68
94741,1812,811,26.68
48676,423,2121,69.68
15815,408,2668,87.68
15815,714,2852,93.68
15815,1815,964,31.68
63984,203,3247,106.68
63984,304,1695,55.68
63984,305,1695,55.68
63984,307,1968,64.68
63984,504,1603,52.68
63984,1117,2547,83.68
63984,1215,1542,50.68
54073,108,2210,72.68
54073,298,1115,36.68
54073,1105,994,32.68
84110,504,1025,33.68
88281,426,1330,43.68
9319,504,1268,41.68
94961,1619,1937,63.68
94961,1810,1937,63.68
42752,310,2272,74.68
42752,1110,2302,75.68
42752,1111,1177,38.68
42752,1217,1177,38.68
42752,1898,1177,38.68
53711,102,1330,43.68
53711,205,1146,37.68
53711,423,3643,119.68
53711,426,3643,119.68
53711,510,2516,82.68
53711,612,2941,96.68
53711,1312,2941,96.68
87452,1619,1786,58.68
87452,1898,1542,50.68
100423,102,721,23.68
100423,1815,2151,70.68
33798,428,1572,51.68
33798,706,2182,71.68
49945,101,872,28.68
49945,108,872,28.68
49945,1307,933,30.68
49945,1617,6504,213.68
90866,304,1360,44.68
90866,432,841,27.68
90866,1704,1391,45.68
50881,304,1360,44.68
50881,305,1360,44.68
83248,102,1115,36.68
83248,408,4402,144.68
53215,108,1238,40.68
53215,407,1238,40.68
53215,412,1238,40.68
53215,423,1238,40.68
53215,426,1238,40.68
53215,698,780,25.68
53215,719,1238,40.68
87905,426,964,31.68
87905,708,1268,41.68
87905,898,1480,48.68
87905,915,994,32.68
87905,916,1268,41.68
87905,998,1845,60.68
87905,1112,1421,46.68
87905,1616,1845,60.68
96534,202,3824,125.68
96534,304,1480,48.68
96534,305,3398,111.68
96534,504,872,28.68
96534,705,872,28.68
96534,1813,3612,118.68
71936,202,3125,102.68
71936,307,964,31.68
71936,606,964,31.68
71936,1605,2821,92.68
102409,1622,1146,37.68
102409,1801,749,24.68
10633,202,4464,146.68
10633,915,4282,140.68
22984,1112,1786,58.68
22984,1817,1360,44.68
30326,504,2394,78.68
30326,304,1177,38.68
30326,305,2638,86.68
30326,504,2394,78.68
30326,1817,2394,78.68
8041,304,964,31.68
8041,1117,4282,140.68
88165,713,1238,40.68
88165,1617,1238,40.68
88165,1622,1238,40.68
89046,304,4798,157.68
89046,705,1725,56.68
63517,1598,5104,167.68
63517,432,1391,45.68
63517,1110,5104,167.68
63517,1701,1968,64.68
63517,1816,3186,104.68
63517,1817,1695,55.68
48354,305,994,32.68
48354,306,1177,38.68
6344,1198,2090,68.68
6344,1622,1360,44.68
34328,504,1115,36.68
34328,306,2121,69.68
34328,519,1115,36.68
34328,1617,2425,79.68
34328,1634,3368,110.68
78898,202,933,30.68
78898,406,1025,33.68
78898,407,1480,48.68
78898,498,1177,38.68
78898,1617,1360,44.68
72672,102,902,29.68
72672,304,1360,44.68
72672,305,1360,44.68
72672,307,1360,44.68
72672,407,933,30.68
13106,708,1756,57.68
13106,809,994,32.68
13106,1698,1756,57.68
24606,304,1633,53.68
24606,426,964,31.68
24606,1622,1876,61.68
24606,1817,1238,40.68
95491,306,1360,44.68
95491,408,1360,44.68
81750,428,2090,68.68
81750,432,1664,54.68
81750,1609,2668,87.68
81750,1630,2791,91.68
81750,1817,1695,55.68
8456,411,2210,72.68
8456,1634,2455,80.68
8456,1812,1695,55.68
97952,426,2729,89.68
97952,504,4068,133.68
97952,1804,4798,157.68
97952,1810,4798,157.68
32,306,2638,86.68
32,916,1146,37.68
32,1105,2852,93.68
32,1215,4433,145.68
32,1616,5163,169.68
98480,426,2182,71.68
98480,713,1238,40.68
55007,1598,2090,68.68
55007,1801,1633,53.68
55007,1898,1238,40.68
37298,712,1299,42.68
11983,498,1146,37.68
99086,304,933,30.68
47818,102,2060,67.68
47818,423,1695,55.68
47818,1607,1998,65.68
47818,1701,5073,166.68
47818,1817,2060,67.68
16505,407,1268,41.68
16505,705,1937,63.68
16505,1010,2394,78.68
16505,1812,2121,69.68
86590,1102,4129,135.68
86590,809,1937,63.68
76671,198,841,27.68
76671,304,841,27.68
76671,305,2913,95.68
76671,1106,3247,106.68
76671,1108,3247,106.68
76671,1110,3247,106.68
76671,1113,3247,106.68
76671,1801,4008,131.68
86362,432,902,29.68
86362,1113,1299,42.68
9695,1001,3156,103.68
7542,1113,1055,34.68
27901,1703,3156,103.68
61466,425,3217,105.68
61466,798,3247,106.68
97892,304,780,25.68
97892,313,780,25.68
44404,410,1299,42.68
44404,426,1299,42.68
88496,202,2090,68.68
88496,405,2060,67.68
88496,406,2060,67.68
88496,1312,2029,66.68
52760,104,1360,44.68
52760,1105,2090,68.68
16606,705,1756,57.68
16606,714,1725,56.68
57962,398,1452,47.68
57962,1701,902,29.68
57962,1801,1452,47.68
73570,304,1115,36.68
73570,305,1115,36.68
73570,1111,2151,70.68
73570,1117,2821,92.68
73570,1801,964,31.68
44769,504,3824,125.68
44769,504,3824,125.68
44769,998,2455,80.68
25940,713,2547,83.68
25940,1801,1786,58.68
6039,102,3064,100.68
6039,115,3278,107.68
6039,305,1695,55.68
6039,1098,902,29.68
6039,1709,2547,83.68
91468,304,1452,47.68
91468,305,2060,67.68
91468,1113,811,26.68
91468,1640,2821,92.68
91468,1898,2791,91.68
60301,1812,2182,71.68
60301,1816,1299,42.68
39199,1609,2333,76.68
39816,426,1299,42.68
39816,1617,1664,54.68
39816,1803,1330,43.68
39816,1810,1968,64.68
15243,304,994,32.68
15243,306,4647,152.68
15243,504,2821,92.68
41248,108,872,28.68
41248,426,2972,97.68
41248,432,1391,45.68
41248,708,2941,96.68
41248,1605,1330,43.68
41248,1801,1452,47.68
16238,1105,2425,79.68
88700,405,1786,58.68
32678,1098,1115,36.68
96957,304,1177,38.68
96957,305,2090,68.68
96957,306,2486,81.68
96957,398,2486,81.68
96957,414,2394,78.68
96957,1119,1452,47.68
52672,426,1695,55.68
32669,202,3886,127.68
32669,411,3886,127.68
32669,432,3947,129.68
32669,712,2972,97.68
32669,1215,4798,157.68
32669,1634,5194,170.68
73729,1013,872,28.68
86891,719,2029,66.68
86891,1801,2425,79.68
85754,1617,2486,81.68
70599,102,1633,53.68
70599,304,2852,93.68
70599,405,3125,102.68
70599,424,1055,34.68
70599,1111,2182,71.68
34983,305,1025,33.68
34983,510,1207,39.68
34983,1098,3916,128.68
34983,1105,1633,53.68
34983,1817,3125,102.68
53292,425,4343,142.68
53292,430,4343,142.68
53292,1105,1421,46.68
53292,1613,4343,142.68
49823,1598,2302,75.68
49823,1113,1115,36.68
49823,1215,2302,75.68
99718,305,2210,72.68
99718,306,2210,72.68
99718,498,780,25.68
91254,311,2060,67.68
91254,1117,1330,43.68
91254,1215,933,30.68
77958,104,1238,40.68
77958,108,1238,40.68
77958,713,1786,58.68
77958,1617,1603,52.68
77958,1703,1177,38.68
77958,1817,1391,45.68
86929,304,994,32.68
86929,602,1086,35.68
86929,1198,1876,61.68
86929,1312,1876,61.68
86929,1805,1146,37.68
86929,1898,872,28.68
81329,714,2151,70.68
81329,1119,2029,66.68
81329,1312,1725,56.68
81329,1617,3886,127.68
81329,1627,2699,88.68
98983,202,2090,68.68
98983,313,2241,73.68
98983,405,2029,66.68
98983,412,2151,70.68
98983,423,2182,71.68
98983,424,2182,71.68
98983,426,1968,64.68
98983,607,2090,68.68
98983,709,1876,61.68
98983,712,2182,71.68
98983,916,2090,68.68
98983,1015,2029,66.68
98983,1105,872,28.68
98983,1112,2182,71.68
98983,1617,1452,47.68
98983,1812,1845,60.68
98983,1817,2029,66.68
52233,414,1115,36.68
452,1801,2210,72.68
452,1898,3306,108.68
90398,108,964,31.68
90398,1812,1998,65.68
86621,398,1511,49.68
86621,310,1511,49.68
86621,1698,1421,46.68
88926,304,1603,52.68
88926,305,1603,52.68
88926,398,1633,53.68
88926,498,1086,35.68
88926,1112,2090,68.68
88926,1709,4525,148.68
88926,1803,2090,68.68
77728,404,1907,62.68
77728,405,1907,62.68
77728,410,1817,59.68
77728,916,994,32.68
47432,304,2607,85.68
47432,305,933,30.68
47432,411,994,32.68
47432,414,3156,103.68
47432,916,1177,38.68
47432,1117,3156,103.68
47432,1801,2425,79.68
92049,704,1817,59.68
92049,108,1480,48.68
92049,498,964,31.68
92049,1617,1633,53.68
92049,1812,1025,33.68
65383,1605,933,30.68
19973,1801,1817,59.68
19973,1805,1817,59.68
1508,108,2363,77.68
1508,304,4402,144.68
1508,306,2090,68.68
1508,406,1086,35.68
1508,705,4252,139.68
1508,1113,2090,68.68
1508,1701,2638,86.68
1508,1704,1695,55.68
38703,710,902,29.68
74723,101,1146,37.68
74723,102,1876,61.68
74723,103,780,25.68
74723,120,780,25.68
74723,305,1876,61.68
74723,410,4798,157.68
74723,1208,4221,138.68
74723,1605,5224,171.68
100694,1105,568,18.68
100694,1117,568,18.68
100694,1898,568,18.68
64284,414,964,31.68
64284,1617,1817,59.68
64284,1812,933,30.68
84151,916,902,29.68
84151,1703,537,17.68
33326,1627,1360,44.68
30479,208,994,32.68
30479,606,994,32.68
30479,712,1177,38.68
85442,205,1238,40.68
85442,304,841,27.68
85442,307,841,27.68
85442,406,964,31.68
85442,1812,933,30.68
68479,998,1330,43.68
68479,1619,3582,117.68
68479,1709,1207,39.68
68479,1801,1055,34.68
68479,1812,2791,91.68
68479,1813,2272,74.68
34744,298,2363,77.68
34744,1215,872,28.68
34744,1817,933,30.68
55934,1617,3855,126.68
55934,1813,2791,91.68
848,1605,1998,65.68
848,1708,2486,81.68
848,1817,2547,83.68
59531,108,872,28.68
11568,426,2363,77.68
11568,610,2363,77.68
48840,916,902,29.68
48840,1015,3064,100.68
48840,1617,3033,99.68
27144,406,2333,76.68
27144,432,4160,136.68
40160,898,2607,85.68
40160,998,933,30.68
40160,1614,5621,184.68
40160,1627,5012,164.68
42034,1627,1421,46.68
27056,202,1452,47.68
27056,426,3947,129.68
27056,712,4008,131.68
27056,1105,1603,52.68
27056,1627,1756,57.68
27056,1701,3916,128.68
36296,102,1695,55.68
36296,304,1330,43.68
36296,306,1695,55.68
36296,406,964,31.68
36296,423,964,31.68
36296,1898,1695,55.68
24241,202,2060,67.68
24241,705,1998,65.68
24241,714,1876,61.68
24241,1622,2090,68.68
40200,304,1391,45.68
40200,706,2607,85.68
40200,1117,1937,63.68
40200,1801,994,32.68
89257,1637,872,28.68
97795,304,1511,49.68
97795,498,690,22.68
97795,511,1146,37.68
97795,1817,721,23.68
13811,202,3186,104.68
13811,1113,2241,73.68
13811,1704,3521,115.68
84682,298,902,29.68
84682,313,933,30.68
2374,305,2547,83.68
2374,423,1937,63.68
2374,1112,2547,83.68
2374,1617,2516,82.68
2374,1627,2455,80.68
2374,1798,2425,79.68
96011,1634,749,24.68
58648,304,2821,92.68
58648,1105,476,15.68
58648,1305,1025,33.68
33704,408,1115,36.68
33704,1612,1664,54.68
16935,298,2486,81.68
16935,1634,1146,37.68
662,1617,4129,135.68
662,1637,4708,154.68
662,1812,2791,91.68
30475,202,902,29.68
30475,1817,2821,92.68
55830,202,2913,95.68
55830,405,2882,94.68
55830,410,2882,94.68
55830,411,2882,94.68
55830,1605,4739,155.68
55830,1801,1268,41.68
101177,1108,2760,90.68
101177,1110,2852,93.68
101177,1111,2486,81.68
101177,1119,1480,48.68
101177,1627,2394,78.68
101177,1898,629,20.68
95472,1113,1330,43.68
95472,1605,2425,79.68
95472,1630,2729,89.68
48307,1898,964,31.68
13492,202,2151,70.68
13492,1617,1695,55.68
13893,1622,1664,54.68
4134,108,2668,87.68
4134,306,1421,46.68
4134,705,3186,104.68
50511,1001,2576,84.68
85237,102,1817,59.68
85237,198,1817,59.68
85237,201,1817,59.68
85237,305,964,31.68
85237,307,964,31.68
85237,313,1817,59.68
85237,504,1817,59.68
27051,108,1055,34.68
27051,1601,1907,62.68
27051,1619,1786,58.68
27051,1627,1725,56.68
27051,1801,1146,37.68
27051,1816,1055,34.68
70462,713,1725,56.68
70462,1007,1452,47.68
70462,1703,902,29.68
70462,1709,1786,58.68
101967,202,507,16.68
101967,407,507,16.68
101967,916,507,16.68
101967,1817,568,18.68
88440,118,1695,55.68
88440,307,1086,35.68
88440,404,933,30.68
88440,705,902,29.68
88440,1298,1391,45.68
88440,1605,2363,77.68
88440,1701,1238,40.68
88440,1703,1299,42.68
88440,1801,1572,51.68
88440,1811,3459,113.68
7876,405,964,31.68
7876,1622,964,31.68
7876,1801,1238,40.68
64556,1709,3521,115.68
45674,305,1817,59.68
45674,803,3551,116.68
3925,405,1511,49.68
3925,412,1511,49.68
3925,1817,994,32.68
51230,1801,1025,33.68
51230,1898,1756,57.68
98952,304,872,28.68
98952,305,1360,44.68
98952,306,1360,44.68
98952,1106,721,23.68
98952,1801,1360,44.68
62245,1198,5104,167.68
62245,304,1817,59.68
62245,305,1817,59.68
62245,708,1146,37.68
62245,1108,5104,167.68
62245,1113,2090,68.68
62245,1605,5104,167.68
62245,1609,5104,167.68
16424,116,1511,49.68
16424,201,872,28.68
16424,1617,5377,176.68
16424,1627,5377,176.68
16424,1801,2455,80.68
12068,1817,1115,36.68
89256,306,5377,176.68
89256,809,1480,48.68
89256,1113,2182,71.68
89256,1312,2182,71.68
89256,1816,841,27.68
63684,202,1633,53.68
63684,809,2882,94.68
63684,1801,1330,43.68
102400,706,1511,49.68
102400,1801,749,24.68
96231,1609,1146,37.68
96231,1812,841,27.68
65740,305,1725,56.68
65740,712,1268,41.68
65740,1215,1115,36.68
65740,1803,4068,133.68
65740,1809,4068,133.68
65740,1817,2821,92.68
65740,1898,2547,83.68
94689,102,721,23.68
94689,107,721,23.68
67638,304,1480,48.68
67638,707,2791,91.68
67638,708,2729,89.68
67638,1105,1480,48.68
67638,1634,1480,48.68
67638,1701,933,30.68
67638,1704,933,30.68
67638,1898,1480,48.68
82317,208,690,22.68
82317,305,1360,44.68
82317,411,1391,45.68
82317,426,1391,45.68
82317,504,1817,59.68
82317,519,1817,59.68
82317,604,507,16.68
82317,605,507,16.68
82317,606,1786,58.68
81064,205,1511,49.68
81064,1105,2607,85.68
81064,1106,2607,85.68
81064,1119,2607,85.68
81064,1198,1876,61.68
3575,1898,1055,34.68
1848,306,4739,155.68
1848,713,1756,57.68
1848,1111,2425,79.68
1848,1210,2425,79.68
1848,1704,3064,100.68
92488,1113,1817,59.68
92488,1205,1452,47.68
79199,915,1330,43.68
3127,304,3125,102.68
3127,307,2668,87.68
3127,712,1572,51.68
3127,804,3794,124.68
3127,916,3033,99.68
3127,1119,2821,92.68
3127,1610,4798,157.68
3127,1708,4951,162.68
3127,1802,4920,161.68
90924,306,964,31.68
90924,406,1330,43.68
86317,1617,1786,58.68
57741,504,4798,157.68
57741,512,964,31.68
14613,708,933,30.68
17074,305,1299,42.68
42616,1001,2941,96.68
42616,305,994,32.68
42616,306,994,32.68
36421,704,3855,126.68
36421,415,1695,55.68
36421,1105,3186,104.68
36421,1801,3855,126.68
26129,1802,1025,33.68
54449,423,1633,53.68
54449,705,1268,41.68
54449,1215,2090,68.68
54449,1637,2760,90.68
73092,102,2455,80.68
73092,202,964,31.68
73092,205,2090,68.68
73092,298,841,27.68
73092,305,811,26.68
73092,498,2638,86.68
73092,1298,4190,137.68
73092,1698,5043,165.68
48258,1105,2090,68.68
48258,1298,3643,119.68
3514,305,1146,37.68
3514,307,1146,37.68
3514,504,5894,193.68
3514,1698,1055,34.68
86634,1614,994,32.68
96122,306,780,25.68
96122,1215,749,24.68
96122,1619,841,27.68
81964,304,994,32.68
81964,423,994,32.68
81964,915,933,30.68
81964,916,933,30.68
81964,1811,902,29.68
86324,504,1756,57.68
86324,205,1845,60.68
86324,304,1055,34.68
86324,504,2241,73.68
86324,1113,1756,57.68
86324,1312,2121,69.68
86324,1801,872,28.68
92321,305,2516,82.68
92321,313,2516,82.68
92321,412,2090,68.68
92321,712,2090,68.68
81981,1617,1207,39.68
81981,1798,1146,37.68
81981,1817,994,32.68
85159,705,933,30.68
85159,708,933,30.68
85159,1609,933,30.68
28271,1627,2882,94.68
28271,1805,2882,94.68
80966,112,1664,54.68
80966,198,1115,36.68
80966,1008,1268,41.68
80966,1014,1360,44.68
80966,1805,1876,61.68
98046,405,2821,92.68
98046,511,1876,61.68
98046,1801,2425,79.68
47736,306,1572,51.68
47736,423,1817,59.68
102570,102,507,16.68
102570,304,599,19.68
102570,307,599,19.68
102570,410,599,19.68
102570,411,599,19.68
102570,908,507,16.68
102570,1605,599,19.68
102570,1701,4464,146.68
102570,1709,4282,140.68
102570,1813,4555,149.68
9995,1001,5255,172.68
9995,116,2060,67.68
9995,1117,2668,87.68
9995,1701,3368,110.68
9995,1801,3125,102.68
9995,1898,1238,40.68
73141,426,4008,131.68
49058,412,1664,54.68
94637,1617,2791,91.68
94637,1701,1664,54.68
76084,1108,3278,107.68
52113,313,1238,40.68
52113,1798,1177,38.68
10185,198,5713,187.68
10185,198,5713,187.68
10185,205,1146,37.68
10185,305,1115,36.68
10185,426,1268,41.68
79358,1627,1725,56.68
79358,1801,1542,50.68
71950,704,3490,114.68
71950,305,933,30.68
71950,306,1177,38.68
71950,1813,1330,43.68
75696,305,1664,54.68
75696,916,2699,88.68
75696,1709,2913,95.68
75696,1802,1542,50.68
2248,1634,2607,85.68
2248,1801,964,31.68
4487,107,2182,71.68
4487,109,1025,33.68
4487,202,1115,36.68
4487,423,902,29.68
4487,1015,2241,73.68
4487,1617,2272,74.68
16474,102,2852,93.68
16474,304,4678,153.68
16474,1113,3947,129.68
83727,108,872,28.68
83727,298,872,28.68
83727,423,872,28.68
78149,403,3217,105.68
78149,1617,1756,57.68
97021,1017,1391,45.68
76805,305,2394,78.68
76805,306,2699,88.68
76805,405,2394,78.68
76805,423,2394,78.68
21906,1698,872,28.68
57675,708,902,29.68
57675,1108,4433,145.68
57675,1113,3337,109.68
35199,406,2791,91.68
35199,1113,1330,43.68
35199,1117,2060,67.68
7105,915,964,31.68
7105,916,933,30.68
7105,1306,933,30.68
64362,423,1146,37.68
64362,1117,1055,34.68
64362,1898,1055,34.68
82393,428,902,29.68
82393,1605,1572,51.68
82393,1617,1786,58.68
54870,1617,2972,97.68
51053,1108,1299,42.68
51053,1616,4829,158.68
51053,1798,4037,132.68
51053,1816,4374,143.68
57403,201,1756,57.68
57403,712,1086,35.68
57403,1817,1238,40.68
80455,426,1664,54.68
65553,305,1238,40.68
54505,306,1603,52.68
54505,504,2882,94.68
54505,709,3671,120.68
54505,1110,1177,38.68
54505,1630,4008,131.68
54505,1703,1391,45.68
85303,202,994,32.68
29612,610,3916,128.68
29612,1605,3916,128.68
10715,1110,2241,73.68
32489,1605,2121,69.68
32489,1801,3916,128.68
2362,414,1330,43.68
2362,1112,1633,53.68
2362,1312,2729,89.68
2362,1801,902,29.68
2362,1817,1695,55.68
27274,708,1025,33.68
27274,1609,4982,163.68
27274,1813,4282,140.68
100341,1701,690,22.68
100341,1705,780,25.68
26019,1105,994,32.68
8518,102,964,31.68
8518,202,4920,161.68
8518,423,4494,147.68
8518,1805,5408,177.68
20514,202,994,32.68
20514,304,1725,56.68
20514,709,841,27.68
20514,1634,1511,49.68
20514,1701,1177,38.68
95921,116,1725,56.68
95921,304,1725,56.68
95921,1110,1725,56.68
95921,1113,811,26.68
14986,304,4678,153.68
14986,705,2516,82.68
81238,412,933,30.68
64654,1617,1330,43.68
85324,305,2455,80.68
85324,306,902,29.68
85324,705,2729,89.68
85324,798,3094,101.68
85324,1105,1452,47.68
85324,1113,902,29.68
25328,108,1817,59.68
25328,208,1115,36.68
25328,423,1115,36.68
25328,426,1115,36.68
25328,606,1115,36.68
25328,798,1238,40.68
25328,915,994,32.68
25328,998,1238,40.68
25328,1498,1238,40.68
48782,202,2455,80.68
48782,1627,1391,45.68
52386,1817,1115,36.68
73566,498,4555,149.68
73566,504,2272,74.68
67805,1703,1177,38.68
86177,1617,2029,66.68
86177,1624,2425,79.68
86177,1637,1845,60.68
86177,1815,2363,77.68
81930,414,1330,43.68
81930,498,1268,41.68
81930,1116,4464,146.68
81930,1616,4525,148.68
81930,1617,4343,142.68
81930,1634,4494,147.68
81930,1798,3156,103.68
81930,1801,3094,101.68
81930,1810,4221,138.68
81930,1815,1756,57.68
91872,1637,1238,40.68
31462,1598,2302,75.68
31462,1114,2302,75.68
5454,423,1391,45.68
5454,1627,3094,101.68
38548,1622,1330,43.68
61738,304,964,31.68
61738,1617,994,32.68
86429,498,1725,56.68
86429,714,2516,82.68
86429,998,902,29.68
86429,1312,1725,56.68
86429,1898,2972,97.68
91330,304,872,28.68
91330,426,2425,79.68
91330,1622,2607,85.68
91330,1634,2607,85.68
91330,1704,2455,80.68
91330,1810,1695,55.68
60501,423,2821,92.68
60501,426,1725,56.68
60501,706,964,31.68
60501,1215,1511,49.68
60501,1605,872,28.68
102349,914,3794,124.68
102349,916,3794,124.68
102349,1110,2941,96.68
102349,1112,660,21.68
102349,1617,3794,124.68
102349,1622,3794,124.68
102349,1637,1633,53.68
102349,1813,3125,102.68
37050,498,3490,114.68
37050,1605,2363,77.68
77947,407,1391,45.68
77947,428,1146,37.68
77947,712,1391,45.68
77947,1812,1025,33.68
100223,1817,1086,35.68
89101,1215,1055,34.68
89101,1312,1055,34.68
89101,1605,2516,82.68
89101,1617,1725,56.68
89101,1622,2302,75.68
89101,1817,902,29.68
81319,412,964,31.68
86099,305,3490,114.68
86099,1113,1756,57.68
86099,1798,3033,99.68
86099,1803,3033,99.68
86099,1817,4129,135.68
61414,1105,1146,37.68
93820,305,1845,60.68
93820,306,1845,60.68
602,504,872,28.68
602,1117,3217,105.68
602,1701,1542,50.68
18009,403,1391,45.68
18009,1017,1299,42.68
67938,1810,3733,122.68
86041,202,5104,167.68
86041,304,872,28.68
86041,406,5469,179.68
86041,428,2182,71.68
86041,504,872,28.68
86041,1216,1268,41.68
57960,202,1238,40.68
29517,307,2455,80.68
29517,605,2821,92.68
29517,1117,3551,116.68
29517,1605,1664,54.68
29517,1817,964,31.68
92726,411,1330,43.68
92726,1634,1664,54.68
92726,1816,1907,62.68
91634,426,1025,33.68
91634,1701,1756,57.68
91634,1801,1937,63.68
91634,1809,1937,63.68
91634,1898,1937,63.68
48230,708,1330,43.68
48230,1622,1238,40.68
89938,201,1725,56.68
89938,202,841,27.68
89938,305,2516,82.68
89938,307,2516,82.68
89938,429,1756,57.68
89938,712,4464,146.68
89938,915,1086,35.68
72627,1598,6351,208.68
72627,109,902,29.68
72627,205,1845,60.68
72627,208,6351,208.68
72627,415,2394,78.68
72627,428,872,28.68
72627,430,5621,184.68
72627,606,6351,208.68
72627,1105,4252,139.68
72627,1198,2516,82.68
72627,1698,5285,173.68
72627,1705,6443,211.68
72627,1801,3733,122.68
72627,1805,3886,127.68
72627,1898,3521,115.68
39121,205,1452,47.68
39121,498,1876,61.68
39121,715,811,26.68
39121,1106,1360,44.68
39121,1898,6200,203.68
70553,1616,1542,50.68
70553,1701,1664,54.68
64954,109,1572,51.68
64954,405,1786,58.68
64954,411,1725,56.68
70866,202,6443,211.68
70866,405,2394,78.68
70866,412,2913,95.68
70866,424,902,29.68
70866,705,2455,80.68
70866,712,2941,96.68
70866,1198,1968,64.68
70866,1601,1055,34.68
84183,108,2090,68.68
84183,202,2516,82.68
84183,304,1572,51.68
84183,1898,3337,109.68
64466,1609,1330,43.68
64466,1634,1330,43.68
1772,1798,3671,120.68
23100,202,964,31.68
23100,430,1025,33.68
23100,498,1025,33.68
23100,1609,1633,53.68
23100,1898,1146,37.68
13008,1701,1115,36.68
97408,504,3977,130.68
97408,1617,3855,126.68
17808,304,1330,43.68
17808,307,902,29.68
55396,202,2210,72.68
55396,405,2210,72.68
55396,423,2210,72.68
93883,412,780,25.68
49079,202,1055,34.68
49079,305,994,32.68
49079,306,1207,39.68
49079,498,2791,91.68
49079,914,1055,34.68
49079,1817,2547,83.68
47180,114,1421,46.68
47180,306,2241,73.68
47180,428,1542,50.68
47180,1113,2668,87.68
47180,1705,2760,90.68
81484,304,902,29.68
81484,305,902,29.68
81484,1117,1968,64.68
81484,1812,3977,130.68
81484,1898,1968,64.68
65100,305,2821,92.68
65100,306,3186,104.68
71320,1110,568,18.68
71320,1113,568,18.68
71320,1119,568,18.68
71320,1802,1146,37.68
71320,1812,749,24.68
93454,426,2760,90.68
93454,606,2760,90.68
93454,698,2760,90.68
93454,1198,2913,95.68
93454,1810,4221,138.68
88892,202,964,31.68
88892,1605,1421,46.68
88892,1701,1542,50.68
68819,707,1299,42.68
78688,1617,4555,149.68
78688,1701,3977,130.68
78688,1801,3521,115.68
78688,1817,2913,95.68
87590,413,1268,41.68
84976,304,1055,34.68
84976,305,2821,92.68
84976,407,4647,152.68
84976,411,6047,198.68
84976,426,1055,34.68
84976,429,4647,152.68
84976,432,6047,198.68
84976,908,1055,34.68
84976,916,1055,34.68
84976,1801,2821,92.68
16723,1810,3337,109.68
84188,202,1055,34.68
84188,1803,3763,123.68
84188,1804,3763,123.68
69362,306,1146,37.68
69362,1804,2547,83.68
69362,1812,1086,35.68
65686,1617,1786,58.68
72826,398,1876,61.68
72826,426,1845,60.68
72826,498,1876,61.68
72826,710,902,29.68
23685,202,1452,47.68
23685,423,1452,47.68
3250,116,1421,46.68
29725,414,1998,65.68
29725,1105,1452,47.68
29725,1117,1452,47.68
29725,1634,3337,109.68
29725,1801,2151,70.68
29725,1816,3337,109.68
29725,1817,1633,53.68
9198,304,3643,119.68
9198,305,1572,51.68
9198,1117,3094,101.68
89830,809,1511,49.68
89830,1108,3429,112.68
89830,1601,5835,191.68
89830,1627,4374,143.68
56309,1105,2607,85.68
63469,304,1511,49.68
63469,305,1511,49.68
63469,307,1511,49.68
63469,809,1177,38.68
63469,1605,2210,72.68
63469,1703,1330,43.68
63469,1817,1603,52.68
41505,405,1998,65.68
32296,426,2029,66.68
83770,102,1725,56.68
83770,201,1725,56.68
83770,304,1207,39.68
83770,305,1207,39.68
83770,307,1207,39.68
83770,1637,902,29.68
56799,408,1330,43.68
82850,102,1025,33.68
82850,202,3186,104.68
82850,423,3916,128.68
82850,428,1876,61.68
82850,432,1055,34.68
82850,708,4068,133.68
82850,712,4068,133.68
82850,1113,1146,37.68
82850,1617,994,32.68
82850,1622,4647,152.68
82850,1627,5012,164.68
89875,1627,1238,40.68
89875,1809,1633,53.68
89875,1811,1633,53.68
88134,432,3551,116.68
88134,1605,3643,119.68
88134,1710,1115,36.68
88134,1817,3551,116.68
18826,405,1177,38.68
18826,426,1177,38.68
18826,1312,1177,38.68
85562,198,3186,104.68
87296,112,4647,152.68
87296,412,2425,79.68
87296,712,2425,79.68
87296,1305,1086,35.68
43619,202,2090,68.68
43619,304,2394,78.68
43619,306,2394,78.68
43619,498,1633,53.68
43619,1113,964,31.68
45917,102,3977,130.68
45917,198,3612,118.68
45917,304,1207,39.68
45917,411,994,32.68
45917,698,4617,151.68
45917,1619,4068,133.68
45917,1698,3855,126.68
45917,1708,3612,118.68
45917,1813,3459,113.68
35107,202,872,28.68
35107,305,1664,54.68
35107,1307,1480,48.68
61461,304,1177,38.68
98455,1622,3003,98.68
49787,1105,902,29.68
78617,407,964,31.68
78617,1110,1633,53.68
35608,411,1025,33.68
35608,432,1115,36.68
35608,504,2972,97.68
35608,708,2972,97.68
35608,1112,3217,105.68
35608,1637,1695,55.68
35608,1802,3217,105.68
35608,1898,3217,105.68
73575,198,1146,37.68
73575,202,3337,109.68
73575,305,1086,35.68
73575,306,1086,35.68
73575,406,964,31.68
73575,803,1907,62.68
73575,1105,2363,77.68
73575,1609,7539,247.68
45268,305,994,32.68
45268,1605,1786,58.68
99283,304,1725,56.68
99283,305,1542,50.68
99283,705,811,26.68
99283,712,690,22.68
98943,102,2241,73.68
98943,304,3702,121.68
98943,305,3702,121.68
98943,612,1876,61.68
25006,1622,1330,43.68
25006,1640,1330,43.68
84164,202,902,29.68
67981,102,1633,53.68
67981,108,933,30.68
67981,415,1998,65.68
76203,198,1238,40.68
76203,406,2882,94.68
76203,426,2882,94.68
76203,504,2394,78.68
76203,1118,1299,42.68
76203,1709,933,30.68
73836,1637,1268,41.68
73836,1804,1330,43.68
73836,1810,1330,43.68
54628,1701,1268,41.68
33722,304,1756,57.68
33722,898,1756,57.68
33722,914,1756,57.68
33722,1198,1146,37.68
33722,1205,1146,37.68
33722,1617,5255,172.68
90911,306,841,27.68
90911,798,5438,178.68
90911,1817,1268,41.68
37822,304,721,23.68
37822,305,721,23.68
37822,306,2607,85.68
37822,407,721,23.68
37822,426,1725,56.68
37822,1108,3733,122.68
46600,102,1146,37.68
46600,202,1511,49.68
46600,304,1511,49.68
46600,305,1511,49.68
46600,423,2607,85.68
46600,1705,1207,39.68
86768,304,902,29.68
86768,1637,902,29.68
73076,1801,3064,100.68
72464,1637,3643,119.68
72464,1998,1146,37.68
85328,298,4068,133.68
85328,412,872,28.68
47717,304,3125,102.68
47717,425,5285,173.68
47717,1605,2852,93.68
92148,305,4068,133.68
39314,712,1480,48.68
102114,305,1391,45.68
102114,1113,1391,45.68
102114,1801,1664,54.68
55242,1110,1786,58.68
33924,511,1025,33.68
33924,908,1238,40.68
33924,1105,1115,36.68
33924,1817,1360,44.68
33924,1998,1360,44.68
88451,305,872,28.68
88451,428,994,32.68
88451,504,994,32.68
88451,1627,3459,113.68
62572,304,1086,35.68
46841,304,2210,72.68
46841,305,1633,53.68
46841,798,1480,48.68
46841,1617,1115,36.68
46841,1801,2090,68.68
56737,1801,1695,55.68
87384,504,1725,56.68
87384,305,1725,56.68
87384,504,2455,80.68
87384,1627,2455,80.68
81213,103,872,28.68
81213,504,2182,71.68
81213,1118,872,28.68
81213,1701,872,28.68
81213,1801,4313,141.68
49522,713,2363,77.68
49522,1801,2668,87.68
97036,111,1511,49.68
100953,103,4313,141.68
100953,104,568,18.68
100953,109,3702,121.68
100953,198,4798,157.68
100953,304,537,17.68
100953,305,1086,35.68
100953,306,1876,61.68
100953,428,1115,36.68
100953,504,1115,36.68
100953,519,1115,36.68
100953,809,3977,130.68
100953,908,537,17.68
100953,1111,1876,61.68
100953,1113,1664,54.68
100953,1117,4920,161.68
100953,1210,1876,61.68
100953,1312,1480,48.68
100953,1701,3003,98.68
100953,1805,568,18.68
25463,101,2821,92.68
25463,106,2821,92.68
25463,201,2821,92.68
38456,1614,2029,66.68
89566,498,2699,88.68
89566,1810,2272,74.68
87815,305,2151,70.68
87815,1701,1542,50.68
87815,1801,2821,92.68
87815,1817,1937,63.68
47448,1630,2182,71.68
47448,1701,1725,56.68
90197,304,4798,157.68
90197,305,1360,44.68
13651,304,1360,44.68
13651,809,2060,67.68
13651,1709,1845,60.68
20736,423,1115,36.68
20736,428,1876,61.68
57714,313,2638,86.68
57714,1215,2547,83.68
19269,410,1876,61.68
19269,916,1876,61.68
19269,1113,3186,104.68
19269,1801,3186,104.68
82171,202,1207,39.68
82171,205,1633,53.68
82171,410,1756,57.68
82171,411,1756,57.68
82171,423,1268,41.68
82171,426,1268,41.68
82171,1113,1664,54.68
82171,1637,4252,139.68
82171,1701,5194,170.68
82171,1803,3459,113.68
38749,411,1695,55.68
64214,405,3003,98.68
64214,412,3003,98.68
64214,705,1421,46.68
64214,798,1725,56.68
64214,1110,3217,105.68
64214,1498,994,32.68
64214,1614,3217,105.68
64214,1619,3217,105.68
64214,1627,3217,105.68
64214,1633,994,32.68
64214,1801,3278,107.68
64214,1810,3278,107.68
99524,305,1086,35.68
99524,306,2029,66.68
99524,424,2576,84.68
99524,426,2576,84.68
99524,809,1025,33.68
99524,1113,1452,47.68
99524,1617,2182,71.68
50631,304,1268,41.68
50631,305,1299,42.68
27600,1809,1817,59.68
37895,514,1207,39.68
37895,809,1268,41.68
37895,1113,1238,40.68
37895,1617,1360,44.68
37895,1801,4859,159.68
69032,311,1876,61.68
69032,405,994,32.68
69032,423,994,32.68
80166,103,2516,82.68
80166,1811,3886,127.68
76183,304,1115,36.68
76183,1110,3612,118.68
98734,304,660,21.68
98734,305,660,21.68
98734,432,4252,139.68
98734,1801,2791,91.68
91792,510,872,28.68
91792,1617,872,28.68
24442,306,2729,89.68
24442,1801,2302,75.68
69730,305,1572,51.68
69730,713,2394,78.68
69730,1798,3003,98.68
84946,1105,1633,53.68
84946,1113,1633,53.68
84946,1703,3156,103.68
84946,1801,1421,46.68
84946,1816,1664,54.68
84946,1898,1633,53.68
820,426,872,28.68
820,430,2455,80.68
820,1813,2302,75.68
63725,908,1572,51.68
63725,1106,1480,48.68
63725,1112,1207,39.68
63725,1217,1452,47.68
63725,1617,4829,158.68
63725,1710,2791,91.68
84742,1605,872,28.68
102264,598,4982,163.68
102264,406,1086,35.68
102264,424,1086,35.68
102264,511,1360,44.68
102264,1110,1115,36.68
102264,1119,1115,36.68
102264,1601,1086,35.68
102264,1602,1086,35.68
102264,1603,1086,35.68
102264,1614,1086,35.68
60216,1601,1572,51.68
102745,202,872,28.68
102745,426,2090,68.68
102745,428,1603,52.68
102745,712,1360,44.68
102745,916,629,20.68
102745,1113,629,20.68
102745,1617,507,16.68
11680,305,964,31.68
57435,116,1876,61.68
57435,198,1025,33.68
57435,1113,1025,33.68
76464,202,3916,128.68
76464,306,1876,61.68
76464,407,3916,128.68
76464,408,3916,128.68
20394,406,872,28.68
102993,511,1421,46.68
102993,512,1421,46.68
102993,1105,811,26.68
102993,1110,811,26.68
61111,304,964,31.68
61111,305,933,30.68
61111,313,2182,71.68
61111,406,964,31.68
15239,115,994,32.68
15239,202,994,32.68
15239,412,1756,57.68
15239,1609,1968,64.68
15239,1617,1968,64.68
40925,203,2425,79.68
40925,1298,1480,48.68
31161,398,1572,51.68
31161,803,964,31.68
31161,1198,964,31.68
88280,304,902,29.68
88280,1106,1268,41.68
88280,1110,6016,197.68
88280,1113,1268,41.68
88280,1613,6381,209.68
88280,1616,872,28.68
88280,1812,4068,133.68
32868,306,1115,36.68
32868,1708,5224,171.68
32868,1898,1480,48.68
96341,398,1207,39.68
96341,410,1207,39.68
96341,411,1207,39.68
96341,428,1207,39.68
96341,1619,1207,39.68
46532,406,3702,121.68
46532,407,3337,109.68
46532,1215,2972,97.68
46532,1304,2241,73.68
46532,1703,3398,111.68
6725,428,964,31.68
6725,504,964,31.68
6725,713,2272,74.68
89908,914,1786,58.68
89908,916,1817,59.68
89908,1113,2151,70.68
79928,1110,1238,40.68
79928,1615,964,31.68
81783,1615,964,31.68
81783,1812,1421,46.68
88487,311,1146,37.68
88487,423,1391,45.68
88487,916,841,27.68
88487,1812,1146,37.68
96111,116,2760,90.68
96111,1014,4221,138.68
96111,1113,933,30.68
96111,1637,2090,68.68
72578,116,2241,73.68
72578,206,3794,124.68
72578,426,1725,56.68
72578,1605,4859,159.68
72578,1710,4282,140.68
101070,1816,2029,66.68
101070,1817,1360,44.68
24237,714,1511,49.68
24237,1616,1572,51.68
24237,1619,1572,51.68
24237,1622,1511,49.68
24237,1637,1511,49.68
24237,1640,1511,49.68
84305,426,1421,46.68
84305,713,1511,49.68
84305,798,1452,47.68
87286,504,1115,36.68
94915,916,1299,42.68
94915,1634,1330,43.68
78994,1110,2547,83.68
78994,1118,1817,59.68
78994,1701,1421,46.68
87883,115,3337,109.68
87883,201,1511,49.68
87883,407,1207,39.68
87883,429,1146,37.68
87883,504,3186,104.68
87883,1205,1330,43.68
87883,1801,1845,60.68
90686,998,1086,35.68
9886,206,933,30.68
34990,304,3551,116.68
34990,1617,2090,68.68
34990,1801,1695,55.68
76030,203,2699,88.68
76030,1619,2516,82.68
76030,1637,2729,89.68
76030,1640,2699,88.68
103379,112,1086,35.68
103379,202,964,31.68
103379,404,1086,35.68
103379,410,1086,35.68
103379,412,811,26.68
103379,708,1086,35.68
103379,712,1086,35.68
103379,1110,599,19.68
40498,408,2241,73.68
40498,423,2241,73.68
40498,426,2241,73.68
40498,707,1603,52.68
40498,1113,1511,49.68
40498,1801,1603,52.68
40498,1813,1633,53.68
64498,102,1603,52.68
64498,205,1146,37.68
64498,304,2394,78.68
64498,305,2394,78.68
64498,1634,6047,198.68
79627,1898,3429,112.68
17718,202,1025,33.68
17718,304,1146,37.68
17718,305,1146,37.68
17718,306,1146,37.68
17718,423,2241,73.68
17718,1015,1480,48.68
17718,1105,2210,72.68
17718,1106,2210,72.68
17718,1113,2210,72.68
17718,1619,2210,72.68
17718,1801,1146,37.68
28704,203,3521,115.68
28704,305,1845,60.68
28704,1110,4647,152.68
28704,1113,2455,80.68
28704,1617,4890,160.68
95192,1627,1025,33.68
96087,498,1452,47.68
96087,1801,1664,54.68
53494,1102,1725,56.68
53494,423,1391,45.68
53494,610,2210,72.68
53494,1112,1725,56.68
89661,101,841,27.68
89661,102,1207,39.68
89661,304,1572,51.68
89661,1113,1207,39.68
16087,203,2302,75.68
16087,1617,2182,71.68
16087,1709,2121,69.68
103626,1617,1603,52.68
98812,107,5925,194.68
98812,305,1633,53.68
98812,407,1725,56.68
98812,504,902,29.68
98812,809,1572,51.68
98812,1113,2090,68.68
98812,1412,1299,42.68
98812,1637,5347,175.68
98812,1801,5469,179.68
7980,102,1086,35.68
7980,304,3156,103.68
7980,428,2060,67.68
7980,498,2029,66.68
7980,1113,1238,40.68
7980,1701,1238,40.68
94394,998,902,29.68
94394,1798,902,29.68
94394,1812,811,26.68
98494,1617,690,22.68
98494,1622,1268,41.68
98494,1637,1268,41.68
84408,108,902,29.68
84408,198,537,17.68
84408,202,933,30.68
84408,426,721,23.68
84408,1634,964,31.68
18759,304,872,28.68
2325,1622,2972,97.68
2325,1640,2425,79.68
72216,1198,1086,35.68
24188,610,1725,56.68
24188,707,1664,54.68
43283,423,1633,53.68
2684,428,1025,33.68
2684,498,1025,33.68
23976,403,6047,198.68
23976,704,6047,198.68
23976,313,6078,199.68
43078,112,1542,50.68
88343,305,2576,84.68
88343,306,2576,84.68
88343,708,811,26.68
34366,1001,2210,72.68
34366,423,2090,68.68
34366,424,2090,68.68
34366,1116,1937,63.68
34366,1617,2182,71.68
74648,1605,2913,95.68
89119,426,872,28.68
98005,1614,2516,82.68
9922,304,902,29.68
59068,1803,1268,41.68
59068,1805,1391,45.68
49014,305,2060,67.68
49014,1630,3612,118.68
96820,432,1025,33.68
96820,1817,1146,37.68
86,304,1391,45.68
86,305,1391,45.68
86,306,1480,48.68
86,398,1391,45.68
76016,202,1572,51.68
76016,412,1572,51.68
76016,1617,2363,77.68
17591,705,1786,58.68
17591,1619,1786,58.68
17591,1816,2882,94.68
81746,202,1115,36.68
81746,306,1025,33.68
81746,713,1055,34.68
81746,809,1055,34.68
92095,111,994,32.68
92095,202,1207,39.68
92095,1098,1542,50.68
42080,1605,3094,101.68
62518,304,1511,49.68
62518,305,1511,49.68
62518,306,1511,49.68
62518,428,1876,61.68
62518,498,2241,73.68
62518,504,2241,73.68
70432,1707,2852,93.68
32437,1801,1299,42.68
95355,915,811,26.68
88319,1640,1055,34.68
88319,1801,872,28.68
88319,1810,3490,114.68
17594,305,2241,73.68
17594,313,4433,145.68
17594,1305,964,31.68
17594,1307,902,29.68
45856,202,2333,76.68
45856,712,2272,74.68
45856,1812,1360,44.68
26484,1610,4859,159.68
35151,102,1421,46.68
35151,198,1421,46.68
35151,306,1238,40.68
35151,1634,2151,70.68
35151,1637,2151,70.68
14317,407,1480,48.68
14317,412,1238,40.68
14317,915,1330,43.68
14317,916,1603,52.68
14317,1634,5043,165.68
14317,1708,4494,147.68
14317,1803,1998,65.68
20061,1110,2060,67.68
20061,1111,2029,66.68
72732,304,964,31.68
72732,428,964,31.68
72732,1617,1421,46.68
61737,406,1055,34.68
61737,407,1055,34.68
61737,708,933,30.68
48139,406,2394,78.68
48139,412,3429,112.68
48139,426,3278,107.68
48139,428,1633,53.68
48139,798,3247,106.68
75021,102,4798,157.68
75021,304,933,30.68
75021,305,933,30.68
74776,414,3337,109.68
83503,201,2729,89.68
2492,101,2882,94.68
2492,198,2913,95.68
50410,407,2151,70.68
50410,412,2210,72.68
6151,108,994,32.68
61046,304,1115,36.68
61046,1817,1299,42.68
86801,305,1207,39.68
86801,307,1207,39.68
86801,1805,5043,165.68
86801,1898,5043,165.68
85618,1312,1360,44.68
85618,1801,1756,57.68
85618,1898,3824,125.68
53992,306,933,30.68
53992,406,2972,97.68
1874,304,1055,34.68
1874,426,1055,34.68
1874,1617,2182,71.68
1874,1801,1756,57.68
1874,1898,2699,88.68
81946,304,1115,36.68
17380,426,2486,81.68
17380,428,1725,56.68
17380,1617,1998,65.68
17380,1817,1177,38.68
102044,1001,721,23.68
76434,202,902,29.68
76434,498,902,29.68
76434,1817,1330,43.68
61475,426,1177,38.68
61475,1105,1115,36.68
61475,1619,2425,79.68
61475,1633,1268,41.68
38305,202,933,30.68
38305,304,1330,43.68
38305,305,1330,43.68
38305,306,1330,43.68
43053,305,1907,62.68
43053,426,1998,65.68
43053,1305,1268,41.68
28880,398,1146,37.68
28880,425,1511,49.68
28880,1617,1511,49.68
1946,202,2729,89.68
103484,305,1725,56.68
103484,1105,994,32.68
85076,1630,3003,98.68
48888,403,3064,100.68
48888,504,1633,53.68
48888,411,1268,41.68
48888,504,1268,41.68
64271,1617,1146,37.68
64271,1801,1421,46.68
64271,1812,1299,42.68
69279,104,1238,40.68
69279,203,4982,163.68
69279,206,3977,130.68
69279,504,3156,103.68
69279,514,1177,38.68
69279,708,3916,128.68
69279,1298,2821,92.68
69279,1801,4008,131.68
69279,1817,1055,34.68
46891,102,872,28.68
46891,432,1025,33.68
46891,1701,872,28.68
46891,1705,964,31.68
46891,1801,2699,88.68
46891,1812,2516,82.68
500,414,2791,91.68
500,1110,3977,130.68
33148,107,1845,60.68
33148,202,1725,56.68
33148,304,902,29.68
33148,313,1876,61.68
33148,405,1817,59.68
33148,407,1817,59.68
33148,410,1876,61.68
33148,426,1511,49.68
33148,708,1725,56.68
91952,205,902,29.68
91952,298,690,22.68
91952,612,690,22.68
91952,1108,902,29.68
91952,1119,902,29.68
13138,304,3217,105.68
13138,305,3217,105.68
13138,306,3217,105.68
13138,430,6108,200.68
13138,1113,4617,151.68
13138,1801,3186,104.68
93684,607,1299,42.68
93684,1812,384,12.68
11230,404,1633,53.68
11230,498,1633,53.68
11230,1113,1633,53.68
11230,1805,1876,61.68
11230,1898,1876,61.68
77974,916,2302,75.68
77974,1617,2302,75.68
77974,1812,1725,56.68
77974,1817,933,30.68
23276,304,1055,34.68
23276,306,1055,34.68
23276,809,1876,61.68
23276,1113,1391,45.68
23276,1801,2821,92.68
87511,202,1146,37.68
87511,432,2668,87.68
87511,1817,2486,81.68
19881,205,1025,33.68
19881,1617,5377,176.68
69447,198,994,32.68
69447,426,3582,117.68
69447,1209,994,32.68
69447,1801,1177,38.68
69447,1817,2821,92.68
25910,201,1876,61.68
25910,406,2972,97.68
25910,407,2972,97.68
25910,708,1146,37.68
25910,1113,1511,49.68
72223,102,1511,49.68
72223,304,1845,60.68
72223,306,1845,60.68
72223,426,2455,80.68
72223,1626,964,31.68
58672,1704,1572,51.68
75371,1803,811,26.68
86404,120,6504,213.68
86404,205,1756,57.68
86404,304,841,27.68
86404,414,2151,70.68
86404,1106,1756,57.68
86404,1701,1907,62.68
86404,1813,5863,192.68
81002,104,2972,97.68
81002,198,2972,97.68
81002,104,2972,97.68
81002,311,2668,87.68
81002,408,2852,93.68
81002,423,1725,56.68
81002,498,2913,95.68
81002,1801,1207,39.68
60175,109,1115,36.68
60175,498,3551,116.68
60175,504,780,25.68
60175,719,3551,116.68
60175,1701,2972,97.68
45723,406,933,30.68
13729,305,1115,36.68
13729,1619,2972,97.68
78780,198,2182,71.68
78780,201,1542,50.68
78780,1113,1360,44.68
78780,1214,1360,44.68
76531,423,1572,51.68
76531,1634,2486,81.68
76531,1816,1207,39.68
88782,202,1603,52.68
88782,412,2121,69.68
88782,1802,1907,62.68
88782,1804,2729,89.68
19570,1598,1055,34.68
19570,1015,1055,34.68
15628,304,1146,37.68
15628,305,1146,37.68
15628,411,3186,104.68
15628,713,994,32.68
15628,1113,2913,95.68
15628,1804,4129,135.68
49220,205,1876,61.68
49220,423,2760,90.68
49220,1605,2607,85.68
100711,610,1968,64.68
100711,1106,1360,44.68
100711,1113,1330,43.68
100711,1204,1086,35.68
100711,1205,721,23.68
100711,1210,1330,43.68
100711,1312,2333,76.68
100711,1701,5560,182.68
63918,405,1360,44.68
63918,708,2455,80.68
61213,198,933,30.68
61213,1615,1876,61.68
61213,1617,1876,61.68
61213,1898,3094,101.68
61213,1998,3094,101.68
64686,304,1633,53.68
64686,306,2547,83.68
64686,1110,2547,83.68
64686,1617,2791,91.68
64686,1637,2363,77.68
64686,1810,2547,83.68
100568,305,2607,85.68
100568,908,1756,57.68
100568,1801,5438,178.68
98713,102,690,22.68
98713,305,749,24.68
98713,306,749,24.68
98713,1617,721,23.68
45129,915,2516,82.68
16103,305,933,30.68
16103,306,933,30.68
16103,498,1238,40.68
69142,412,1968,64.68
69142,712,1968,64.68
46655,1812,3094,101.68
46655,1813,2821,92.68
46655,1817,3582,117.68
100752,304,1360,44.68
100752,305,1360,44.68
100752,306,1360,44.68
23743,405,2151,70.68
95925,305,1542,50.68
95925,1812,1480,48.68
95925,1898,1238,40.68
13304,108,1998,65.68
13304,998,1146,37.68
13304,1304,1756,57.68
13304,1605,2394,78.68
13304,1701,2333,76.68
13304,1803,2121,69.68
60027,1298,2760,90.68
60027,202,4798,157.68
60027,708,3702,121.68
60027,1106,3337,109.68
60027,1210,3337,109.68
60027,1627,4282,140.68
28291,426,2852,93.68
10083,423,1360,44.68
10083,1817,2363,77.68
68299,307,841,27.68
21258,304,1238,40.68
21258,432,1238,40.68
21258,504,1238,40.68
21258,510,1238,40.68
21258,602,1238,40.68
21258,1113,1238,40.68
21258,1117,1238,40.68
21258,1605,1238,40.68
89743,809,872,28.68
89743,1117,1664,54.68
4066,405,2486,81.68
4066,419,1115,36.68
4066,423,2638,86.68
4066,426,2394,78.68
4066,498,1695,55.68
4066,1813,2090,68.68
4066,1817,872,28.68
4066,1909,1115,36.68
75369,298,964,31.68
75369,425,4343,142.68
75369,426,2121,69.68
75369,1634,2852,93.68
88145,304,2516,82.68
88145,305,2516,82.68
88145,1627,2607,85.68
88145,1637,3033,99.68
88145,1801,2455,80.68
71647,102,780,25.68
71647,305,2607,85.68
71647,1105,3337,109.68
71647,1801,780,25.68
71647,1817,994,32.68
46993,1108,5469,179.68
46993,1817,4739,155.68
78548,202,1330,43.68
78548,1609,2699,88.68
33606,305,2302,75.68
33606,1119,1695,55.68
33606,1215,2668,87.68
33606,1622,4160,136.68
33606,1801,1511,49.68
97933,404,1633,53.68
97933,498,1633,53.68
97933,1617,1725,56.68
97933,1627,933,30.68
97933,1801,1756,57.68
36934,1605,2394,78.68
87821,1634,1146,37.68
31696,998,1695,55.68
31696,908,1695,55.68
31696,1617,1391,45.68
87327,798,1330,43.68
87327,1802,933,30.68
52647,405,4282,140.68
52647,406,4282,140.68
52647,407,4282,140.68
52647,410,4282,140.68
52647,412,4221,138.68
52647,432,4920,161.68
52647,498,4920,161.68
52647,712,4221,138.68
52647,1817,4374,143.68
60290,1215,2607,85.68
60290,1817,994,32.68
77287,1605,1511,49.68
86877,1105,1146,37.68
86877,1898,1146,37.68
44058,307,1115,36.68
44058,504,1115,36.68
44058,705,4313,141.68
44058,708,5438,178.68
44058,803,2182,71.68
44058,1117,5073,166.68
44058,1616,1115,36.68
1519,406,3337,109.68
1519,708,4798,157.68
1519,1205,1207,39.68
1519,1817,1299,42.68
41299,102,1115,36.68
41299,1634,3156,103.68
41299,1798,2699,88.68
17281,1634,2760,90.68
28141,504,1845,60.68
28141,304,1845,60.68
28141,305,1817,59.68
28141,504,1845,60.68
28141,1804,3521,115.68
89521,101,1146,37.68
89521,102,1146,37.68
89521,305,3459,113.68
89521,602,1360,44.68
89521,809,1299,42.68
89521,1215,3278,107.68
89521,1804,5377,176.68
80842,202,841,27.68
80842,415,841,27.68
84044,714,841,27.68
84044,798,841,27.68
94492,202,690,22.68
94939,203,2882,94.68
94939,411,933,30.68
94939,426,721,23.68
94939,698,721,23.68
94939,914,872,28.68
94939,916,721,23.68
94939,1106,1115,36.68
94939,1701,872,28.68
94939,1898,2121,69.68
540,705,1146,37.68
540,713,3186,104.68
88585,1110,1572,51.68
6324,1105,5743,188.68
6324,1312,933,30.68
6324,1898,5743,188.68
92736,1630,5073,166.68
90099,304,1695,55.68
90099,306,1695,55.68
90099,428,1695,55.68
90099,1105,1695,55.68
90099,1703,1937,63.68
27750,101,1330,43.68
27750,304,2699,88.68
27750,305,2699,88.68
27750,306,2699,88.68
27750,1801,2913,95.68
27750,1813,3551,116.68
88856,102,872,28.68
88856,110,872,28.68
88856,405,1542,50.68
88856,407,2913,95.68
88856,612,3916,128.68
88856,705,3064,100.68
88856,915,2241,73.68
88856,1117,2210,72.68
88856,1307,1025,33.68
88856,1605,3947,129.68
88856,1616,3003,98.68
88856,1617,4068,133.68
76901,298,1572,51.68
76901,1605,1756,57.68
76901,1616,2668,87.68
77894,198,994,32.68
77894,304,994,32.68
34066,305,994,32.68
34066,306,4313,141.68
34066,1634,1603,52.68
65017,305,964,31.68
65017,412,3886,127.68
65017,1215,2425,79.68
65017,1817,3186,104.68
20923,423,2425,79.68
20923,426,2425,79.68
20923,708,3003,98.68
20923,1616,1391,45.68
20923,1701,3003,98.68
20923,1812,2425,79.68
83736,1609,1391,45.68
83736,1622,1391,45.68
83736,1634,1391,45.68
83736,1698,1391,45.68
95205,914,1299,42.68
95205,1708,1572,51.68
95412,1622,1542,50.68
90016,423,2455,80.68
90016,1817,994,32.68
91847,1198,811,26.68
5068,304,1695,55.68
5068,719,1725,56.68
5068,1113,1268,41.68
79694,304,1299,42.68
79694,305,1937,63.68
79694,398,1937,63.68
79694,698,1937,63.68
79694,898,1299,42.68
31684,305,2363,77.68
31684,1801,4068,133.68
31684,1898,3156,103.68
59099,610,5132,168.68
59099,714,1207,39.68
59099,1113,1086,35.68
57379,498,1330,43.68
57379,1617,1330,43.68
78553,102,2151,70.68
78553,304,1786,58.68
78553,1110,5590,183.68
67674,415,1055,34.68
67674,426,1055,34.68
67674,1215,1086,35.68
41179,426,1055,34.68
41179,698,2972,97.68
90008,426,4708,154.68
90008,504,1664,54.68
91664,411,994,32.68
91664,1627,872,28.68
73194,898,2882,94.68
73194,1609,3582,117.68
73194,1634,3582,117.68
73194,1637,1330,43.68
73194,1801,1055,34.68
76479,107,2121,69.68
76479,202,2060,67.68
28488,305,2941,96.68
28488,898,2363,77.68
28488,916,2060,67.68
28488,1113,2333,76.68
28488,1816,5408,177.68
28488,1898,5347,175.68
57990,1627,902,29.68
85380,109,841,27.68
85380,1627,1299,42.68
38058,1622,933,30.68
38058,1801,933,30.68
33002,1617,1845,60.68
30052,104,3702,121.68
30052,305,902,29.68
30052,306,1998,65.68
30052,809,3125,102.68
46322,1112,3551,116.68
46322,1801,1238,40.68
74222,304,1511,49.68
74222,305,1511,49.68
74222,307,1511,49.68
74222,1634,5713,187.68
74222,1637,1542,50.68
85203,205,1480,48.68
85203,504,1480,48.68
85203,1111,2210,72.68
85203,1637,2760,90.68
85203,1640,4617,151.68
11578,408,964,31.68
69446,305,1968,64.68
69446,405,4129,135.68
69446,1117,2699,88.68
69446,1798,2852,93.68
17757,116,1572,51.68
17757,304,2821,92.68
17757,305,2821,92.68
17757,406,964,31.68
17757,432,3916,128.68
17757,1113,1572,51.68
17757,1619,4859,159.68
16258,498,1937,63.68
16258,1637,1968,64.68
16258,1640,1968,64.68
38399,313,2182,71.68
789,916,1876,61.68
789,1015,5621,184.68
789,1298,3702,121.68
789,1609,994,32.68
789,1817,1391,45.68
72109,205,1391,45.68
72109,304,1268,41.68
72109,305,1268,41.68
72109,313,6381,209.68
72109,809,964,31.68
72109,908,994,32.68
72109,998,964,31.68
72109,1105,3033,99.68
72109,1204,1268,41.68
75373,305,1115,36.68
75373,432,1299,42.68
75373,915,2210,72.68
75373,1215,1845,60.68
88725,304,1421,46.68
88725,305,1421,46.68
88725,306,1421,46.68
88815,202,1695,55.68
88815,1007,2121,69.68
88815,1112,933,30.68
88815,1701,1695,55.68
88815,1803,933,30.68
1622,713,4008,131.68
1622,1902,2121,69.68
9814,304,2151,70.68
9814,307,2151,70.68
15500,1801,1452,47.68
18235,306,1299,42.68
18235,313,2425,79.68
18235,1215,1664,54.68
18235,1603,2060,67.68
72642,425,3947,129.68
72642,1106,1421,46.68
72642,1616,3947,129.68
72642,1698,3947,129.68
3065,423,1086,35.68
3065,714,1025,33.68
23082,304,1480,48.68
23082,305,1480,48.68
23082,1801,2913,95.68
83718,809,1055,34.68
83718,1307,1055,34.68
57354,1801,964,31.68
56380,406,2363,77.68
56380,426,2121,69.68
56380,1817,1115,36.68
77818,1298,994,32.68
77818,1605,1360,44.68
77818,1616,1360,44.68
77818,1634,1391,45.68
77818,1817,1177,38.68
21128,1806,4282,140.68
21128,1810,4282,140.68
67465,103,1907,62.68
67465,103,1907,62.68
67465,1113,2182,71.68
67465,1609,6016,197.68
91824,208,5743,188.68
91824,411,1391,45.68
91824,428,1146,37.68
91824,605,1146,37.68
91824,610,1146,37.68
91824,809,3278,107.68
91824,1113,1146,37.68
91824,1617,5682,186.68
91824,1801,4343,142.68
9293,405,4068,133.68
9293,406,4068,133.68
9293,1617,5438,178.68
9293,1802,2455,80.68
99753,1614,2941,96.68
99753,1625,2941,96.68
39047,1798,1115,36.68
12057,108,1664,54.68
12057,202,1115,36.68
12057,412,2607,85.68
12057,712,2607,85.68
12057,1105,1421,46.68
83786,915,811,26.68
83786,1117,6016,197.68
53522,202,1146,37.68
53522,304,1299,42.68
53522,305,1299,42.68
53522,423,1360,44.68
34773,708,1664,54.68
34773,715,1664,54.68
34773,1617,1725,56.68
34773,1817,964,31.68
57425,425,2576,84.68
57425,430,2576,84.68
57425,1605,2576,84.68
57425,1612,2576,84.68
27530,1805,933,30.68
72403,306,1421,46.68
72403,424,964,31.68
72403,1817,1025,33.68
100419,101,1115,36.68
100419,102,3794,124.68
100419,120,1115,36.68
100419,205,690,22.68
100419,305,2333,76.68
100419,313,5469,179.68
100419,612,3521,115.68
100419,1117,5377,176.68
100419,1605,4920,161.68
100419,1607,5347,175.68
100419,1811,1115,36.68
100419,1817,5285,173.68
88722,202,1025,33.68
88722,203,1025,33.68
88722,1698,1025,33.68
34637,1619,1817,59.68
34637,1640,1876,61.68
68155,410,2029,66.68
68155,411,2029,66.68
68155,713,1756,57.68
68155,1617,2272,74.68
68155,1798,2852,93.68
68155,1801,2882,94.68
68155,1817,1937,63.68
38795,426,1817,59.68
4597,202,1480,48.68
4597,304,3671,120.68
4597,428,994,32.68
4597,1110,1817,59.68
54228,1117,2060,67.68
3470,298,933,30.68
3470,712,2029,66.68
3470,1605,2394,78.68
3470,1616,2090,68.68
3470,1617,2090,68.68
3470,1801,1603,52.68
5472,102,1360,44.68
17319,202,1086,35.68
17319,407,1086,35.68
17319,411,1968,64.68
17319,1701,3855,126.68
91740,298,902,29.68
91740,498,902,29.68
91740,1634,902,29.68
32570,304,841,27.68
32570,305,841,27.68
32570,313,4160,136.68
32570,411,660,21.68
32570,426,3947,129.68
32570,1617,4160,136.68
71129,415,841,27.68
64219,202,994,32.68
64219,1812,872,28.68
96655,112,2516,82.68
96655,305,780,25.68
96655,306,780,25.68
96655,708,933,30.68
96655,914,780,25.68
96655,1804,3033,99.68
55834,1812,1268,41.68
99716,1111,1360,44.68
99716,1617,2363,77.68
99716,1698,2638,86.68
1392,703,3490,114.68
1392,703,3490,114.68
58520,1637,1115,36.68
1058,916,1603,52.68
29524,305,1146,37.68
29524,1312,1055,34.68
85332,704,872,28.68
64222,202,933,30.68
64222,1602,1664,54.68
54312,305,1360,44.68
54312,306,2576,84.68
54312,605,1511,49.68
7887,112,3186,104.68
7887,1215,2272,74.68
94379,408,2516,82.68
94379,1605,2090,68.68
94379,1617,964,31.68
71683,708,1146,37.68
71683,1705,964,31.68
49959,432,964,31.68
49959,1801,2576,84.68
60196,104,1268,41.68
60196,304,902,29.68
60196,305,2547,83.68
60196,307,902,29.68
60196,423,1268,41.68
60196,426,1268,41.68
60196,713,1664,54.68
60196,1117,3671,120.68
60196,1808,3733,122.68
60196,1809,3733,122.68
96518,405,2151,70.68
96518,412,2029,66.68
96518,1198,1907,62.68
96518,1804,1907,62.68
96518,1805,1907,62.68
96518,1810,1907,62.68
51175,708,1572,51.68
51175,1198,1299,42.68
51175,1617,1572,51.68
51175,1634,1572,51.68
7566,1616,1572,51.68
7566,1622,1572,51.68
7566,1634,1572,51.68
61080,1601,1086,35.68
61080,1705,2425,79.68
61080,1802,994,32.68
61080,1817,994,32.68
89685,108,1391,45.68
89685,1617,1360,44.68
89685,1810,1299,42.68
32188,412,1603,52.68
32188,712,1603,52.68
32188,714,1177,38.68
32188,1215,1330,43.68
32188,1801,1452,47.68
63650,202,2486,81.68
63650,304,1207,39.68
61190,698,3855,126.68
61190,1598,3855,126.68
61190,412,3094,101.68
61190,426,3094,101.68
61190,712,3094,101.68
61190,1113,1633,53.68
61190,1614,3824,125.68
61190,1627,3824,125.68
61190,1812,4374,143.68
7914,410,2882,94.68
7914,1407,3064,100.68
7914,1802,3337,109.68
27084,307,1055,34.68
27084,1701,3490,114.68
15294,406,933,30.68
15294,1106,1360,44.68
15294,1112,1360,44.68
15294,1113,1360,44.68
15294,1801,1998,65.68
7694,398,1572,51.68
7694,423,1572,51.68
7694,498,1572,51.68
7694,1198,1572,51.68
7694,1801,1330,43.68
84923,207,1421,46.68
19800,313,1330,43.68
19800,1015,1330,43.68
51393,305,1480,48.68
51393,708,1876,61.68
4019,102,1756,57.68
4019,423,1086,35.68
4019,1801,1452,47.68
3423,101,1207,39.68
3423,304,1480,48.68
18359,1113,4798,157.68
82569,305,1360,44.68
82569,1311,2060,67.68
82569,1812,3156,103.68
92368,304,811,26.68
92368,307,811,26.68
61312,1605,1786,58.68
85121,306,2455,80.68
85121,430,3156,103.68
85121,432,2029,66.68
85121,1118,1756,57.68
85121,1801,2852,93.68
89248,304,2090,68.68
89248,305,2090,68.68
89248,307,2090,68.68
89248,504,1786,58.68
89248,519,1786,58.68
81043,202,964,31.68
58039,202,964,31.68
58039,306,3278,107.68
58039,426,964,31.68
56317,304,1572,51.68
33929,102,1146,37.68
33929,205,1146,37.68
33929,304,1146,37.68
33929,307,1146,37.68
33929,404,994,32.68
33929,405,994,32.68
33929,406,994,32.68
33929,407,994,32.68
33929,514,1360,44.68
33929,708,1633,53.68
33929,1113,994,32.68
33929,1205,994,32.68
33929,1305,994,32.68
33929,1801,3916,128.68
33929,1816,5621,184.68
44403,201,1876,61.68
44403,304,4798,157.68
44403,305,1845,60.68
44403,313,6565,215.68
44403,1605,5377,176.68
44403,1634,4951,162.68
44403,1801,3156,103.68
100188,305,994,32.68
100188,307,1025,33.68
100188,404,994,32.68
100188,415,994,32.68
100188,504,2486,81.68
100188,1798,3643,119.68
28643,406,811,26.68
1866,305,1268,41.68
1866,428,1998,65.68
12775,202,1055,34.68
12775,1605,902,29.68
7948,305,1542,50.68
7948,306,1542,50.68
7948,498,2791,91.68
7948,714,2972,97.68
7948,916,1115,36.68
7948,1298,1115,36.68
6922,1605,2241,73.68
6922,1634,2394,78.68
6922,1701,2638,86.68
58516,1634,2121,69.68
57598,202,3855,126.68
57598,1701,3551,116.68
87781,1703,2760,90.68
87781,1704,3582,117.68
93104,306,3156,103.68
93104,405,902,29.68
93104,428,1360,44.68
93104,1637,2821,92.68
30566,304,1238,40.68
30566,428,1207,39.68
30566,1698,5224,171.68
15307,305,994,32.68
15307,504,2516,82.68
15307,1627,3429,112.68
78051,423,2941,96.68
76944,305,3337,109.68
76944,306,3337,109.68
76944,607,629,20.68
76944,608,629,20.68
76944,1105,1786,58.68
76944,1616,537,17.68
76944,1617,537,17.68
59358,102,1025,33.68
59358,1701,1268,41.68
9682,102,1391,45.68
9682,109,1025,33.68
9682,202,5163,169.68
9682,206,1725,56.68
9682,423,1025,33.68
9682,608,872,28.68
9682,915,1876,61.68
9682,1113,902,29.68
9682,1211,872,28.68
9682,1615,902,29.68
10739,304,2455,80.68
10739,305,2455,80.68
10739,504,1268,41.68
14146,102,2090,68.68
14146,201,2090,68.68
14146,428,2913,95.68
14146,1605,902,29.68
84979,304,811,26.68
84979,1701,2486,81.68
32107,202,2972,97.68
97762,304,1756,57.68
97762,1215,1115,36.68
42291,202,4068,133.68
42291,304,2363,77.68
42291,305,1268,41.68
42291,306,2363,77.68
42291,412,4068,133.68
42291,415,4068,133.68
42291,432,1055,34.68
42291,709,3916,128.68
42291,916,2729,89.68
100604,102,568,18.68
100604,305,721,23.68
100604,706,1876,61.68
100604,708,4252,139.68
100604,709,4252,139.68
100604,713,1146,37.68
100604,1118,568,18.68
100604,1817,3125,102.68
82152,305,1086,35.68
82152,426,4586,150.68
82152,1105,1360,44.68
82152,1106,4221,138.68
82152,1113,4221,138.68
82152,1119,2760,90.68
82152,1698,902,29.68
82152,1898,1360,44.68
92046,1111,811,26.68
68791,410,4617,151.68
68791,1113,2791,91.68
68791,1619,5043,165.68
68791,1637,1421,46.68
68791,1701,4829,158.68
30660,713,1055,34.68
71737,1098,3247,106.68
71737,1616,3916,128.68
14097,1637,2182,71.68
92121,411,994,32.68
96617,304,2607,85.68
96617,406,2607,85.68
96617,426,2516,82.68
96617,714,1268,41.68
96617,914,2241,73.68
96617,915,2241,73.68
96617,1113,2607,85.68
96617,1601,2913,95.68
96617,1701,2151,70.68
96617,1804,3064,100.68
96617,1807,3064,100.68
96617,1810,3064,100.68
96617,1898,1330,43.68
20920,305,1207,39.68
20920,306,1207,39.68
41085,1617,3186,104.68
41085,1817,1937,63.68
61823,1117,5498,180.68
61823,1215,5438,178.68
61823,1617,1817,59.68
61823,1817,4037,132.68
17518,102,1115,36.68
17518,104,2060,67.68
17518,305,1695,55.68
17518,423,4555,149.68
17518,1609,4708,154.68
83396,1101,4433,145.68
83396,306,2821,92.68
83396,1312,1511,49.68
83396,1801,2821,92.68
79529,303,3186,104.68
79529,898,2151,70.68
79529,304,2760,90.68
79529,305,2791,91.68
79529,311,2791,91.68
79529,412,2516,82.68
79529,423,2882,94.68
79529,712,2821,92.68
79529,1605,2913,95.68
79529,1703,1055,34.68
79529,1704,1786,58.68
41494,306,1572,51.68
41494,504,1572,51.68
41494,1113,1177,38.68
73501,423,3977,130.68
73501,709,3217,105.68
73501,809,3671,120.68
11070,202,964,31.68
75004,1598,3459,113.68
75004,612,3459,113.68
28235,405,4798,157.68
28235,407,4798,157.68
28235,426,2972,97.68
28235,1105,1511,49.68
28235,1113,1480,48.68
28235,1801,3217,105.68
97796,304,2394,78.68
97796,305,2394,78.68
97796,306,2394,78.68
97796,426,1817,59.68
97796,504,2607,85.68
97796,1118,1115,36.68
97796,1704,3886,127.68
97796,1816,1115,36.68
97796,1817,1268,41.68
47953,305,1937,63.68
47953,1110,5377,176.68
47953,1112,5377,176.68
47953,1113,3916,128.68
47953,1115,4982,163.68
47953,1198,4982,163.68
47953,1617,5347,175.68
47953,1628,5104,167.68
47953,1898,4647,152.68
77920,108,2151,70.68
77920,306,1511,49.68
77920,706,2272,74.68
77920,1609,2090,68.68
77920,1617,2182,71.68
77920,1801,1391,45.68
77920,1805,2060,67.68
6462,1616,4008,131.68
6462,1622,4008,131.68
6462,1634,4008,131.68
6462,1640,4008,131.68
41855,404,6108,200.68
41855,605,1998,65.68
41855,712,5743,188.68
41855,1111,3003,98.68
41855,1212,1480,48.68
41855,1601,5713,187.68
41855,1817,2760,90.68
41855,1998,5651,185.68
13100,404,3003,98.68
13100,424,2455,80.68
13100,698,2333,76.68
13100,1108,3003,98.68
13100,1817,1330,43.68
8709,102,2029,66.68
8709,415,2516,82.68
8709,1106,1238,40.68
8709,1701,3003,98.68
8709,1798,5104,167.68
8709,1801,3156,103.68
8709,1803,1238,40.68
64915,498,1025,33.68
64915,1113,1452,47.68
64915,1627,2941,96.68
64915,1813,1542,50.68
97147,202,1086,35.68
15249,809,902,29.68
102360,119,1633,53.68
102360,202,507,16.68
102360,306,2607,85.68
102360,809,4374,143.68
102360,1110,599,19.68
102360,1898,1633,53.68
61245,1810,1360,44.68
83968,398,933,30.68
83968,1298,933,30.68
83968,1640,933,30.68
83968,1816,1115,36.68
81001,202,1786,58.68
81001,1812,2791,91.68
53537,1198,2760,90.68
53537,1801,3763,123.68
23848,432,1238,40.68
23848,498,2151,70.68
23848,1801,2121,69.68
83944,1801,2302,75.68
60944,304,902,29.68
60944,305,902,29.68
60944,307,902,29.68
60944,405,2516,82.68
58432,102,1146,37.68
58432,201,1845,60.68
58432,202,1695,55.68
58432,608,964,31.68
58432,1106,2121,69.68
58432,1113,2121,69.68
91758,304,841,27.68
91758,307,841,27.68
91758,415,902,29.68
91758,432,2455,80.68
91758,916,841,27.68
91758,1105,902,29.68
91758,1106,2210,72.68
91758,1113,2210,72.68
91758,1615,841,27.68
91758,1812,2455,80.68
93142,403,1695,55.68
93142,202,1695,55.68
66170,426,1268,41.68
66170,1605,1299,42.68
49733,1898,3094,101.68
51047,426,1998,65.68
51047,712,2425,79.68
16677,1110,1391,45.68
80530,1801,2121,69.68
99843,1630,4343,142.68
31869,1198,1146,37.68
31869,713,4037,132.68
31869,1110,1146,37.68
31869,1622,2882,94.68
31869,1801,2760,90.68
31869,1898,1146,37.68
32668,202,5255,172.68
32668,406,5255,172.68
32668,1605,4647,152.68
32668,1701,5560,182.68
32668,1817,4252,139.68
85207,1605,3125,102.68
60053,305,2241,73.68
60053,306,2241,73.68
60053,428,1876,61.68
60053,498,1238,40.68
60053,1817,1207,39.68
50679,415,1756,57.68
50679,432,2852,93.68
50679,1627,2760,90.68
90255,1605,1817,59.68
103437,708,780,25.68
103437,1801,721,23.68
94898,707,1115,36.68
64055,423,1633,53.68
64055,426,1633,53.68
64055,1710,933,30.68
52190,107,2121,69.68
52190,304,964,31.68
52190,405,1786,58.68
52190,423,1786,58.68
52190,426,1786,58.68
34294,423,2121,69.68
34294,432,1268,41.68
34294,1703,1511,49.68
8168,423,2425,79.68
8168,426,2425,79.68
8168,1801,2486,81.68
21583,304,933,30.68
21583,305,933,30.68
21583,605,4068,133.68
21583,809,1086,35.68
21583,908,933,30.68
21583,1106,1086,35.68
21583,1111,1086,35.68
21583,1112,1086,35.68
21583,1117,1086,35.68
21583,1210,1086,35.68
21583,1212,3156,103.68
21583,1605,4068,133.68
21583,1898,3156,103.68
93945,201,537,17.68
93945,407,537,17.68
93945,418,2182,71.68
93945,1113,1695,55.68
93945,1908,2060,67.68
63095,411,1299,42.68
63095,915,3582,117.68
63095,1106,1115,36.68
63095,1816,2455,80.68
86097,504,2668,87.68
86097,428,1937,63.68
86097,504,2668,87.68
86097,998,1025,33.68
86097,1105,2210,72.68
86097,1617,2668,87.68
38812,102,2882,94.68
38812,304,2882,94.68
38812,698,2121,69.68
38812,1198,1421,46.68
38812,1298,1786,58.68
15525,305,1633,53.68
15525,306,1633,53.68
15525,309,1633,53.68
15525,1619,1633,53.68
15525,1801,1360,44.68
15525,1809,1633,53.68
19093,304,902,29.68
19093,1634,1572,51.68
19093,1637,1603,52.68
50471,428,3306,108.68
50471,1614,1480,48.68
50471,1630,4739,155.68
50471,1802,3186,104.68
50471,1815,2090,68.68
56931,712,1238,40.68
56931,1617,1177,38.68
67539,1111,2941,96.68
67539,1701,1542,50.68
67539,1798,2516,82.68
50884,108,933,30.68
50884,304,2821,92.68
50884,514,933,30.68
50884,915,1146,37.68
50884,1312,933,30.68
50884,1801,1542,50.68
96103,1801,841,27.68
92744,1803,811,26.68
92744,1812,811,26.68
14421,1110,1756,57.68
14421,1605,1756,57.68
14421,1701,1542,50.68
14421,1805,2455,80.68
7251,408,964,31.68
60763,304,1115,36.68
60763,1614,1025,33.68
60763,1627,2638,86.68
81022,902,3582,117.68
81022,423,1633,53.68
81022,902,3582,117.68
100035,203,660,21.68
70490,1112,933,30.68
63230,915,2241,73.68
94075,205,902,29.68
94075,705,2972,97.68
94075,708,1511,49.68
94075,803,1511,49.68
94075,809,1146,37.68
94075,915,1511,49.68
94075,1105,4433,145.68
94075,1117,4433,145.68
94075,1215,1817,59.68
83265,206,1299,42.68
83265,407,902,29.68
83265,423,902,29.68
83265,428,933,30.68
83265,1105,2455,80.68
83265,1198,1299,42.68
83265,1605,4586,150.68
83265,1627,1633,53.68
19916,306,933,30.68
19916,1609,1480,48.68
19916,1622,1480,48.68
85197,1801,2972,97.68
89665,410,1725,56.68
89665,1708,2455,80.68
62007,915,4221,138.68
62007,1110,5104,167.68
65693,1617,2363,77.68
65693,1801,2029,66.68
65693,1813,3521,115.68
25913,198,3612,118.68
25913,698,2972,97.68
25913,1817,3217,105.68
51935,198,2972,97.68
51935,304,2972,97.68
51935,305,2576,84.68
51935,398,1115,36.68
51935,428,2607,85.68
76601,304,1299,42.68
76601,1601,1299,42.68
76601,1798,1786,58.68
98999,202,1421,46.68
98999,424,1391,45.68
98999,713,1633,53.68
98999,809,690,22.68
98999,1198,1480,48.68
32075,1113,2121,69.68
32666,1198,1330,43.68
32666,1110,1330,43.68
36886,202,2121,69.68
36886,1798,1695,55.68
36886,1801,2791,91.68
62548,102,994,32.68
62548,705,994,32.68
62548,1112,1421,46.68
62548,1630,5774,189.68
24919,102,1391,45.68
24919,1205,1115,36.68
93296,1198,1542,50.68
93296,1601,933,30.68
58969,305,1025,33.68
58969,1637,1998,65.68
50938,798,1086,35.68
44480,304,2182,71.68
44480,307,2182,71.68
44480,608,2913,95.68
44480,1211,2913,95.68
44480,1801,2547,83.68
46610,409,2394,78.68
46610,705,902,29.68
46610,1108,3398,111.68
46610,1312,902,29.68
46610,1617,3459,113.68
46610,1801,902,29.68
46610,1902,2394,78.68
88037,1805,1330,43.68
64325,198,1452,47.68
64325,298,629,20.68
64325,304,2516,82.68
64325,305,2516,82.68
64325,1117,4343,142.68
64325,1398,994,32.68
64325,1812,4252,139.68
64325,1898,1817,59.68
35022,1701,1055,34.68
35022,1813,1177,38.68
87762,914,1572,51.68
58962,304,2972,97.68
58962,410,1511,49.68
58962,714,1025,33.68
58962,1813,4402,144.68
102595,102,476,15.68
102595,1614,2972,97.68
7772,428,872,28.68
7772,432,1725,56.68
7772,713,1238,40.68
7772,1622,1845,60.68
10092,101,1238,40.68
10092,1307,1299,42.68
96887,1598,1572,51.68
5074,204,964,31.68
5074,205,1207,39.68
5074,304,2090,68.68
5074,305,1360,44.68
5074,306,1360,44.68
5074,307,2090,68.68
5074,411,1998,65.68
5074,432,5408,177.68
5074,510,1360,44.68
5074,519,1360,44.68
5074,1111,1238,40.68
5074,1112,2455,80.68
5074,1113,1391,45.68
5074,1119,1238,40.68
5074,1205,994,32.68
5074,1216,1086,35.68
5074,1415,1115,36.68
5074,1601,4525,148.68
5074,1627,4525,148.68
5074,1701,4282,140.68
5074,1703,4739,155.68
5074,1705,3551,116.68
5074,1801,2821,92.68
5074,1817,3033,99.68
101148,108,568,18.68
14099,405,2547,83.68
14099,423,2913,95.68
37470,1801,2302,75.68
37470,1803,2455,80.68
37470,1817,1664,54.68
62657,108,1299,42.68
62657,1605,1452,47.68
62657,1701,1177,38.68
85966,198,1238,40.68
85966,205,1146,37.68
85966,504,1360,44.68
19095,916,1633,53.68
19095,1015,1633,53.68
19095,1705,1603,52.68
84202,304,1025,33.68
84202,305,1025,33.68
84202,311,3551,116.68
84202,1805,3582,117.68
30554,304,2547,83.68
30554,305,2547,83.68
30554,306,1664,54.68
30554,412,1146,37.68
30554,432,1177,38.68
30554,1817,2882,94.68
76205,426,2455,80.68
91046,426,1968,64.68
91046,1601,1299,42.68
91046,1898,1542,50.68
19245,103,2607,85.68
19245,201,1664,54.68
19245,205,1299,42.68
19245,306,3186,104.68
19245,404,1025,33.68
19245,428,1238,40.68
19245,432,1786,58.68
19245,1113,1421,46.68
19245,1215,1817,59.68
19245,1801,1572,51.68
19245,1817,872,28.68
34588,310,1725,56.68
26810,205,3337,109.68
26810,304,4068,133.68
26810,305,3551,116.68
26810,411,3947,129.68
26810,412,5651,185.68
90652,1634,872,28.68
14710,116,1817,59.68
14710,304,6259,205.68
14710,305,5529,181.68
14710,498,2060,67.68
14710,1105,994,32.68
14710,1708,3368,110.68
21154,1801,994,32.68
3068,408,964,31.68
3068,504,1330,43.68
3068,705,964,31.68
3068,1698,1360,44.68
67347,423,1998,65.68
67347,426,1998,65.68
73330,306,2852,93.68
73330,426,3217,105.68
73330,1617,964,31.68
73330,1703,964,31.68
78666,915,1268,41.68
101871,310,660,21.68
101871,311,507,16.68
101871,705,537,17.68
101871,712,507,16.68
101871,1617,629,20.68
72093,1198,2272,74.68
72093,1603,2425,79.68
53235,306,1664,54.68
34707,102,1146,37.68
34707,598,2455,80.68
34707,1813,2090,68.68
99794,116,1177,38.68
99794,205,749,24.68
99794,423,1391,45.68
99794,504,1238,40.68
99794,708,811,26.68
99794,906,1360,44.68
99794,908,1360,44.68
99794,1626,1268,41.68
99794,1703,5073,166.68
99794,1801,4739,155.68
99794,1817,3247,106.68
2624,504,1542,50.68
2624,898,1542,50.68
86871,305,1876,61.68
86871,1801,3977,130.68
92627,1001,2090,68.68
92627,304,1330,43.68
92627,307,1330,43.68
92627,414,994,32.68
15765,304,1360,44.68
15765,307,1360,44.68
15765,406,902,29.68
15765,412,902,29.68
15765,423,902,29.68
15765,426,1452,47.68
15765,916,2638,86.68
15765,1110,3337,109.68
15765,1698,2729,89.68
33859,410,964,31.68
21418,916,1146,37.68
21418,998,1055,34.68
21418,1812,1268,41.68
21418,1816,1207,39.68
88492,205,1511,49.68
88492,306,4798,157.68
88492,428,4647,152.68
79844,1812,1603,52.68
76520,304,1146,37.68
76520,307,1146,37.68
76520,1617,2121,69.68
76520,1640,2121,69.68
82577,304,1511,49.68
82577,305,1511,49.68
82577,608,1086,35.68
82577,713,3368,110.68
82577,1105,4525,148.68
60155,1117,1421,46.68
60155,1801,2455,80.68
6186,426,5347,175.68
6186,1111,1207,39.68
6186,1305,902,29.68
6186,1710,2852,93.68
6111,313,2852,93.68
6111,504,964,31.68
6111,712,3947,129.68
92859,708,1025,33.68
92859,1105,2668,87.68
35043,610,1664,54.68
72175,109,1968,64.68
72175,305,1817,59.68
72175,414,1421,46.68
72175,1312,2060,67.68
72175,1801,3217,105.68
48994,118,1330,43.68
48994,205,1937,63.68
48994,305,2882,94.68
48994,428,3916,128.68
48994,1113,1664,54.68
48994,1803,1876,61.68
48994,1805,6534,214.68
71881,116,964,31.68
71881,304,964,31.68
71881,915,1299,42.68
17049,1605,2029,66.68
17049,1640,1998,65.68
75006,1801,902,29.68
81194,101,5132,168.68
81194,102,5132,168.68
81194,1598,964,31.68
81194,115,4920,161.68
81194,305,1299,42.68
81194,1307,964,31.68
73367,202,3094,101.68
83094,1609,1025,33.68
83094,1617,1025,33.68
81361,304,1845,60.68
81361,1804,3156,103.68
14975,1898,1299,42.68
1258,201,1086,35.68
1258,707,3490,114.68
1258,804,3306,108.68
1258,1112,1511,49.68
1258,1113,1511,49.68
1258,1212,1025,33.68
1258,1614,3551,116.68
1258,1817,3459,113.68
68951,1617,1330,43.68
6329,202,1603,52.68
6329,798,1603,52.68
22182,116,3094,101.68
22182,205,2486,81.68
22182,304,2363,77.68
22182,305,2729,89.68
22182,306,2363,77.68
22182,504,2455,80.68
22182,906,5835,191.68
22182,916,3398,111.68
22182,1106,1725,56.68
22182,1111,5621,184.68
22182,1112,1725,56.68
22182,1113,3398,111.68
22182,1205,1330,43.68
22182,1210,5621,184.68
22182,1215,994,32.68
22182,1312,1937,63.68
22182,1798,5835,191.68
22182,1903,2121,69.68
20583,305,902,29.68
20583,306,902,29.68
20583,406,2972,97.68
20583,407,902,29.68
20583,428,1633,53.68
20583,1705,3671,120.68
55151,424,1299,42.68
55151,1014,1299,42.68
55151,1701,994,32.68
37458,304,902,29.68
37458,305,902,29.68
37458,1704,1876,61.68
6695,307,1238,40.68
6695,1634,5012,164.68
99207,305,2272,74.68
99207,1117,721,23.68
99207,1634,2363,77.68
58227,498,1238,40.68
32239,1812,1146,37.68
32239,1813,2791,91.68
87740,423,2486,81.68
87740,605,3003,98.68
103292,109,537,17.68
103292,116,537,17.68
103292,405,1633,53.68
103292,406,1633,53.68
103292,407,1633,53.68
103292,414,1633,53.68
103292,605,568,18.68
103292,1618,1177,38.68
34224,1701,2638,86.68
34224,1801,2668,87.68
64196,405,1025,33.68
64196,415,1025,33.68
64196,1622,1025,33.68
73826,915,1360,44.68
91449,1198,3278,107.68
91449,498,1907,62.68
91449,1198,2182,71.68
91449,1698,1907,62.68
91449,1813,1968,64.68
76706,404,902,29.68
76706,405,872,28.68
76706,406,902,29.68
76706,410,902,29.68
76706,426,872,28.68
76706,432,1268,41.68
76706,1798,1633,53.68
76706,1801,2607,85.68
76706,1802,902,29.68
88459,803,1572,51.68
88459,1106,1572,51.68
88459,1110,1572,51.68
88459,1113,1572,51.68
41527,707,1756,57.68
41527,1605,1391,45.68
41527,1810,3702,121.68
46426,304,1146,37.68
46426,504,1146,37.68
46426,809,3094,101.68
46426,1803,994,32.68
46426,1815,3186,104.68
70617,1801,1664,54.68
70617,1898,902,29.68
92398,1627,780,25.68
92398,1803,2394,78.68
41706,407,4798,157.68
41706,408,4798,157.68
41706,412,4798,157.68
41706,504,4647,152.68
41706,1215,4647,152.68
90326,205,1421,46.68
90326,304,1725,56.68
90326,305,1725,56.68
90326,1111,2151,70.68
90326,1210,2151,70.68
90326,1215,994,32.68
90326,1216,994,32.68
90326,1627,3947,129.68
90326,1798,811,26.68
25869,205,1207,39.68
25869,304,1845,60.68
25869,423,3916,128.68
25869,809,3337,109.68
25869,1215,4647,152.68
25869,1701,3247,106.68
25869,1710,1177,38.68
25869,1804,5743,188.68
30009,1112,1664,54.68
30009,1113,1664,54.68
30009,1810,1664,54.68
34955,1801,994,32.68
27010,116,1025,33.68
27010,202,1025,33.68
27010,205,1025,33.68
27010,304,1025,33.68
27010,305,1025,33.68
44350,424,933,30.68
44350,426,964,31.68
44350,1801,933,30.68
44350,1817,933,30.68
48432,101,1695,55.68
48432,102,1695,55.68
48432,198,1695,55.68
48432,1307,2121,69.68
66972,915,1786,58.68
66972,916,1786,58.68
66972,1105,1786,58.68
66972,1898,1786,58.68
6955,1804,2486,81.68
6795,1617,1542,50.68
6795,1705,1907,62.68
6795,1813,1603,52.68
94729,304,841,27.68
94729,305,841,27.68
94729,1798,2333,76.68
94729,1801,3886,127.68
33871,304,1055,34.68
33871,412,964,31.68
33871,707,1968,64.68
33871,709,1998,65.68
33871,1008,1876,61.68
33871,1105,2791,91.68
33871,1113,3033,99.68
33871,1812,2302,75.68
5486,1622,1146,37.68
55566,198,1330,43.68
55566,1117,1025,33.68
85095,304,964,31.68
85095,305,964,31.68
55515,108,872,28.68
55515,414,994,32.68
55515,698,1480,48.68
55515,712,2791,91.68
55515,1105,3278,107.68
55515,1898,3278,107.68
81343,107,4464,146.68
81343,305,1633,53.68
81343,1605,4008,131.68
81343,1609,2821,92.68
81343,1622,2821,92.68
81343,1634,1299,42.68
81343,1801,1330,43.68
81343,1817,3612,118.68
40545,498,2363,77.68
91521,102,1786,58.68
91521,112,2913,95.68
91521,202,2913,95.68
91521,205,1421,46.68
91521,307,2913,95.68
91521,705,2913,95.68
91521,1634,4494,147.68
91521,1708,2729,89.68
91521,1812,2455,80.68
91655,304,1421,46.68
87467,504,4037,132.68
87737,108,1756,57.68
87737,304,3247,106.68
87737,305,1146,37.68
87737,1622,3247,106.68
87737,1640,3247,106.68
8514,102,1360,44.68
8514,415,5224,171.68
8514,510,1360,44.68
75616,304,1177,38.68
75616,705,872,28.68
75616,708,964,31.68
75616,1113,872,28.68
75616,1817,3033,99.68
41321,305,1115,36.68
41321,307,811,26.68
41321,705,1115,36.68
41321,1622,2425,79.68
41321,1816,2425,79.68
80488,304,1845,60.68
80488,305,1845,60.68
80488,306,1845,60.68
80488,307,1845,60.68
80488,1298,1633,53.68
80488,1627,3186,104.68
71722,1108,2151,70.68
71722,1898,2151,70.68
47433,107,3671,120.68
47433,1801,4068,133.68
2633,430,1421,46.68
2633,1630,2029,66.68
79075,403,3490,114.68
79075,412,1876,61.68
79075,423,1876,61.68
79075,426,1876,61.68
79075,712,1876,61.68
10652,305,2821,92.68
53032,109,1238,40.68
53032,1701,1998,65.68
41765,405,1238,40.68
41765,410,1603,52.68
41765,412,1146,37.68
41765,423,1146,37.68
74517,426,1025,33.68
74517,1617,3033,99.68
44113,426,841,27.68
44113,916,872,28.68
103415,108,629,20.68
103415,109,1330,43.68
103415,202,964,31.68
103415,305,476,15.68
103415,306,476,15.68
52708,704,1421,46.68
86672,1098,1299,42.68
86672,1016,933,30.68
86672,1627,1025,33.68
53980,313,3337,109.68
5214,423,1391,45.68
5214,1622,1480,48.68
76750,305,2333,76.68
76750,306,2333,76.68
76750,415,2151,70.68
76750,708,1421,46.68
76750,709,1421,46.68
76750,719,2607,85.68
76750,1605,2333,76.68
76750,1616,2333,76.68
76750,1617,2302,75.68
76750,1637,2333,76.68
76750,1812,2852,93.68
76750,1898,2363,77.68
96396,1630,2882,94.68
14648,1704,1177,38.68
14648,1798,1238,40.68
83809,398,1391,45.68
83809,798,3247,106.68
83809,1634,1452,47.68
41563,407,2729,89.68
10592,713,2425,79.68
20114,304,3671,120.68
20114,428,1360,44.68
20114,915,1115,36.68
57436,104,2486,81.68
57436,304,1330,43.68
57436,605,964,31.68
93867,205,1421,46.68
93867,915,811,26.68
93867,1113,1725,56.68
93867,1605,5469,179.68
15719,101,2394,78.68
15719,102,3156,103.68
15719,705,1360,44.68
15719,1312,2729,89.68
15719,1630,5621,184.68
15719,1803,5438,178.68
47549,1198,1603,52.68
47549,1117,1603,52.68
47549,1812,2607,85.68
73071,116,1725,56.68
73071,304,4099,134.68
73071,1802,1421,46.68
68574,112,4829,158.68
68574,202,1238,40.68
68574,404,1268,41.68
68574,1113,1207,39.68
68574,1205,1146,37.68
68574,1312,4859,159.68
68574,1605,5043,165.68
68574,1801,2333,76.68
97073,202,2090,68.68
97073,205,1542,50.68
97073,405,3582,117.68
97073,407,3582,117.68
97073,601,3186,104.68
97073,1617,3916,128.68
97073,1801,1025,33.68
95056,1312,1268,41.68
95056,1901,1268,41.68
13232,304,1299,42.68
13232,306,1299,42.68
13232,411,2791,91.68
99931,304,749,24.68
99931,305,749,24.68
99931,707,5012,164.68
99931,1110,780,25.68
99931,1118,780,25.68
99931,1605,2121,69.68
99931,1617,1115,36.68
42722,412,1025,33.68
42722,426,1055,34.68
42722,1198,568,18.68
63219,202,3337,109.68
63219,206,3337,109.68
63219,412,2913,95.68
63219,423,2913,95.68
63219,498,2913,95.68
36927,202,3947,129.68
36927,405,2791,91.68
38825,423,1238,40.68
38825,1703,1968,64.68
38825,1805,2333,76.68
38825,1812,1817,59.68
78123,1817,1146,37.68
66052,202,4433,145.68
66052,307,964,31.68
66052,805,1511,49.68
66052,1113,2486,81.68
101161,1605,1238,40.68
101161,1617,1025,33.68
101161,1634,1207,39.68
101161,1640,1207,39.68
33192,411,1603,52.68
69094,498,1937,63.68
79341,410,1845,60.68
79341,426,1845,60.68
79341,1605,1998,65.68
53358,202,1695,55.68
53358,423,2547,83.68
53358,1634,1025,33.68
53358,1703,3643,119.68
14125,607,4433,145.68
14125,1614,4433,145.68
14125,1801,4433,145.68
73040,1898,1480,48.68
77824,708,4767,156.68
77824,1801,3916,128.68
77824,1817,3247,106.68
28446,407,1664,54.68
28446,426,2060,67.68
28446,712,2363,77.68
90315,201,1391,45.68
90315,305,3551,116.68
90315,307,4647,152.68
90315,1106,1998,65.68
90315,1113,1115,36.68
90315,1798,2090,68.68
90315,1802,1542,50.68
90315,1898,2210,72.68
12083,1105,994,32.68
62939,1813,1025,33.68
62939,1898,964,31.68
89934,415,2210,72.68
65792,102,933,30.68
65792,304,933,30.68
65792,306,1695,55.68
65792,1817,1086,35.68
5331,304,1421,46.68
5331,1798,1756,57.68
5331,1898,1786,58.68
72702,1801,1817,59.68
49540,709,2425,79.68
49540,916,2302,75.68
49540,1801,1421,46.68
72653,203,3186,104.68
72653,408,1725,56.68
72653,426,1391,45.68
72653,1105,1845,60.68
72653,1113,1299,42.68
99920,205,994,32.68
99920,304,1695,55.68
99920,305,1695,55.68
99920,1113,933,30.68
52656,412,2151,70.68
52656,498,2333,76.68
52656,1817,2547,83.68
89239,102,1086,35.68
89239,1627,4374,143.68
15496,101,933,30.68
15496,306,2699,88.68
15496,428,5651,185.68
15496,809,964,31.68
15496,1111,1055,34.68
15496,1298,1055,34.68
15496,1801,4708,154.68
15496,1812,2821,92.68
15496,1817,2333,76.68
89000,414,1633,53.68
89000,1816,3671,120.68
40952,102,1725,56.68
40952,306,1025,33.68
40952,916,1907,62.68
40952,1307,1907,62.68
78697,202,994,32.68
78697,205,1695,55.68
78697,304,1360,44.68
78697,305,2455,80.68
78697,708,1146,37.68
78697,898,2455,80.68
78697,1106,1725,56.68
78697,1117,2455,80.68
78697,1312,3186,104.68
78697,1609,6473,212.68
78697,1617,6108,200.68
45417,705,1511,49.68
45417,1605,1572,51.68
45417,1701,1055,34.68
94948,304,1360,44.68
94948,305,1360,44.68
94948,915,1268,41.68
94948,1801,1603,52.68
103408,202,2760,90.68
103408,398,3368,110.68
103408,1205,841,27.68
103408,1601,3490,114.68
103408,1801,537,17.68
97574,915,721,23.68
97574,1113,1330,43.68
54050,305,1695,55.68
54050,1614,1238,40.68
62651,201,2972,97.68
62651,298,964,31.68
62651,304,1511,49.68
62651,305,1511,49.68
62651,432,964,31.68
62651,504,1786,58.68
62651,898,964,31.68
62651,1117,4920,161.68
62651,1617,1633,53.68
62651,1701,1542,50.68
63050,202,1299,42.68
63050,605,1299,42.68
63050,1113,1299,42.68
9574,432,3947,129.68
9574,1113,2121,69.68
4690,307,2363,77.68
4690,1701,3003,98.68
4690,1703,2821,92.68
20619,108,1360,44.68
20619,714,1480,48.68
20619,1105,1391,45.68
20619,1898,1391,45.68
87426,404,2210,72.68
87426,425,2210,72.68
87426,705,1817,59.68
87426,1605,1603,52.68
87426,1616,1025,33.68
87426,1701,1299,42.68
68002,304,1391,45.68
68002,432,1238,40.68
68002,1812,1268,41.68
68002,1817,2210,72.68
70999,306,1786,58.68
70999,504,1299,42.68
70999,909,4433,145.68
70999,914,4433,145.68
3943,429,2791,91.68
3943,1617,4617,151.68
3943,1813,1025,33.68
96786,202,841,27.68
96786,407,964,31.68
96786,412,902,29.68
96786,423,902,29.68
96786,712,902,29.68
79524,105,1756,57.68
79524,109,1452,47.68
79524,708,1452,47.68
79524,1704,1633,53.68
55587,102,1421,46.68
55587,304,1055,34.68
55587,305,1786,58.68
55587,1106,1055,34.68
55587,1110,1055,34.68
68710,304,2699,88.68
68710,311,4494,147.68
23888,407,1299,42.68
23888,412,3186,104.68
23888,511,2363,77.68
23888,712,3186,104.68
23888,1703,1115,36.68
23888,1801,3916,128.68
36290,1816,1177,38.68
40340,1812,1664,54.68
37095,1701,2455,80.68
37095,1801,1146,37.68
70585,498,1360,44.68
29546,304,1391,45.68
29546,405,1360,44.68
73459,423,3794,124.68
73459,426,3794,124.68
73459,915,1115,36.68
87624,1617,1664,54.68
40749,1798,1025,33.68
23933,424,964,31.68
22636,1605,1480,48.68
22636,1801,1786,58.68
97520,198,933,30.68
97520,398,4282,140.68
97520,1898,4282,140.68
88578,1622,872,28.68
31777,1627,1391,45.68
87085,426,1817,59.68
87085,714,1055,34.68
87085,1110,994,32.68
10560,202,3429,112.68
10560,1801,2486,81.68
48655,406,3643,119.68
48655,598,3582,117.68
48655,1803,4951,162.68
48655,1806,4951,162.68
48655,1898,4951,162.68
44964,412,902,29.68
44964,1634,1299,42.68
18476,1215,2821,92.68
18476,1605,2182,71.68
18476,1801,3521,115.68
38320,107,1421,46.68
38320,304,2760,90.68
38320,305,2760,90.68
38320,307,2760,90.68
38320,313,1817,59.68
38320,504,1817,59.68
38320,612,1817,59.68
38320,1801,3916,128.68
40846,102,5132,168.68
40846,198,5498,180.68
40846,118,5498,180.68
40846,1198,1207,39.68
40846,1605,5986,196.68
40846,1801,1299,42.68
45895,426,2333,76.68
45895,706,1055,34.68
102339,411,2060,67.68
102339,432,1207,39.68
102339,1634,3916,128.68
51776,202,1725,56.68
51776,706,1756,57.68
51776,1617,1207,39.68
51776,1817,1330,43.68
98659,1105,964,31.68
98659,1198,1572,51.68
62641,1108,1391,45.68
71997,1001,3643,119.68
71997,1634,1725,56.68
71997,1805,721,23.68
68285,1709,1542,50.68
39075,102,2913,95.68
39075,115,2913,95.68
39075,202,1268,41.68
39075,206,1330,43.68
39075,424,2760,90.68
39075,1812,1664,54.68
39075,1813,1330,43.68
39075,1898,2760,90.68
91809,1111,2607,85.68
91809,1623,1542,50.68
89978,202,811,26.68
94958,403,1177,38.68
63616,703,721,23.68
63616,798,749,24.68
63616,1629,780,25.68
82473,306,3794,124.68
82473,1812,3794,124.68
60117,1098,1330,43.68
60117,1801,1115,36.68
49813,305,3306,108.68
49813,914,1695,55.68
49813,1198,1238,40.68
49813,1216,1330,43.68
18916,304,872,28.68
18916,305,1480,48.68
18916,307,1480,48.68
18916,411,872,28.68
18916,426,3337,109.68
18916,604,3337,109.68
18916,1622,1207,39.68
20038,203,1360,44.68
20038,428,964,31.68
20038,1617,2913,95.68
20038,1813,1238,40.68
93456,406,1817,59.68
93456,1701,1452,47.68
56987,916,933,30.68
56987,1106,1086,35.68
56987,1118,1086,35.68
56987,1803,1086,35.68
78828,298,1480,48.68
78828,411,3064,100.68
78828,432,2913,95.68
78828,1112,933,30.68
78828,1605,2729,89.68
78828,1617,2455,80.68
78828,1710,2121,69.68
78828,1801,2363,77.68
78828,1812,3186,104.68
78828,1898,3125,102.68
15676,202,2425,79.68
15676,998,2852,93.68
77145,1113,1146,37.68
39597,1215,1664,54.68
39597,1701,1055,34.68
39597,1801,1421,46.68
84647,1637,1421,46.68
97683,1605,721,23.68
97683,1634,721,23.68
96918,304,1177,38.68
96918,423,3490,114.68
96918,908,3217,105.68
96918,915,4313,141.68
96918,998,4402,144.68
96918,1106,1330,43.68
96918,1609,4555,149.68
96918,1622,4555,149.68
96918,1634,4555,149.68
96918,1710,2972,97.68
96918,1812,1907,62.68
96918,1817,964,31.68
30688,709,1025,33.68
30688,1637,2210,72.68
30688,1816,2210,72.68
30688,1817,1421,46.68
86982,108,1360,44.68
86982,798,1360,44.68
86982,1198,2668,87.68
86982,1630,4008,131.68
86982,1898,2302,75.68
87009,198,964,31.68
87009,298,964,31.68
87009,426,872,28.68
87009,1198,964,31.68
87009,1209,964,31.68
2776,1102,1968,64.68
2776,1198,1968,64.68
28964,426,1572,51.68
28964,504,964,31.68
28964,1113,1299,42.68
28964,1215,2576,84.68
3926,503,2576,84.68
3926,1198,1025,33.68
3926,1616,2941,96.68
3926,1622,2941,96.68
3926,1640,2941,96.68
3926,1701,1360,44.68
3926,1801,2090,68.68
67153,1617,1572,51.68
67153,1898,1360,44.68
80725,202,2699,88.68
80725,304,1845,60.68
80725,305,1845,60.68
80725,1113,994,32.68
65612,809,1055,34.68
65612,1198,994,32.68
65612,1698,1725,56.68
65612,1817,2455,80.68
65612,1898,994,32.68
15444,201,3551,116.68
15444,202,1725,56.68
15444,1622,3582,117.68
15444,1812,2638,86.68
638,203,3824,125.68
638,305,1998,65.68
638,307,1998,65.68
638,612,3824,125.68
34379,426,1786,58.68
34379,1701,1115,36.68
34379,1812,1756,57.68
28496,1622,2760,90.68
82980,1001,3429,112.68
82980,426,3247,106.68
82980,916,964,31.68
94392,914,1299,42.68
94392,998,1299,42.68
50131,110,1968,64.68
50131,307,1391,45.68
50131,404,2182,71.68
50131,424,1207,39.68
50131,498,1360,44.68
9113,1805,1421,46.68
17501,1801,1664,54.68
71275,1110,902,29.68
71275,1801,5498,180.68
62339,709,2029,66.68
16456,304,2090,68.68
16456,307,2090,68.68
16456,1815,2547,83.68
16456,1898,3551,116.68
103033,102,2455,80.68
103033,103,1025,33.68
103033,202,629,20.68
103033,205,2121,69.68
103033,504,6108,200.68
103033,512,4464,146.68
103033,1113,2090,68.68
82502,206,1633,53.68
82502,1106,902,29.68
82502,1412,1845,60.68
82502,1617,994,32.68
82502,1634,1633,53.68
82502,1705,1511,49.68
82502,1801,3521,115.68
65097,304,1238,40.68
65097,410,2029,66.68
65097,411,872,28.68
65097,898,1664,54.68
65097,1634,3490,114.68
65097,1801,902,29.68
19462,202,1511,49.68
19462,405,1511,49.68
19462,1801,1603,52.68
5675,304,1146,37.68
5675,305,1330,43.68
5675,405,2425,79.68
5675,602,1299,42.68
5675,612,3643,119.68
5675,898,1299,42.68
86247,305,1086,35.68
59001,1113,1572,51.68
88074,498,4678,153.68
88074,1301,4678,153.68
88074,1398,6290,206.68
88074,102,872,28.68
88074,104,841,27.68
88074,202,6504,213.68
88074,298,6504,213.68
88074,407,6504,213.68
88074,415,6504,213.68
88074,426,6504,213.68
88074,428,2760,90.68
88074,598,2121,69.68
88074,705,6504,213.68
88074,898,2729,89.68
88074,1112,1207,39.68
88074,1118,1480,48.68
88074,1312,6504,213.68
88074,1703,1725,56.68
76109,406,1360,44.68
76109,915,1146,37.68
62142,406,1330,43.68
62142,432,2821,92.68
62142,1105,4767,156.68
62142,1617,5104,167.68
62142,1627,3186,104.68
49153,1015,1207,39.68
49153,1701,1542,50.68
90824,108,3033,99.68
90824,306,933,30.68
90824,432,3247,106.68
90824,914,1238,40.68
90824,916,1238,40.68
90824,1801,2852,93.68
92547,1298,749,24.68
65653,709,1542,50.68
65653,1698,1756,57.68
44430,112,994,32.68
44430,198,4343,142.68
44430,414,1452,47.68
44430,1312,1725,56.68
85731,205,964,31.68
85731,306,3064,100.68
85731,430,5774,189.68
85731,1110,994,32.68
85731,1312,1238,40.68
103132,1627,1756,57.68
89683,426,841,27.68
94944,404,811,26.68
94944,405,1025,33.68
94944,798,2090,68.68
94944,1630,2699,88.68
45537,1810,1452,47.68
88887,304,933,30.68
88887,510,2121,69.68
80550,1704,2821,92.68
80550,1801,1330,43.68
22384,1605,1330,43.68
22384,1617,1421,46.68
102462,1105,1907,62.68
102462,1110,1907,62.68
2446,202,2060,67.68
2446,304,1756,57.68
2446,305,1756,57.68
2446,306,1756,57.68
2446,428,2029,66.68
2446,1634,2090,68.68
2446,1637,2090,68.68
2446,1640,2090,68.68
42353,304,1115,36.68
42353,307,1115,36.68
42353,407,1817,59.68
42353,915,3977,130.68
42353,1801,1207,39.68
62586,426,933,30.68
62586,1622,1086,35.68
18429,306,1055,34.68
86710,426,964,31.68
86710,1701,964,31.68
48320,109,933,30.68
48320,426,2121,69.68
48320,1113,1391,45.68
72081,203,3459,113.68
72081,304,3003,98.68
72081,1117,4708,154.68
72081,1701,2791,91.68
72081,1707,4859,159.68
29896,202,994,32.68
29896,1817,1238,40.68
66296,1015,1542,50.68
44032,1617,1572,51.68
97870,1801,660,21.68
54600,426,933,30.68
54600,1617,1086,35.68
71910,1106,1299,42.68
63333,313,1299,42.68
63333,1801,1268,41.68
63333,1817,933,30.68
93266,202,1360,44.68
93266,1812,1421,46.68
49097,310,1086,35.68
687,202,2760,90.68
687,306,2029,66.68
687,412,2455,80.68
9303,412,4099,134.68
9303,713,3671,120.68
9303,798,1086,35.68
8509,108,1330,43.68
8509,304,2821,92.68
8509,305,2821,92.68
8509,306,2821,92.68
8509,1209,1330,43.68
19369,809,1664,54.68
68953,116,994,32.68
68953,304,4951,162.68
68953,305,2151,70.68
68953,307,4951,162.68
68953,423,4951,162.68
68953,504,994,32.68
68953,705,4951,162.68
68953,1627,2791,91.68
68953,1634,4798,157.68
29301,307,2972,97.68
29301,405,4433,145.68
29301,412,4433,145.68
75043,306,933,30.68
75043,412,1603,52.68
75043,426,1603,52.68
75043,712,1603,52.68
75043,719,1603,52.68
75043,1198,1817,59.68
75043,1605,1695,55.68
93519,202,749,24.68
93519,305,1360,44.68
93519,498,4221,138.68
93519,809,780,25.68
93519,914,1025,33.68
67458,1614,1603,52.68
93205,1809,964,31.68
87832,102,1876,61.68
87832,304,1360,44.68
87832,305,1299,42.68
87832,411,2941,96.68
87832,708,2576,84.68
87832,998,2882,94.68
87832,1113,2913,95.68
90978,202,5163,169.68
90978,205,1115,36.68
90978,304,4037,132.68
90978,307,4037,132.68
90978,423,2576,84.68
90978,426,1511,49.68
90978,432,4678,153.68
90978,504,2394,78.68
90978,608,1480,48.68
90978,914,3306,108.68
90978,1110,1845,60.68
90978,1211,1480,48.68
90978,1816,5925,194.68
32967,1113,1633,53.68
32967,1617,4221,138.68
32967,1798,3064,100.68
32967,1803,4890,160.68
63430,398,2029,66.68
63430,1001,2029,66.68
63430,310,2029,66.68
61169,104,2121,69.68
71914,108,2121,69.68
71914,916,1360,44.68
71914,1112,2241,73.68
71914,1701,1115,36.68
71914,1801,1633,53.68
35697,1616,1664,54.68
35697,1622,1664,54.68
35697,1640,1664,54.68
76802,202,1695,55.68
76802,304,1421,46.68
76802,421,1299,42.68
40964,423,2272,74.68
40964,1616,1937,63.68
90502,1815,1055,34.68
62215,1801,1511,49.68
34788,202,1207,39.68
87750,916,507,16.68
51325,1701,4099,134.68
51325,1817,1086,35.68
4258,998,1299,42.68
70168,498,2029,66.68
91407,102,994,32.68
5344,610,1115,36.68
5344,916,1177,38.68
5344,1605,1146,37.68
5344,1701,933,30.68
5344,1703,1421,46.68
96967,1812,1756,57.68
86188,307,1115,36.68
86188,1113,1055,34.68
69044,809,1055,34.68
69044,1307,1025,33.68
69044,1802,3733,122.68
61649,405,994,32.68
83882,1617,902,29.68
92287,102,1480,48.68
92287,304,1480,48.68
92287,430,4739,155.68
92287,705,2941,96.68
92287,1801,4190,137.68
92287,1817,2029,66.68
14466,311,1786,58.68
14466,712,1725,56.68
14466,1617,1876,61.68
14466,1622,1876,61.68
14466,1634,1876,61.68
14466,1640,1876,61.68
93150,101,1268,41.68
93150,504,1845,60.68
93150,598,1845,60.68
93150,708,1452,47.68
21709,1630,4037,132.68
21709,1804,4068,133.68
21709,1805,4068,133.68
96430,102,1299,42.68
96430,304,2455,80.68
96430,305,1299,42.68
96430,1113,2455,80.68
96430,1205,1146,37.68
96430,1801,5863,192.68
96430,1803,690,22.68
96430,1898,3916,128.68
56319,305,964,31.68
56319,306,964,31.68
56319,1105,1998,65.68
56319,1112,1998,65.68
56319,1710,1360,44.68
77678,202,1146,37.68
77678,1698,1421,46.68
35020,426,2302,75.68
35020,1198,1452,47.68
35020,1801,1968,64.68
35020,1817,1695,55.68
7036,406,964,31.68
7036,411,1055,34.68
7036,426,994,32.68
7036,432,964,31.68
7036,504,964,31.68
7036,512,1115,36.68
7036,605,1086,35.68
28905,114,2913,95.68
28905,201,1086,35.68
56879,305,1633,53.68
56879,498,2333,76.68
56879,1703,933,30.68
86753,305,2791,91.68
86753,311,2791,91.68
86753,1117,2210,72.68
86753,1617,2972,97.68
86753,1701,1603,52.68
86753,1798,1115,36.68
924,1105,1421,46.68
924,1804,5163,169.68
22562,306,1695,55.68
22562,428,1146,37.68
22562,1898,3702,121.68
22562,1998,1330,43.68
76598,202,1391,45.68
76598,407,1360,44.68
76598,412,1115,36.68
76598,423,1207,39.68
78778,1801,1115,36.68
41204,1812,1299,42.68
4937,304,2821,92.68
4937,305,2821,92.68
4937,307,2821,92.68
4937,1198,1025,33.68
70259,1812,1907,62.68
92774,304,1146,37.68
92774,305,1876,61.68
92774,306,1876,61.68
92774,1113,1511,49.68
102902,108,660,21.68
102902,202,660,21.68
102902,304,749,24.68
102902,305,721,23.68
102902,313,749,24.68
102902,404,1360,44.68
102902,410,1360,44.68
102902,411,1360,44.68
40453,198,1480,48.68
40453,104,1725,56.68
40453,198,1480,48.68
40453,405,1695,55.68
40453,1614,1480,48.68
84208,411,1664,54.68
84208,1011,1817,59.68
84208,1112,2029,66.68
55073,202,1756,57.68
55073,298,1391,45.68
23698,1634,1542,50.68
23698,1705,1238,40.68
68578,305,1146,37.68
68578,306,1177,38.68
68578,313,1146,37.68
68578,1601,2363,77.68
68578,1704,1968,64.68
68578,1801,2029,66.68
15521,1801,2486,81.68
76551,809,1725,56.68
95235,202,3459,113.68
95235,406,3459,113.68
95235,411,4464,146.68
95235,1617,4464,146.68
95235,1634,4433,145.68
95235,1698,4343,142.68
57636,1701,1725,56.68
83672,202,933,30.68
83672,304,1025,33.68
83672,305,1025,33.68
83672,307,1025,33.68
53399,305,1115,36.68
53399,504,964,31.68
53399,1617,1055,34.68
53399,1801,964,31.68
33620,1215,1845,60.68
91384,1898,2029,66.68
81702,109,1299,42.68
81702,406,994,32.68
81702,423,1025,33.68
26884,1898,2394,78.68
9672,428,2182,71.68
92429,1636,1055,34.68
17844,798,1055,34.68
17844,1637,1086,35.68
17844,1813,1907,62.68
17844,1817,1452,47.68
44991,719,1756,57.68
52860,1619,1725,56.68
33080,1998,964,31.68
64718,1105,2638,86.68
64718,1106,2455,80.68
64718,1108,1572,51.68
64718,1110,2486,81.68
64718,1112,1480,48.68
64718,1113,2455,80.68
64718,1398,1360,44.68
64718,1801,1480,48.68
64718,1817,2852,93.68
85051,298,1025,33.68
85051,423,1115,36.68
85051,712,1115,36.68
85051,916,933,30.68
85051,1617,1055,34.68
85051,1637,1086,35.68
598,102,1268,41.68
598,201,2394,78.68
598,510,2486,81.68
598,809,1268,41.68
598,1801,3186,104.68
598,1817,4374,143.68
98111,1804,3217,105.68
98111,1805,3217,105.68
93172,407,1146,37.68
93172,1105,2486,81.68
93172,1113,1817,59.68
93172,1701,2516,82.68
48631,898,2241,73.68
48631,1898,1817,59.68
11117,108,1146,37.68
11117,1616,1207,39.68
11117,1617,1207,39.68
49694,102,1055,34.68
49694,406,933,30.68
49694,432,964,31.68
49694,1117,4586,150.68
49694,1627,4008,131.68
49694,1898,4282,140.68
14688,305,1633,53.68
14688,408,4678,153.68
14688,705,3186,104.68
14688,1801,1146,37.68
64005,714,1025,33.68
89545,498,4617,151.68
89545,915,3490,114.68
100046,712,780,25.68
85496,426,4190,137.68
85496,1111,2455,80.68
99754,1634,629,20.68
4598,202,2516,82.68
4598,304,1603,52.68
4598,406,994,32.68
4598,1215,1664,54.68
4598,1312,2210,72.68
95498,1015,749,24.68
85846,305,1876,61.68
85846,423,1480,48.68
85846,498,1480,48.68
85846,504,1086,35.68
85846,602,1055,34.68
85846,605,1055,34.68
52581,313,4252,139.68
52581,916,2760,90.68
52581,1801,4252,139.68
52581,1816,1603,52.68
65751,202,902,29.68
65751,298,902,29.68
65751,1898,1572,51.68
22357,307,994,32.68
22357,908,1421,46.68
102003,206,1480,48.68
102003,1637,2121,69.68
25444,304,1115,36.68
25444,305,1115,36.68
25444,498,1115,36.68
69197,298,2821,92.68
69197,304,2821,92.68
69197,404,1086,35.68
69197,1701,2272,74.68
69197,1705,2272,74.68
69197,1801,1055,34.68
99604,1609,660,21.68
50129,305,1786,58.68
50129,1619,2941,96.68
50129,1812,1452,47.68
97514,202,2882,94.68
97514,304,1268,41.68
97514,412,2882,94.68
97514,423,2882,94.68
97514,498,2333,76.68
69389,304,4767,156.68
69389,305,1025,33.68
69389,412,6047,198.68
69389,414,1268,41.68
69389,426,4313,141.68
69389,706,2547,83.68
69389,712,5651,185.68
69389,713,3947,129.68
69389,914,5377,176.68
69389,1015,2760,90.68
69389,1106,2182,71.68
69389,1111,2182,71.68
69389,1210,2182,71.68
69389,1801,1786,58.68
89027,109,1299,42.68
38669,414,2607,85.68
38669,426,3916,128.68
38669,504,1360,44.68
38669,798,2941,96.68
38669,1111,1725,56.68
38669,1113,1876,61.68
38669,1617,1360,44.68
83918,108,964,31.68
83918,405,964,31.68
83918,1609,994,32.68
83918,1634,1055,34.68
88847,109,841,27.68
88847,415,2455,80.68
88847,1312,1725,56.68
88847,1601,1633,53.68
88847,1803,4647,152.68
73109,908,1664,54.68
73109,1705,2121,69.68
73109,1798,2486,81.68
91000,1118,2060,67.68
91000,1701,933,30.68
91000,1703,841,27.68
91000,1801,2029,66.68
67692,423,4190,137.68
67692,714,994,32.68
67692,1198,2729,89.68
67692,1801,2182,71.68
82090,406,4282,140.68
82090,1118,5255,172.68
82895,1112,1542,50.68
82895,1198,1360,44.68
80995,411,3855,126.68
80995,432,3855,126.68
80995,598,4374,143.68
80995,705,964,31.68
80995,1113,2760,90.68
80995,1601,933,30.68
80995,1627,3551,116.68
80995,1801,1998,65.68
80995,1817,3824,125.68
14669,408,2821,92.68
14669,1701,3337,109.68
14669,1704,2302,75.68
86476,1617,780,25.68
90891,305,1086,35.68
90891,1637,902,29.68
90891,1704,5104,167.68
90891,1798,4859,159.68
47769,205,1025,33.68
47769,304,1633,53.68
47769,305,1633,53.68
47769,306,2363,77.68
47769,423,1756,57.68
47769,426,5408,177.68
47769,605,1268,41.68
47769,1113,1633,53.68
47769,1817,6047,198.68
64633,1813,1055,34.68
93455,304,2729,89.68
93455,404,964,31.68
37845,298,902,29.68
37845,408,1511,49.68
37845,426,1511,49.68
37845,598,1695,55.68
37845,712,1695,55.68
37845,898,1695,55.68
37845,1630,2607,85.68
12943,202,1725,56.68
12943,432,1086,35.68
12943,1704,1786,58.68
94279,1616,1330,43.68
94279,1622,1330,43.68
94279,1634,1330,43.68
94279,1637,1330,43.68
22093,102,1360,44.68
22093,304,1756,57.68
22093,898,1968,64.68
22093,1112,841,27.68
22093,1605,4555,149.68
85089,1630,5163,169.68
85089,1898,5104,167.68
68171,415,933,30.68
81226,102,994,32.68
81226,428,994,32.68
81226,1640,3398,111.68
38195,425,2455,80.68
38195,1801,902,29.68
13564,1703,994,32.68
13564,1801,1330,43.68
27348,406,1633,53.68
47021,1609,1876,61.68
100191,304,1025,33.68
100191,305,1025,33.68
100191,307,1025,33.68
60365,404,2182,71.68
60365,406,2182,71.68
60365,1113,2182,71.68
60365,1801,3977,130.68
72393,306,2060,67.68
72393,404,2060,67.68
72393,405,1695,55.68
72393,423,2060,67.68
72393,426,1695,55.68
72393,432,2121,69.68
72393,510,2060,67.68
72393,1117,1695,55.68
72393,1614,2060,67.68
72393,1627,2060,67.68
85525,116,2668,87.68
85525,304,2241,73.68
85525,305,3094,101.68
85525,498,1876,61.68
85525,1117,6534,214.68
85525,1305,1542,50.68
85525,1701,3733,122.68
29533,404,2547,83.68
29533,426,2547,83.68
29533,605,2547,83.68
83933,1617,1055,34.68
82496,102,1360,44.68
82496,104,1360,44.68
82496,116,1421,46.68
82496,205,1146,37.68
82496,305,964,31.68
82496,504,1086,35.68
82496,519,1086,35.68
82496,612,1086,35.68
82496,805,964,31.68
82496,1117,1421,46.68
82496,1215,1480,48.68
82496,1637,1695,55.68
82496,1803,1725,56.68
49037,306,2029,66.68
49037,1816,780,25.68
49037,1817,902,29.68
52456,426,902,29.68
48182,1312,1146,37.68
48182,1627,2791,91.68
48182,1898,2821,92.68
60493,610,1937,63.68
60493,1801,872,28.68
86817,1810,2638,86.68
90785,304,1268,41.68
90785,405,1268,41.68
90785,406,872,28.68
90785,698,1025,33.68
90785,1615,811,26.68
35988,1617,1817,59.68
60426,108,994,32.68
60426,304,1146,37.68
60426,307,1146,37.68
60426,708,964,31.68
60426,1609,2272,74.68
60426,1617,2272,74.68
101202,404,690,22.68
101202,427,690,22.68
101202,898,1146,37.68
101202,1605,1207,39.68
92512,1117,4798,157.68
5857,304,2913,95.68
5857,305,2913,95.68
5857,306,2913,95.68
1054,708,2090,68.68
1054,715,1725,56.68
1054,1106,1299,42.68
1054,1113,1330,43.68
83702,1113,1725,56.68
83702,1215,3278,107.68
83702,1801,1177,38.68
17239,1614,1268,41.68
17239,1633,1268,41.68
12866,1810,2576,84.68
82508,1198,1480,48.68
82508,712,1391,45.68
82508,1801,1238,40.68
53911,202,964,31.68
53911,205,964,31.68
53911,429,902,29.68
53911,1604,4617,151.68
97091,432,1055,34.68
97091,1105,780,25.68
15626,108,841,27.68
15626,708,1115,36.68
15626,1617,1115,36.68
75352,1630,1360,44.68
34745,428,1146,37.68
34745,798,1238,40.68
34745,1605,1207,39.68
34745,1898,3156,103.68
23653,313,1542,50.68
23653,405,1391,45.68
23653,426,1391,45.68
23653,705,1391,45.68
23653,1013,1207,39.68
23653,1098,1207,39.68
13010,202,4920,161.68
13010,406,4920,161.68
13010,412,5043,165.68
13010,1105,2821,92.68
13010,1106,2821,92.68
58946,202,994,32.68
32497,406,1360,44.68
32497,411,1421,46.68
32497,426,1421,46.68
32497,428,1146,37.68
36932,1617,902,29.68
51644,1215,4313,141.68
51644,1701,2882,94.68
51644,1801,507,16.68
87160,410,4739,155.68
87160,423,4739,155.68
87160,425,5438,178.68
87160,1105,1086,35.68
77843,1637,2090,68.68
77843,1801,1480,48.68
93416,1622,902,29.68
93416,1634,902,29.68
64179,304,1421,46.68
64179,809,1207,39.68
64179,1701,2241,73.68
3207,201,1603,52.68
3207,304,2852,93.68
3207,1215,964,31.68
3207,1634,5408,177.68
3207,1812,3521,115.68
56364,1605,1238,40.68
56364,1609,2272,74.68
86571,426,994,32.68
47470,1701,1633,53.68
101166,202,629,20.68
101166,423,660,21.68
101166,1617,902,29.68
101166,1701,2455,80.68
61839,304,902,29.68
61839,1812,872,28.68
87123,102,1511,49.68
87123,201,841,27.68
87123,304,4433,145.68
87123,305,2182,71.68
87123,411,4798,157.68
87123,612,841,27.68
87123,1105,1907,62.68
87123,1801,1907,62.68
87123,1813,1391,45.68
19649,198,1330,43.68
19649,709,1360,44.68
19649,711,1360,44.68
19649,712,1330,43.68
19649,798,1330,43.68
76938,101,1572,51.68
76938,307,780,25.68
76938,498,4555,149.68
76938,712,4555,149.68
76938,1634,4555,149.68
99725,202,1452,47.68
99725,423,660,21.68
99725,428,660,21.68
99725,498,1452,47.68
1832,202,964,31.68
1832,304,2638,86.68
1832,305,2638,86.68
1832,306,2638,86.68
1832,504,1695,55.68
1832,1701,1268,41.68
1832,1705,994,32.68
1832,1708,4068,133.68
1832,1801,2576,84.68
14689,304,902,29.68
14689,916,2821,92.68
87752,1801,2972,97.68
37242,1805,2241,73.68
37242,1813,2241,73.68
14800,411,1786,58.68
14800,428,1968,64.68
14800,709,3459,113.68
14800,916,3306,108.68
14800,1640,3306,108.68
14800,1705,2852,93.68
96671,713,1786,58.68
96671,809,872,28.68
38710,198,1146,37.68
38710,398,1511,49.68
38710,498,1845,60.68
38710,1898,902,29.68
11489,305,2394,78.68
9424,298,1756,57.68
9424,305,1756,57.68
9424,313,4708,154.68
9424,428,2729,89.68
9424,504,3977,130.68
9424,1617,3033,99.68
89289,715,4617,151.68
89289,1617,5377,176.68
89289,1801,3855,126.68
103050,1610,629,20.68
103050,1617,721,23.68
84210,305,933,30.68
84210,910,2210,72.68
84210,1630,2852,93.68
53461,415,1572,51.68
80923,205,1115,36.68
80923,1198,1146,37.68
68616,198,3094,101.68
24070,1817,1360,44.68
29600,915,1998,65.68
95244,411,1391,45.68
95244,1612,1238,40.68
29978,202,7143,234.68
29978,305,2394,78.68
29978,906,994,32.68
29978,1106,4586,150.68
29978,1817,2941,96.68
81204,1605,1207,39.68
81204,1698,1207,39.68
63282,305,1695,55.68
63282,306,1695,55.68
63282,423,1330,43.68
63282,916,2547,83.68
63282,1817,5408,177.68
25347,914,1146,37.68
25347,916,1146,37.68
32647,305,2210,72.68
32647,423,2576,84.68
32647,916,933,30.68
25745,705,994,32.68
25745,1111,1086,35.68
58119,1617,3156,103.68
61692,1801,1725,56.68
82751,408,3490,114.68
82751,1105,841,27.68
82751,1801,902,29.68
82751,1813,2333,76.68
59571,411,1207,39.68
59571,432,1207,39.68
59571,1634,1207,39.68
59571,1703,933,30.68
87118,202,902,29.68
87118,1110,1786,58.68
87118,1617,902,29.68
20112,116,1207,39.68
20112,306,1664,54.68
20112,432,1238,40.68
20112,1609,4433,145.68
20112,1617,4402,144.68
54371,201,2638,86.68
54371,305,1115,36.68
54371,313,2791,91.68
54371,405,2516,82.68
54371,407,1421,46.68
54371,412,2516,82.68
54371,423,994,32.68
54371,1110,2516,82.68
54371,1804,2729,89.68
54371,1816,1695,55.68
30782,304,1086,35.68
30782,498,1086,35.68
30782,1701,1480,48.68
30782,1801,1055,34.68
30782,1817,841,27.68
30782,1998,1086,35.68
85466,1198,1115,36.68
103161,304,476,15.68
103161,1619,476,15.68
38784,410,3643,119.68
43320,809,994,32.68
43320,1605,3247,106.68
13953,306,1786,58.68
13953,406,1511,49.68
13953,1209,1511,49.68
13953,1809,1786,58.68
14344,1215,1299,42.68
23039,305,2638,86.68
23039,306,994,32.68
23039,412,2394,78.68
23039,498,1817,59.68
23039,510,1480,48.68
23039,712,2394,78.68
23039,1215,841,27.68
23039,1605,2760,90.68
23039,1617,2699,88.68
88760,1622,1330,43.68
74965,304,1725,56.68
74965,307,1725,56.68
74965,428,1725,56.68
73783,304,1876,61.68
73783,404,2913,95.68
73783,426,2151,70.68
97087,426,2182,71.68
97087,1898,1025,33.68
28580,411,1845,60.68
28580,710,1452,47.68
28580,713,1756,57.68
49975,304,1845,60.68
49975,898,3551,116.68
4927,304,902,29.68
4927,504,1511,49.68
4927,512,1511,49.68
4927,898,1876,61.68
4927,998,2972,97.68
4927,1801,5377,176.68
65427,112,4190,137.68
49366,1801,3429,112.68
49366,1812,964,31.68
49366,1898,2516,82.68
59100,1698,1391,45.68
87982,510,902,29.68
87982,1640,902,29.68
38451,1801,2060,67.68
88835,304,841,27.68
88835,405,872,28.68
88835,423,872,28.68
17580,405,2516,82.68
17580,426,2516,82.68
56415,406,1695,55.68
95639,306,2241,73.68
95639,498,721,23.68
95639,1705,1299,42.68
95639,1812,1177,38.68
95639,1817,872,28.68
36104,1198,1937,63.68
36104,1804,1937,63.68
83331,428,1086,35.68
83331,504,1086,35.68
83331,714,994,32.68
36133,304,964,31.68
36133,305,1603,52.68
36133,426,964,31.68
36133,1605,3582,117.68
36133,1801,1603,52.68
36133,1812,1299,42.68
100240,498,780,25.68
90593,108,1633,53.68
90593,708,2241,73.68
90593,1617,2821,92.68
90593,1801,3186,104.68
90593,1810,3643,119.68
90593,1816,4037,132.68
90593,1817,3429,112.68
7552,708,1786,58.68
80548,1598,1421,46.68
80548,405,1055,34.68
80548,423,1025,33.68
69046,426,1360,44.68
69046,1801,2455,80.68
39833,108,2151,70.68
39833,498,1207,39.68
90359,1105,2363,77.68
90359,1898,2363,77.68
15623,1704,1025,33.68
15623,1798,1146,37.68
87475,118,2760,90.68
87475,205,902,29.68
87475,298,4617,151.68
87475,304,1299,42.68
87475,423,872,28.68
87475,608,4586,150.68
87475,898,1786,58.68
87475,916,4586,150.68
87475,1106,4525,148.68
87475,1108,4525,148.68
87475,1112,4525,148.68
87475,1211,4525,148.68
87475,1617,1299,42.68
87475,1627,1664,54.68
87475,1898,2941,96.68
97454,304,994,32.68
97454,306,994,32.68
97454,411,2272,74.68
97454,1605,994,32.68
33450,102,3582,117.68
52715,504,4647,152.68
52715,201,2241,73.68
52715,202,4798,157.68
52715,504,4647,152.68
68020,305,1725,56.68
68020,708,1511,49.68
98149,104,841,27.68
98149,908,721,23.68
98149,1637,4555,149.68
43693,305,1817,59.68
43693,307,1146,37.68
43693,1798,4313,141.68
43693,1810,964,31.68
61488,914,2852,93.68
37460,101,1511,49.68
37460,304,902,29.68
37460,305,1876,61.68
37460,504,1876,61.68
37460,705,1695,55.68
37460,1113,2607,85.68
37460,1698,6169,202.68
37460,1801,1511,49.68
44374,426,4221,138.68
44374,612,1238,40.68
49553,202,1480,48.68
49553,407,1115,36.68
49553,1605,1845,60.68
85221,202,2455,80.68
85221,410,841,27.68
85221,423,841,27.68
85221,916,2151,70.68
91215,304,2182,71.68
91215,1801,872,28.68
54492,202,2607,85.68
69085,908,2090,68.68
30659,428,1876,61.68
49344,405,1207,39.68
49344,406,1542,50.68
49344,407,1542,50.68
9211,205,1633,53.68
9211,498,933,30.68
9211,1198,933,30.68
9211,1801,4678,153.68
9211,1815,1025,33.68
21168,406,994,32.68
21168,809,1511,49.68
21168,1605,2972,97.68
96912,414,902,29.68
96912,710,2972,97.68
96912,1305,749,24.68
96912,1619,1998,65.68
44907,1616,1177,38.68
37852,403,6838,224.68
37852,102,1786,58.68
37852,206,5347,175.68
37852,305,1633,53.68
37852,411,5682,186.68
37852,428,4739,155.68
37852,914,749,24.68
37852,915,1452,47.68
37852,916,721,23.68
37852,1305,1391,45.68
37852,1898,3217,105.68
77236,108,4037,132.68
23876,519,1238,40.68
23876,714,1725,56.68
23876,1117,3947,129.68
23876,1709,2029,66.68
94589,304,1480,48.68
94589,798,1876,61.68
94589,1113,2576,84.68
50967,108,1725,56.68
50967,405,1452,47.68
50967,426,841,27.68
50967,428,1115,36.68
50967,713,2913,95.68
50967,1105,2425,79.68
50967,1113,1268,41.68
58644,1817,902,29.68
46929,203,1695,55.68
46929,1110,2029,66.68
46929,1810,4433,145.68
63882,1113,2394,78.68
63882,1614,2394,78.68
63882,1804,2760,90.68
63882,1810,2760,90.68
14348,412,1299,42.68
14348,1801,1360,44.68
91671,102,1238,40.68
91671,423,3217,105.68
91671,426,2333,76.68
91671,428,1177,38.68
91671,1113,2151,70.68
91671,1634,3429,112.68
98246,202,994,32.68
51573,1001,1360,44.68
51573,1619,1207,39.68
51573,1801,1207,39.68
31576,423,629,20.68
39668,202,1998,65.68
39668,428,1603,52.68
39668,1113,1817,59.68
88099,102,2090,68.68
88099,205,1025,33.68
88099,304,2821,92.68
88099,305,2821,92.68
88099,313,5285,173.68
88099,1622,964,31.68
88099,1701,4647,152.68
88099,1703,4647,152.68
40862,1598,2241,73.68
40862,306,2363,77.68
40862,1617,2913,95.68
40862,1710,1695,55.68
40862,1801,1511,49.68
40862,1817,2241,73.68
88084,705,1268,41.68
88084,916,1299,42.68
88084,1898,3306,108.68
99473,898,2607,85.68
99473,304,2516,82.68
99473,305,2516,82.68
99473,306,2516,82.68
99473,313,4374,143.68
99473,898,2607,85.68
99473,1110,3763,123.68
99473,1112,3671,120.68
99473,1198,3671,120.68
99473,1633,2182,71.68
99473,1801,1330,43.68
99473,1815,1998,65.68
41506,102,964,31.68
41506,304,2090,68.68
41506,598,1115,36.68
41506,803,1115,36.68
41506,1111,1115,36.68
41506,1701,1115,36.68
7086,1698,2425,79.68
67711,304,872,28.68
67711,307,872,28.68
67711,1112,811,26.68
67711,1701,2182,71.68
67711,1813,3824,125.68
67711,1817,3125,102.68
73006,998,1603,52.68
64600,504,1572,51.68
97003,203,749,24.68
97003,1637,749,24.68
97059,202,2913,95.68
97059,206,1360,44.68
97059,1801,2272,74.68
15050,107,1421,46.68
50819,405,1756,57.68
50819,504,1695,55.68
50819,519,1695,55.68
53038,404,3247,106.68
53038,1698,3247,106.68
64821,304,1511,49.68
64821,498,4068,133.68
64821,604,1115,36.68
64821,605,1115,36.68
64821,1801,4739,155.68
64821,1998,4433,145.68
7368,202,933,30.68
7368,426,1268,41.68
7368,1616,2668,87.68
6748,109,2941,96.68
6748,1113,1055,34.68
6748,1898,1421,46.68
57072,1637,2668,87.68
57072,1701,1603,52.68
28041,304,2029,66.68
28041,305,2029,66.68
28041,713,2151,70.68
28041,915,1725,56.68
28041,1006,2972,97.68
28041,1605,3156,103.68
80084,1414,1268,41.68
80084,1633,1268,41.68
87600,108,872,28.68
87600,109,872,28.68
87600,412,1725,56.68
87600,705,1725,56.68
87600,1609,2333,76.68
87600,1616,2333,76.68
87600,1622,2333,76.68
87600,1634,2333,76.68
12589,1104,2060,67.68
98110,202,994,32.68
98110,406,994,32.68
98110,412,749,24.68
98110,426,749,24.68
80730,426,933,30.68
80336,198,994,32.68
80336,311,1480,48.68
80336,405,1299,42.68
80336,798,1603,52.68
13789,208,4160,136.68
13789,1701,1177,38.68
13789,1898,3521,115.68
100594,426,2852,93.68
100594,706,2272,74.68
100594,1637,1695,55.68
100594,1701,1603,52.68
100594,1703,2425,79.68
79502,426,4343,142.68
79502,712,1633,53.68
79502,916,4555,149.68
331,108,1146,37.68
92317,1609,841,27.68
84363,304,1360,44.68
84363,1630,4555,149.68
84363,1803,2060,67.68
58372,304,1177,38.68
58372,405,2060,67.68
58372,1215,3521,115.68
41120,1802,2182,71.68
2303,109,1299,42.68
2303,425,4586,150.68
2303,1113,1115,36.68
2303,1698,4586,150.68
2303,1898,1299,42.68
6230,398,2241,73.68
6230,1215,1998,65.68
6230,1801,1299,42.68
6230,1812,1299,42.68
6230,1817,1664,54.68
6230,1898,933,30.68
6903,428,1207,39.68
6903,708,5073,166.68
39265,1801,3125,102.68
30812,423,2486,81.68
30812,916,933,30.68
30812,1105,2182,71.68
93986,305,1391,45.68
93986,602,749,24.68
93986,1113,660,21.68
11085,428,2607,85.68
11085,809,2455,80.68
25691,432,1360,44.68
25691,1105,2182,71.68
25691,1113,2182,71.68
25691,1704,3306,108.68
26304,304,933,30.68
26304,305,933,30.68
26304,1113,1725,56.68
26304,1622,3763,123.68
26304,1801,2121,69.68
86798,1106,4008,131.68
86798,1698,5104,167.68
34053,305,1238,40.68
34053,306,1268,41.68
34053,313,3551,116.68
34053,705,1055,34.68
97094,304,4099,134.68
97094,305,1330,43.68
97094,306,1146,37.68
97094,1810,3855,126.68
83059,102,1086,35.68
83059,606,4647,152.68
83059,1215,1086,35.68
46326,102,4402,144.68
46326,108,1480,48.68
46326,307,1756,57.68
46326,406,1725,56.68
46326,426,4678,153.68
46326,432,4708,154.68
46326,1627,4313,141.68
85814,306,1238,40.68
85814,798,933,30.68
62859,1605,2882,94.68
62859,1801,1360,44.68
82196,1701,1845,60.68
26339,1703,1086,35.68
343,705,3247,106.68
343,713,4798,157.68
343,798,4129,135.68
343,1113,1238,40.68
73594,304,1207,39.68
73594,423,1207,39.68
73594,432,1695,55.68
73594,914,1511,49.68
73594,1622,3855,126.68
73594,1701,2668,87.68
19199,1801,1086,35.68
50223,304,2090,68.68
50223,307,2090,68.68
50223,1118,1360,44.68
50223,1605,2241,73.68
29487,116,2882,94.68
29487,304,4708,154.68
29487,504,2241,73.68
29487,598,2241,73.68
29487,914,4708,154.68
29487,1113,2882,94.68
29487,1619,5377,176.68
29487,1801,3278,107.68
53009,1801,3247,106.68
53009,1812,3551,116.68
53009,1813,3886,127.68
86117,311,1480,48.68
86117,1637,1330,43.68
86117,1817,1238,40.68
81882,202,1115,36.68
81882,1212,1238,40.68
81882,1804,1238,40.68
81882,1810,1238,40.68
81882,1898,1238,40.68
24035,610,1998,65.68
24035,1812,994,32.68
7840,426,902,29.68
7840,1705,1845,60.68
87363,1616,994,32.68
4311,430,3306,108.68
4311,798,2241,73.68
4311,1616,2852,93.68
4311,1801,2791,91.68
4311,1816,2363,77.68
71234,304,1055,34.68
71234,408,1330,43.68
71234,1113,1786,58.68
90349,1637,1238,40.68
15846,426,964,31.68
15846,498,902,29.68
15846,1609,1360,44.68
15846,1809,1146,37.68
15846,1810,1146,37.68
15846,1812,1146,37.68
15846,1898,1360,44.68
42782,304,1452,47.68
42782,412,1817,59.68
42782,709,1817,59.68
42782,712,1817,59.68
35080,102,1937,63.68
35080,205,1572,51.68
35080,304,841,27.68
35080,428,4525,148.68
35080,1205,841,27.68
84832,1801,872,28.68
26050,202,1360,44.68
26050,408,1146,37.68
26050,426,1146,37.68
26050,1601,1664,54.68
20634,1105,1086,35.68
40115,108,1055,34.68
40115,208,933,30.68
40115,498,994,32.68
40115,1617,1664,54.68
40115,1701,2486,81.68
40115,1709,1603,52.68
40115,1801,3824,125.68
77891,704,2060,67.68
77891,713,1725,56.68
77891,1609,841,27.68
24186,423,2090,68.68
24186,1817,1330,43.68
3006,414,1025,33.68
3006,514,1480,48.68
3006,605,1756,57.68
3006,915,3824,125.68
3006,1113,2760,90.68
48759,1813,1299,42.68
3908,202,5377,176.68
3908,713,4190,137.68
33849,198,902,29.68
33849,405,2821,92.68
33849,423,2821,92.68
33849,426,2821,92.68
33849,708,2791,91.68
33849,798,2791,91.68
33849,898,2791,91.68
94061,102,721,23.68
94061,198,3094,101.68
94061,404,1998,65.68
94061,998,933,30.68
94061,1113,1268,41.68
94061,1198,2729,89.68
16568,201,1603,52.68
16568,1111,1876,61.68
16568,1112,1876,61.68
16568,1113,1876,61.68
16568,1312,1633,53.68
16568,1898,1177,38.68
46032,304,994,32.68
46032,423,1786,58.68
46032,428,964,31.68
46032,1817,872,28.68
49372,916,964,31.68
49372,1198,1268,41.68
90355,408,872,28.68
90355,412,933,30.68
90355,708,1391,45.68
90355,712,1391,45.68
97122,307,721,23.68
6094,412,4647,152.68
6094,423,4647,152.68
6094,426,4647,152.68
6094,602,964,31.68
6094,1312,964,31.68
6094,1619,2486,81.68
6094,1704,5438,178.68
100417,1898,599,19.68
97290,202,1542,50.68
97290,1198,1542,50.68
97290,1817,1146,37.68
74695,304,1725,56.68
74695,305,1725,56.68
74695,306,1725,56.68
74695,705,2455,80.68
27065,101,3551,116.68
27065,408,2121,69.68
27065,410,2090,68.68
27065,414,1756,57.68
27065,426,1391,45.68
27065,705,1086,35.68
27065,1112,3521,115.68
27065,1215,3551,116.68
27065,1809,3551,116.68
27065,1810,3551,116.68
70845,116,1025,33.68
70845,304,1025,33.68
102365,1605,568,18.68
52000,1609,2121,69.68
52000,1801,2060,67.68
46079,406,964,31.68
55713,410,964,31.68
55713,1215,1786,58.68
55713,1798,2699,88.68
55713,1802,2486,81.68
85566,103,1268,41.68
85566,1617,902,29.68
10863,198,5104,167.68
10863,304,1025,33.68
10863,1637,1025,33.68
10863,1898,1025,33.68
71081,1701,2821,92.68
11259,1617,3582,117.68
66316,202,841,27.68
66316,408,841,27.68
66316,412,902,29.68
66316,426,841,27.68
26202,1108,1452,47.68
26202,1112,1452,47.68
84271,915,1146,37.68
84271,1609,2699,88.68
84271,1801,1876,61.68
7519,304,1360,44.68
7519,305,1360,44.68
7519,1705,4129,135.68
51220,1110,2699,88.68
28549,304,2486,81.68
28549,1801,1725,56.68
28549,1809,1725,56.68
60742,304,1421,46.68
60742,410,1695,55.68
60742,1701,4708,154.68
60742,1801,3916,128.68
60742,1802,3156,103.68
27858,102,3368,110.68
27858,198,3368,110.68
27858,115,3368,110.68
27858,1640,3551,116.68
27858,1703,1817,59.68
85139,107,2090,68.68
85139,202,872,28.68
85139,304,1907,62.68
36593,1617,2060,67.68
84220,1098,1025,33.68
17602,102,2972,97.68
17602,304,2972,97.68
17602,305,2972,97.68
85729,714,1086,35.68
85729,1802,964,31.68
78054,1605,5438,178.68
78759,306,2029,66.68
78759,411,2638,86.68
78759,1637,1146,37.68
50180,202,1998,65.68
50180,305,2121,69.68
50180,306,994,32.68
50180,1305,994,32.68
25647,304,2210,72.68
25647,306,2210,72.68
25647,916,2486,81.68
25647,1605,3064,100.68
25647,1701,4313,141.68
25647,1704,4160,136.68
25647,1798,2547,83.68
27179,202,1907,62.68
27179,1111,1086,35.68
88263,708,1115,36.68
51909,108,2729,89.68
51909,110,2729,89.68
51909,511,3824,125.68
51909,1609,4586,150.68
51909,1617,4586,150.68
51909,1798,933,30.68
82593,102,1511,49.68
82593,104,1511,49.68
82593,198,3947,129.68
82593,423,2029,66.68
82593,1111,1055,34.68
82593,1801,3947,129.68
82593,1814,3947,129.68
24915,112,1330,43.68
24915,432,902,29.68
24915,708,964,31.68
24915,1601,3551,116.68
24915,1798,4647,152.68
24915,1801,1633,53.68
57729,398,2941,96.68
57729,714,2576,84.68
29084,1113,1756,57.68
29084,1706,2821,92.68
29084,1709,2821,92.68
29084,1801,2486,81.68
16695,108,1146,37.68
16695,305,1572,51.68
16695,306,1572,51.68
16695,1898,2668,87.68
95744,1801,1360,44.68
95744,1817,933,30.68
89113,708,933,30.68
89113,1703,1086,35.68
89113,1801,1511,49.68
5200,405,1968,64.68
5200,424,2029,66.68
5200,1298,1664,54.68
5200,1812,933,30.68
98594,1198,1025,33.68
96074,1198,5347,175.68
96074,305,811,26.68
96074,1105,3186,104.68
96074,1117,5347,175.68
85064,112,2121,69.68
85064,1801,1452,47.68
75221,305,1695,55.68
75221,306,1330,43.68
75221,1108,3551,116.68
19821,304,2210,72.68
19821,305,2210,72.68
19821,404,2302,75.68
19821,411,2302,75.68
19821,504,2241,73.68
19821,798,1756,57.68
19821,1605,3368,110.68
19821,1637,3368,110.68
22223,1804,1907,62.68
18772,809,994,32.68
18772,1110,1025,33.68
18772,1113,1025,33.68
18772,1407,902,29.68
18772,1801,1055,34.68
62002,202,811,26.68
62002,406,2607,85.68
62002,407,2607,85.68
62002,412,1968,64.68
62002,424,2607,85.68
62002,1704,2821,92.68
88538,1605,1268,41.68
88538,1698,1268,41.68
67422,1598,3094,101.68
67422,804,3094,101.68
72239,202,964,31.68
72239,298,933,30.68
35855,498,933,30.68
7042,202,964,31.68
7042,407,1572,51.68
7042,1215,2302,75.68
99989,421,2972,97.68
99989,914,3125,102.68
99989,1298,1146,37.68
99989,1627,1238,40.68
76003,1898,3886,127.68
26467,406,1330,43.68
26467,410,841,27.68
26467,1106,994,32.68
42699,313,1421,46.68
79531,304,1360,44.68
79531,504,1299,42.68
79531,1801,1330,43.68
87485,307,1480,48.68
87485,1801,2363,77.68
38172,304,1391,45.68
3526,713,4252,139.68
3526,1105,2516,82.68
3526,1817,3551,116.68
3526,1898,4252,139.68
54216,415,964,31.68
54216,1609,1572,51.68
54216,1617,1572,51.68
54216,1622,1572,51.68
54216,1634,1572,51.68
54216,1704,1391,45.68
54216,1805,1452,47.68
54216,1817,1025,33.68
84871,708,902,29.68
19126,107,2972,97.68
19126,414,2607,85.68
19126,510,4068,133.68
19126,914,4068,133.68
19126,915,1511,49.68
19126,1113,2972,97.68
19126,1412,1025,33.68
25586,101,2060,67.68
25586,201,1664,54.68
25586,205,1664,54.68
32522,411,2333,76.68
32522,428,2791,91.68
32522,1617,7143,234.68
32522,1637,1330,43.68
32522,1812,6016,197.68
60470,1801,1268,41.68
14910,511,1603,52.68
14910,915,2607,85.68
87228,205,2516,82.68
87228,305,1480,48.68
87228,916,1391,45.68
77174,310,2425,79.68
88683,915,2791,91.68
88683,1113,1452,47.68
88683,1603,3186,104.68
97812,602,1086,35.68
45617,1001,2151,70.68
45617,304,1268,41.68
45617,311,2151,70.68
2518,612,1238,40.68
2518,698,1238,40.68
2518,898,1330,43.68
72177,809,1421,46.68
54085,304,1756,57.68
54085,410,872,28.68
54085,1637,872,28.68
53209,602,4433,145.68
53209,304,3551,116.68
53209,305,3306,108.68
14379,1117,2151,70.68
14379,1215,1845,60.68
14379,1801,1664,54.68
47224,305,2760,90.68
47224,1105,3247,106.68
34526,1617,3490,114.68
58464,305,1115,36.68
58464,306,1115,36.68
58464,425,3733,122.68
19666,424,2576,84.68
19666,1801,1055,34.68
19666,1812,1542,50.68
19666,1898,1968,64.68
17420,432,964,31.68
17420,1609,3702,121.68
15173,202,902,29.68
15173,411,1391,45.68
15173,498,902,29.68
72442,108,872,28.68
13814,1105,1055,34.68
13814,1634,3398,111.68
13814,1898,1055,34.68
99805,102,2090,68.68
99805,302,2333,76.68
99805,1001,2272,74.68
36119,303,3794,124.68
36119,306,1817,59.68
36119,1605,3824,125.68
36119,1898,1817,59.68
46914,304,1268,41.68
46914,305,1633,53.68
46914,307,1633,53.68
46914,605,3094,101.68
46914,1215,3094,101.68
91397,202,994,32.68
12004,304,1845,60.68
12004,305,1845,60.68
12004,1111,872,28.68
12004,1210,872,28.68
46136,1304,3398,111.68
102645,102,1603,52.68
102645,305,3429,112.68
22365,424,1086,35.68
22365,1013,1603,52.68
22365,1617,4494,147.68
75714,1617,1633,53.68
30425,412,3306,108.68
30425,426,2668,87.68
30425,432,1360,44.68
30425,1605,3459,113.68
64960,411,2972,97.68
99064,304,2607,85.68
99064,313,2607,85.68
13854,304,1480,48.68
13854,305,1480,48.68
13854,306,1480,48.68
13854,310,6534,214.68
13854,414,1480,48.68
13854,705,1480,48.68
13854,1111,2821,92.68
13854,1803,2821,92.68
14242,432,872,28.68
14242,1627,3186,104.68
14242,1817,872,28.68
82553,1801,2182,71.68
90555,705,1725,56.68
90555,1898,994,32.68
59121,414,1452,47.68
59121,809,2210,72.68
59121,1304,1421,46.68
59121,1312,4252,139.68
14860,102,1391,45.68
14860,103,1391,45.68
14860,1105,1817,59.68
14860,1305,1817,59.68
14860,1307,1603,52.68
9825,202,1268,41.68
9825,1605,1360,44.68
9825,1617,1695,55.68
57713,1703,2121,69.68
15954,1801,3794,124.68
15954,1817,1115,36.68
1640,498,1817,59.68
1640,1705,3186,104.68
62220,102,1572,51.68
62220,406,3612,118.68
62220,504,964,31.68
58311,102,933,30.68
58311,114,2090,68.68
58311,120,2090,68.68
58311,205,933,30.68
58311,307,933,30.68
58311,809,5194,170.68
58311,1812,1268,41.68
8587,1198,4708,154.68
8587,405,2668,87.68
8587,1110,4708,154.68
8587,1804,2668,87.68
36418,406,933,30.68
36418,407,1238,40.68
36418,498,933,30.68
36418,708,1330,43.68
36418,1812,1055,34.68
12082,405,4739,155.68
12082,707,1756,57.68
12082,713,4555,149.68
12082,1113,1968,64.68
44050,428,1299,42.68
99767,108,872,28.68
99767,1617,872,28.68
99767,1634,933,30.68
206,306,3947,129.68
206,1113,1360,44.68
206,1298,3763,123.68
206,1801,1603,52.68
19489,304,933,30.68
19489,313,1786,58.68
19489,504,964,31.68
19489,514,964,31.68
19489,516,964,31.68
19489,605,964,31.68
19489,708,1055,34.68
19489,709,1055,34.68
68699,1110,1238,40.68
84926,108,902,29.68
67986,202,2090,68.68
67986,306,1480,48.68
67986,1605,3003,98.68
88095,205,1817,59.68
88095,423,2516,82.68
88095,504,811,26.68
88095,809,2121,69.68
66362,1634,1511,49.68
68107,102,1664,54.68
68107,305,2029,66.68
68107,510,964,31.68
68107,809,2029,66.68
68107,1801,3125,102.68
71076,305,933,30.68
71076,398,933,30.68
73149,298,1268,41.68
73149,310,2516,82.68
73149,713,1330,43.68
92610,116,749,24.68
92610,307,749,24.68
92610,715,872,28.68
92610,1898,3156,103.68
64622,1811,1756,57.68
84463,203,964,31.68
84463,411,964,31.68
84463,914,933,30.68
84463,1617,933,30.68
84463,1634,933,30.68
92799,405,780,25.68
92799,1215,1633,53.68
33273,504,994,32.68
33273,1205,994,32.68
67869,304,2151,70.68
67869,305,2151,70.68
67869,311,2151,70.68
30231,304,1817,59.68
30231,408,2607,85.68
30231,1628,994,32.68
30231,1898,1786,58.68
79327,426,964,31.68
79327,705,964,31.68
79327,1105,2882,94.68
79327,1198,2425,79.68
79327,1605,4068,133.68
79327,1801,1086,35.68
79327,1812,3186,104.68
79327,1817,3186,104.68
29932,114,1391,45.68
29932,427,1115,36.68
29932,1605,2029,66.68
71688,1102,1238,40.68
71688,498,964,31.68
71688,1109,1238,40.68
91653,112,2547,83.68
91653,202,902,29.68
91653,206,1115,36.68
91653,305,1572,51.68
91653,406,2547,83.68
91653,412,2941,96.68
91653,423,2941,96.68
91653,424,2547,83.68
91653,712,2791,91.68
87865,201,1146,37.68
87865,205,1146,37.68
87865,1105,1633,53.68
87865,1609,3429,112.68
87865,1898,1664,54.68
81727,1108,2516,82.68
91049,498,1907,62.68
91049,1113,1876,61.68
70436,1617,1603,52.68
83222,498,1603,52.68
9304,425,1603,52.68
9304,426,964,31.68
9304,1698,1786,58.68
66602,428,1664,54.68
52873,1801,2363,77.68
76139,102,1633,53.68
76139,428,933,30.68
76139,1701,1146,37.68
69204,1617,1907,62.68
19018,304,1421,46.68
19018,410,1086,35.68
19018,428,994,32.68
19018,998,1452,47.68
19018,1640,1055,34.68
12944,304,1391,45.68
12944,305,1391,45.68
12944,306,1391,45.68
12944,1215,3125,102.68
12944,1601,1146,37.68
46940,1616,1480,48.68
46940,1801,4099,134.68
46940,1805,4037,132.68
89782,202,3490,114.68
89782,304,2821,92.68
89782,432,5408,177.68
89782,713,1572,51.68
89782,1105,1146,37.68
52141,109,933,30.68
52141,305,1725,56.68
52141,504,994,32.68
52141,512,994,32.68
52141,1812,6290,206.68
52141,1898,933,30.68
13046,304,1268,41.68
13046,305,1268,41.68
13046,307,1268,41.68
13046,1616,1817,59.68
13046,1617,1998,65.68
13046,1709,4647,152.68
55822,305,1572,51.68
55822,306,1146,37.68
55822,498,1055,34.68
55822,601,1786,58.68
55822,607,1786,58.68
55822,713,1452,47.68
55822,916,1937,63.68
55822,1111,2972,97.68
55822,1210,2972,97.68
55822,1806,2972,97.68
43974,1809,1817,59.68
89603,708,933,30.68
56313,1605,2547,83.68
56313,1703,2486,81.68
56313,1801,2090,68.68
56313,1898,2486,81.68
37382,428,1115,36.68
37382,909,2425,79.68
17337,423,1299,42.68
17337,426,1299,42.68
17337,713,1238,40.68
17337,1112,1299,42.68
17337,1898,1664,54.68
20440,304,2576,84.68
20440,305,2576,84.68
20440,307,2576,84.68
20440,504,2576,84.68
20440,1634,5682,186.68
20440,1640,5682,186.68
102737,115,568,18.68
102737,120,568,18.68
66226,313,1756,57.68
66226,407,964,31.68
66226,426,964,31.68
88704,304,994,32.68
88704,305,1937,63.68
86612,1215,1603,52.68
57413,1798,1115,36.68
99089,714,1207,39.68
64392,305,964,31.68
64392,306,2425,79.68
64392,1801,933,30.68
18925,1605,1207,39.68
18925,1622,1907,62.68
18925,1630,1907,62.68
18925,1634,1907,62.68
18925,1637,1907,62.68
84833,202,1299,42.68
84833,1616,2302,75.68
84833,1617,2302,75.68
84833,1634,2302,75.68
84833,1816,2302,75.68
14828,412,3551,116.68
14828,426,3551,116.68
14828,519,3733,122.68
94045,1634,2029,66.68
65459,112,3247,106.68
84052,108,902,29.68
84052,430,994,32.68
84052,1616,1025,33.68
84052,1617,1025,33.68
84052,1817,872,28.68
22579,304,1115,36.68
22579,307,1115,36.68
22579,1216,2791,91.68
22579,1312,2791,91.68
22579,1640,4767,156.68
22579,1813,3612,118.68
3093,306,1876,61.68
3093,398,1876,61.68
3093,498,1695,55.68
3093,915,2455,80.68
3093,1630,4951,162.68
3093,1817,1330,43.68
47700,428,1025,33.68
89825,304,1480,48.68
89825,305,1480,48.68
89825,398,1480,48.68
89825,498,3702,121.68
89825,504,1725,56.68
89825,911,2638,86.68
89825,1106,3702,121.68
89825,1616,1177,38.68
83268,198,1330,43.68
83268,426,2516,82.68
83268,1622,3125,102.68
83268,1815,1330,43.68
36079,1601,1452,47.68
102643,1817,476,15.68
44294,102,1238,40.68
44294,120,2638,86.68
44294,305,2941,96.68
44294,423,3064,100.68
6988,423,2151,70.68
78743,108,1115,36.68
78743,432,1572,51.68
78743,1627,1360,44.68
46623,304,2363,77.68
46623,414,1086,35.68
46623,713,1845,60.68
46623,1111,1391,45.68
28002,1607,2760,90.68
56118,304,902,29.68
56118,305,902,29.68
56118,306,1268,41.68
98904,304,1603,52.68
98904,306,1603,52.68
98904,404,1603,52.68
98904,998,1025,33.68
98904,1113,1452,47.68
98904,1305,1025,33.68
30914,202,872,28.68
48041,202,2729,89.68
48041,504,3337,109.68
48041,1204,2121,69.68
48041,1637,2668,87.68
48041,1812,2516,82.68
48041,1898,1086,35.68
16619,306,1115,36.68
103319,1601,841,27.68
103319,1701,476,15.68
103319,1703,507,16.68
39512,404,2060,67.68
39512,411,2060,67.68
39512,1701,994,32.68
87872,201,994,32.68
87872,304,2241,73.68
87872,305,2241,73.68
87872,519,2241,73.68
87872,607,2241,73.68
87872,1014,2210,72.68
87872,1112,1330,43.68
87872,1113,1330,43.68
87872,1312,2272,74.68
53979,405,2090,68.68
53979,423,2333,76.68
16124,305,3003,98.68
16124,398,3003,98.68
16124,1312,3003,98.68
16124,1617,3003,98.68
44255,198,1238,40.68
44255,798,1421,46.68
44255,1998,1238,40.68
77069,1609,3459,113.68
18401,305,1086,35.68
18401,306,1086,35.68
18401,423,3551,116.68
18401,1215,721,23.68
18401,1617,3643,119.68
18401,1801,2455,80.68
8745,915,1725,56.68
8745,1105,1664,54.68
8745,1812,3156,103.68
43691,116,2941,96.68
43691,208,1086,35.68
43691,304,4037,132.68
43691,305,1452,47.68
43691,306,5163,169.68
43691,307,1452,47.68
43691,426,5132,168.68
43691,604,1207,39.68
43691,606,1115,36.68
43691,610,1177,38.68
43691,915,1086,35.68
43691,1412,1115,36.68
43691,1637,1299,42.68
43691,1698,1207,39.68
43691,1801,3763,123.68
43691,1816,3368,110.68
79746,1105,1025,33.68
2889,1701,1177,38.68
18653,304,1268,41.68
18653,310,1268,41.68
18653,423,1268,41.68
18653,426,1268,41.68
18653,1616,1268,41.68
18653,1617,1268,41.68
81203,798,1025,33.68
81203,809,1391,45.68
92941,201,1876,61.68
92941,305,1876,61.68
97721,202,721,23.68
97721,305,994,32.68
97721,1798,933,30.68
80779,428,3217,105.68
80779,1113,2182,71.68
84055,304,902,29.68
84055,305,902,29.68
84055,306,902,29.68
84055,406,933,30.68
84055,424,780,25.68
84055,610,872,28.68
84055,705,872,28.68
84055,802,1268,41.68
84055,1113,1876,61.68
84055,1628,4252,139.68
84055,1801,1603,52.68
16963,102,2791,91.68
16963,205,2425,79.68
16963,304,3886,127.68
16963,305,2333,76.68
16963,307,4617,151.68
16963,411,6443,211.68
16963,432,4617,151.68
16963,504,7539,247.68
16963,512,2425,79.68
16963,705,4555,149.68
16963,1215,1695,55.68
16963,1701,6655,218.68
16963,1798,7204,236.68
16963,1803,1238,40.68
28227,709,1603,52.68
28227,713,1572,51.68
28227,1614,1845,60.68
28227,1634,1998,65.68
28227,1801,1299,42.68
102110,1312,1937,63.68
63462,109,2852,93.68
63462,305,1421,46.68
63462,504,1330,43.68
63462,1119,1330,43.68
63462,1810,7296,239.68
21422,411,1391,45.68
21422,432,1391,45.68
21422,1215,2941,96.68
97977,102,1907,62.68
97977,205,1542,50.68
97977,304,1238,40.68
97977,412,3582,117.68
97977,504,1207,39.68
97977,1113,2272,74.68
98388,304,811,26.68
98388,305,811,26.68
98388,307,811,26.68
98388,1801,721,23.68
96561,102,749,24.68
96561,198,1115,36.68
96561,304,1480,48.68
96561,713,2425,79.68
3298,304,994,32.68
3298,423,994,32.68
3298,426,994,32.68
3298,1634,3916,128.68
3298,1637,3094,101.68
3298,1898,3612,118.68
42321,305,1146,37.68
42321,1113,2607,85.68
42321,1801,4068,133.68
36337,104,1845,60.68
36337,109,1937,63.68
36337,305,2760,90.68
36337,1216,1025,33.68
36337,1298,1025,33.68
36337,1627,3916,128.68
80707,304,1695,55.68
80707,398,1695,55.68
80707,428,1055,34.68
80707,513,2516,82.68
80707,519,2516,82.68
80707,598,2516,82.68
11,101,1572,51.68
11,115,1542,50.68
11,1307,1786,58.68
65899,412,1817,59.68
65899,426,2121,69.68
65899,712,1937,63.68
65899,1801,1207,39.68
90460,713,1391,45.68
90460,1617,1511,49.68
51885,304,1360,44.68
51885,432,994,32.68
51885,1627,994,32.68
39709,103,2852,93.68
39709,201,2182,71.68
39709,398,1025,33.68
39709,1113,4068,133.68
39709,1709,3794,124.68
39709,1817,4708,154.68
35981,110,1664,54.68
35981,304,1664,54.68
35981,311,1845,60.68
94197,198,811,26.68
94197,304,902,29.68
94197,305,902,29.68
94197,705,749,24.68
94197,1014,811,26.68
94197,1113,1055,34.68
94197,1312,933,30.68
62677,1617,1391,45.68
86472,423,902,29.68
86472,504,994,32.68
86472,1113,1756,57.68
80883,202,1055,34.68
80883,305,4374,143.68
80883,306,4374,143.68
80883,504,1391,45.68
80883,1113,1421,46.68
80883,1215,4464,146.68
80883,1605,1511,49.68
80883,1701,2516,82.68
80883,1801,2455,80.68
42576,304,3916,128.68
42576,305,3916,128.68
42576,1111,4282,140.68
42576,1210,4282,140.68
42576,1701,2151,70.68
42576,1710,1695,55.68
63951,1105,1330,43.68
63951,1628,1664,54.68
63951,1708,1756,57.68
76487,304,1817,59.68
76487,305,1817,59.68
76487,708,1391,45.68
31029,304,872,28.68
31029,305,1480,48.68
31029,306,1025,33.68
31029,313,4494,147.68
31029,428,1025,33.68
31029,504,1025,33.68
31029,708,933,30.68
31029,898,872,28.68
31029,1113,872,28.68
31029,1117,3551,116.68
40321,114,964,31.68
40321,306,2425,79.68
40321,708,1391,45.68
40321,1698,1391,45.68
40321,1803,4313,141.68
17475,114,2363,77.68
17475,305,2394,78.68
17475,306,2394,78.68
17475,307,2394,78.68
17475,407,964,31.68
17475,410,1998,65.68
17475,411,2455,80.68
17475,1637,4678,153.68
47598,504,1360,44.68
47598,809,1086,35.68
100334,1798,568,18.68
67871,1617,1360,44.68
80954,304,1146,37.68
80954,305,1146,37.68
80954,504,1055,34.68
53545,1605,1299,42.68
45060,304,902,29.68
9631,1105,1756,57.68
100174,198,1876,61.68
100174,201,1876,61.68
100174,1709,1299,42.68
102606,1801,3217,105.68
102606,1905,2060,67.68
90928,110,2486,81.68
90928,202,2121,69.68
90928,1108,1452,47.68
90928,1116,2363,77.68
90928,1617,2486,81.68
47513,108,1207,39.68
47513,423,1391,45.68
47513,1817,1115,36.68
85765,504,1146,37.68
85765,1117,994,32.68
31708,304,1876,61.68
31708,714,2729,89.68
31708,1305,933,30.68
20685,108,568,18.68
20685,423,1086,35.68
27243,1105,1330,43.68
27243,1113,1330,43.68
89999,304,872,28.68
89999,307,872,28.68
89999,915,1238,40.68
70608,202,599,19.68
70608,708,964,31.68
70608,1015,1391,45.68
14532,305,1146,37.68
14532,1701,3429,112.68
102020,101,964,31.68
102020,102,964,31.68
102020,304,964,31.68
102020,309,964,31.68
102020,398,964,31.68
102020,1117,964,31.68
102020,1801,2607,85.68
102020,1812,2607,85.68
102020,1898,2607,85.68
82717,1110,1817,59.68
82717,1616,3855,126.68
82717,1898,4433,145.68
63217,205,1391,45.68
63217,404,964,31.68
63217,707,994,32.68
63217,1105,4678,153.68
63217,1701,841,27.68
42859,1627,1391,45.68
42859,1805,1391,45.68
89451,304,902,29.68
89451,498,2852,93.68
89451,1215,2852,93.68
68343,116,2516,82.68
68343,205,2182,71.68
68343,208,4586,150.68
68343,404,1452,47.68
68343,407,1817,59.68
68343,605,1817,59.68
68343,606,4739,155.68
68343,916,1817,59.68
68343,1113,4739,155.68
68343,1616,7324,240.68
68343,1801,2121,69.68
68343,1802,6534,214.68
28876,404,2425,79.68
28876,412,3278,107.68
28876,504,2455,80.68
28876,713,2668,87.68
28876,1106,1725,56.68
28876,1113,1725,56.68
28876,1615,872,28.68
28876,1798,994,32.68
63484,102,1876,61.68
63484,205,1725,56.68
63484,305,1876,61.68
63484,605,1876,61.68
63484,915,1572,51.68
63484,1205,1360,44.68
63484,1298,1968,64.68
63484,1801,902,29.68
63484,1813,6169,202.68
82059,1627,1330,43.68
82059,1801,1937,63.68
24770,916,1421,46.68
77750,1617,1330,43.68
22154,1801,721,23.68
22154,1804,1542,50.68
22154,1810,1542,50.68
62825,411,1146,37.68
62825,423,1480,48.68
62825,1117,2972,97.68
62825,1198,964,31.68
62825,1605,2241,73.68
62825,1616,1845,60.68
62825,1637,2210,72.68
62825,1898,2425,79.68
69230,1105,1542,50.68
69230,1805,2760,90.68
69230,1898,1542,50.68
91076,1113,1055,34.68
102753,202,780,25.68
102753,498,933,30.68
102753,705,1115,36.68
102753,1817,1177,38.68
29615,1804,3582,117.68
34065,305,1360,44.68
34065,1106,1360,44.68
99116,1117,721,23.68
99116,1612,1055,34.68
8516,411,1695,55.68
8516,430,1695,55.68
8516,914,1330,43.68
8516,1622,1633,53.68
8516,1634,1633,53.68
8516,1640,1633,53.68
34647,112,5347,175.68
34647,305,1299,42.68
34647,307,1299,42.68
34647,1215,5347,175.68
8813,1609,1299,42.68
30965,304,1572,51.68
30965,1605,2241,73.68
94283,304,2913,95.68
94283,398,1725,56.68
94283,504,1725,56.68
94283,598,1725,56.68
94283,898,780,25.68
88053,1105,2333,76.68
101033,305,721,23.68
101033,605,660,21.68
85880,304,902,29.68
85880,305,902,29.68
85880,605,1360,44.68
89887,1198,1633,53.68
89887,1117,1633,53.68
89887,1798,1055,34.68
72848,304,1115,36.68
26187,1298,1937,63.68
26187,798,1542,50.68
26187,1298,1937,63.68
92891,1630,2425,79.68
92891,1813,1268,41.68
10580,102,902,29.68
10580,104,964,31.68
10580,109,902,29.68
10580,201,1511,49.68
10580,304,4798,157.68
10580,305,1268,41.68
10580,407,3064,100.68
10580,605,1511,49.68
10580,705,1086,35.68
10580,908,2607,85.68
10580,1214,1452,47.68
10580,1310,3551,116.68
10580,1801,2547,83.68
81942,412,994,32.68
81942,1605,3094,101.68
35612,498,902,29.68
35612,708,1391,45.68
35612,1634,1360,44.68
20641,915,2029,66.68
20641,998,2029,66.68
20641,1898,1876,61.68
19358,412,2972,97.68
19358,426,2972,97.68
19358,1813,2821,92.68
41447,305,933,30.68
41447,307,933,30.68
12942,304,2576,84.68
12942,511,1360,44.68
12942,898,1055,34.68
12942,1112,2607,85.68
82615,1617,1572,51.68
9583,198,964,31.68
9583,304,1330,43.68
9583,1622,2821,92.68
9583,1813,1695,55.68
80242,1619,2760,90.68
81157,101,1452,47.68
81157,102,1817,59.68
81157,404,2760,90.68
81157,407,2760,90.68
81157,410,1299,42.68
81157,428,964,31.68
81157,809,964,31.68
81157,1215,1695,55.68
81157,1809,6047,198.68
14911,306,1633,53.68
14911,428,2182,71.68
14911,915,1756,57.68
14911,1113,2607,85.68
16163,405,1725,56.68
16163,408,1725,56.68
16163,410,1725,56.68
16163,1198,1360,44.68
74691,305,1480,48.68
74691,809,1845,60.68
74691,1627,2425,79.68
74691,1817,1452,47.68
72781,1306,1207,39.68
72781,1708,1115,36.68
87652,102,1055,34.68
87652,304,1055,34.68
87652,432,1055,34.68
87652,1812,1146,37.68
96729,305,780,25.68
96729,426,1177,38.68
96729,1701,1480,48.68
96729,1801,841,27.68
4277,102,1845,60.68
4277,305,994,32.68
4277,608,1876,61.68
4277,1113,2972,97.68
4277,1211,1876,61.68
4277,1305,1845,60.68
4277,1307,1876,61.68
91234,304,1480,48.68
5052,1630,2882,94.68
5052,1817,1756,57.68
30645,1298,2425,79.68
57776,102,1876,61.68
57776,201,1876,61.68
57776,205,1876,61.68
57776,425,5894,193.68
57776,430,5894,193.68
57776,1113,2972,97.68
57776,1205,964,31.68
57776,1312,1146,37.68
57776,1798,2941,96.68
57776,1801,3763,123.68
11386,201,1360,44.68
11386,202,1025,33.68
11386,305,2029,66.68
11386,407,5043,165.68
11386,423,5043,165.68
11386,426,5043,165.68
11386,428,2151,70.68
11386,708,1511,49.68
11386,1298,1299,42.68
11386,1312,2241,73.68
11386,1801,1786,58.68
11386,1813,3643,119.68
11386,1817,1238,40.68
41808,306,1633,53.68
41808,405,2302,75.68
41808,915,1572,51.68
41808,1116,2913,95.68
41808,1619,1511,49.68
29153,1637,902,29.68
77312,202,2913,95.68
77312,406,3156,103.68
77312,1701,933,30.68
77312,1817,1086,35.68
85644,304,3763,123.68
85644,305,2941,96.68
85644,1117,1452,47.68
68219,1605,2090,68.68
61078,705,964,31.68
10476,715,1391,45.68
10476,914,1330,43.68
10476,1622,1177,38.68
80936,501,2547,83.68
80936,504,2516,82.68
80936,507,2151,70.68
80936,504,2547,83.68
80936,518,2516,82.68
50456,1215,3521,115.68
10647,1598,1664,54.68
43254,304,4008,131.68
43254,504,3643,119.68
43254,511,3643,119.68
43254,908,2516,82.68
43254,1105,5224,171.68
43254,1113,2151,70.68
2176,1601,4678,153.68
66195,713,1146,37.68
36803,304,1115,36.68
36803,305,2972,97.68
36803,504,6108,200.68
36803,512,2302,75.68
36803,516,1664,54.68
36803,519,2576,84.68
36803,698,1664,54.68
36803,915,1360,44.68
63972,108,1299,42.68
63972,705,1086,35.68
63972,1701,1207,39.68
63972,1805,1633,53.68
34931,1701,1511,49.68
26529,1801,2060,67.68
87730,102,1238,40.68
87730,498,2151,70.68
87730,709,1086,35.68
87730,803,1086,35.68
87730,806,1086,35.68
87730,807,1086,35.68
87730,1106,3612,118.68
87730,1111,3612,118.68
87730,1210,3612,118.68
87730,1212,3612,118.68
87730,1305,1086,35.68
87730,1801,2547,83.68
87730,1817,2547,83.68
48528,411,1330,43.68
48528,415,1907,62.68
48528,1616,2576,84.68
48528,1810,2607,85.68
26526,405,2486,81.68
26526,408,2090,68.68
26526,428,2729,89.68
26526,1113,872,28.68
26526,1215,1299,42.68
26526,1627,1664,54.68
26526,1801,1937,63.68
93741,304,902,29.68
93741,305,902,29.68
93741,809,1511,49.68
93741,1113,1511,49.68
89079,1804,1876,61.68
91891,915,1055,34.68
56834,108,1055,34.68
56834,304,1115,36.68
56834,305,1115,36.68
56834,428,4798,157.68
56834,498,4798,157.68
56834,705,4798,157.68
56834,708,5163,169.68
56834,714,5163,169.68
56834,1105,2607,85.68
50968,305,1480,48.68
50968,306,1115,36.68
50968,1117,4221,138.68
102662,201,1146,37.68
102662,305,2607,85.68
102662,504,5894,193.68
102662,809,4798,157.68
96380,407,1756,57.68
96380,412,1756,57.68
96380,1801,811,26.68
2546,107,3763,123.68
2546,202,2972,97.68
2546,305,933,30.68
2546,306,933,30.68
2546,406,2821,92.68
2546,423,2821,92.68
2546,914,2821,92.68
2546,915,1177,38.68
2546,916,3551,116.68
2546,1801,3582,117.68
31531,101,964,31.68
31531,102,1633,53.68
31531,205,1086,35.68
31531,1205,1055,34.68
31531,1701,1115,36.68
79248,112,994,32.68
79248,202,9122,299.68
79248,432,1055,34.68
79248,1007,811,26.68
99711,426,1360,44.68
99711,1622,4313,141.68
99711,1634,4313,141.68
99711,1640,4313,141.68
34286,304,1207,39.68
34286,1634,2882,94.68
34286,1801,1452,47.68
34286,1815,2151,70.68
51792,198,1207,39.68
51792,201,1330,43.68
51792,198,1207,39.68
41739,1198,3733,122.68
41739,410,2547,83.68
41739,713,3278,107.68
41739,1601,1025,33.68
56602,411,1238,40.68
56602,432,1025,33.68
56602,916,1360,44.68
56602,1007,1025,33.68
56602,1013,964,31.68
56602,1801,1025,33.68
85236,1113,2729,89.68
85236,1801,2791,91.68
85236,1802,2699,88.68
94723,1617,1391,45.68
34125,305,1055,34.68
77340,428,1633,53.68
24787,1801,4221,138.68
44610,411,1360,44.68
94759,423,780,25.68
94759,424,1115,36.68
94759,1112,780,25.68
94759,1898,811,26.68
90635,1803,872,28.68
90635,1809,872,28.68
34233,202,2821,92.68
34233,1698,1876,61.68
34233,1812,2821,92.68
1738,116,2060,67.68
1738,798,4708,154.68
1738,1198,2791,91.68
102701,1113,1725,56.68
102701,1803,3733,122.68
89450,1101,5469,179.68
89450,1198,5469,179.68
89450,102,1452,47.68
89450,705,1360,44.68
47607,109,1542,50.68
47607,112,4282,140.68
47607,1640,2791,91.68
64355,406,2060,67.68
64355,425,2363,77.68
1621,512,1115,36.68
3756,304,811,26.68
3756,307,1391,45.68
3756,404,3551,116.68
3756,405,2607,85.68
3756,421,3551,116.68
3756,423,3551,116.68
3756,708,3156,103.68
3756,713,1391,45.68
3756,798,2516,82.68
3756,1619,3551,116.68
3756,1708,2668,87.68
1281,498,2791,91.68
1281,708,3855,126.68
1281,1619,5377,176.68
51336,1598,6443,211.68
51336,602,3521,115.68
51336,1198,3521,115.68
90499,305,1146,37.68
90499,306,1146,37.68
90499,415,1115,36.68
26317,1605,2760,90.68
26317,1627,4617,151.68
26317,1803,4647,152.68
84313,498,964,31.68
34896,304,1086,35.68
34896,1801,1421,46.68
4039,307,2941,96.68
4039,425,4433,145.68
4039,809,2791,91.68
4039,1617,3490,114.68
4039,1637,2699,88.68
4039,1801,3278,107.68
84377,1801,1299,42.68
51739,307,2576,84.68
51739,1617,2486,81.68
92821,610,2699,88.68
92821,1701,811,26.68
92821,1709,1725,56.68
70727,503,3064,100.68
70727,504,3125,102.68
70727,404,3398,111.68
70727,424,3398,111.68
70727,504,3125,102.68
70727,519,3033,99.68
70727,709,3186,104.68
70727,1112,2333,76.68
70727,1215,3125,102.68
1294,1015,2455,80.68
23301,1816,1207,39.68
101641,914,721,23.68
101641,916,690,22.68
101641,1106,1876,61.68
101641,1113,2182,71.68
33110,426,1542,50.68
33110,1015,2151,70.68
33110,1701,1146,37.68
33110,1803,2333,76.68
33110,1898,2333,76.68
26492,304,2576,84.68
26492,305,1817,59.68
26492,1637,2576,84.68
26492,1812,2486,81.68
24630,510,2821,92.68
24630,710,1268,41.68
93576,498,1360,44.68
93576,998,1572,51.68
93576,1305,1511,49.68
67060,1110,1115,36.68
67060,1617,1268,41.68
67060,1622,1268,41.68
76790,304,1146,37.68
76790,306,1756,57.68
76790,1215,1055,34.68
76790,1216,1025,33.68
76790,1813,3490,114.68
71315,304,1360,44.68
71315,398,1360,44.68
71315,426,3916,128.68
71315,498,3916,128.68
71315,914,4282,140.68
71315,916,4282,140.68
71315,998,4282,140.68
34429,102,1968,64.68
34429,504,5529,181.68
34429,720,3702,121.68
34429,803,1876,61.68
34429,1117,5163,169.68
52561,102,1937,63.68
52561,304,1937,63.68
52561,306,4402,144.68
52561,705,2576,84.68
52561,908,1937,63.68
52561,1605,3671,120.68
52561,1627,4617,151.68
52561,1701,2668,87.68
52561,1704,2668,87.68
52561,1801,4617,151.68
52561,1898,4494,147.68
79606,426,1786,58.68
79606,1805,2090,68.68
79606,1810,2090,68.68
2371,201,690,22.68
2371,406,1025,33.68
2371,1616,4617,151.68
2371,1617,4617,151.68
72307,203,1360,44.68
72307,405,2516,82.68
72307,406,1238,40.68
72307,426,2516,82.68
72307,715,994,32.68
72307,1817,1115,36.68
77840,714,1360,44.68
77840,1619,3156,103.68
77840,1801,1542,50.68
57046,713,1603,52.68
98593,313,872,28.68
16301,1105,2302,75.68
16301,1113,1146,37.68
16301,1812,2576,84.68
47617,202,3977,130.68
47617,1617,4890,160.68
47617,1627,4402,144.68
47617,1709,4890,160.68
2858,203,1633,53.68
2858,1637,3368,110.68
2858,1817,1998,65.68
48628,307,902,29.68
48628,1105,1845,60.68
48628,1617,2576,84.68
90085,203,1480,48.68
90085,1801,964,31.68
47633,423,1876,61.68
47633,1609,1937,63.68
35509,1605,1299,42.68
35509,1617,5012,164.68
35509,1637,4617,151.68
56292,504,2060,67.68
56292,202,1664,54.68
56292,504,2060,67.68
56292,1801,1542,50.68
53499,304,841,27.68
53499,498,3156,103.68
14879,202,964,31.68
14879,304,964,31.68
14879,708,1299,42.68
14879,709,1299,42.68
14879,715,3217,105.68
14879,909,1299,42.68
14879,998,2121,69.68
14879,1204,964,31.68
14879,1615,1330,43.68
14879,1616,2121,69.68
100856,1619,1268,41.68
68208,102,1299,42.68
68208,426,1968,64.68
68208,428,1756,57.68
68208,1701,2455,80.68
59897,406,1146,37.68
59897,708,2607,85.68
59897,1605,2121,69.68
51914,307,1086,35.68
51914,411,1146,37.68
51914,423,933,30.68
51914,428,1937,63.68
51914,1812,1238,40.68
51914,1813,1360,44.68
63409,203,933,30.68
63409,408,2333,76.68
63409,412,2333,76.68
63409,423,2333,76.68
63409,426,2333,76.68
63409,432,2333,76.68
63409,705,1452,47.68
63409,712,2333,76.68
63409,1617,1786,58.68
63409,1701,994,32.68
63409,1705,2151,70.68
63409,1798,1421,46.68
63409,1801,2151,70.68
63409,1898,1452,47.68
83541,428,964,31.68
83541,916,1845,60.68
83541,1710,2182,71.68
80746,198,2241,73.68
80746,205,1876,61.68
80746,304,3337,109.68
80746,1113,1055,34.68
80746,1605,5438,178.68
80746,1701,5651,185.68
80746,1703,5651,185.68
80746,1798,2729,89.68
80746,1801,3368,110.68
100137,102,811,26.68
100137,304,1511,49.68
100137,305,1542,50.68
100137,916,1391,45.68
60193,1015,994,32.68
33471,304,3337,109.68
33471,307,3337,109.68
33471,1112,2241,73.68
33471,1701,5529,181.68
42641,1609,3064,100.68
42641,1898,2333,76.68
64605,108,1086,35.68
64605,298,1177,38.68
64605,713,1268,41.68
92718,915,3156,103.68
92718,1605,1572,51.68
49929,198,841,27.68
49929,202,964,31.68
15313,102,1452,47.68
22490,305,1146,37.68
22490,306,1391,45.68
22490,498,1725,56.68
22490,1637,2455,80.68
22490,1801,1725,56.68
22490,1812,2425,79.68
1752,108,3306,108.68
1752,202,3306,108.68
1752,411,1146,37.68
1752,898,1452,47.68
1752,1109,3702,121.68
1752,1637,1086,35.68
1752,1817,994,32.68
44006,104,1542,50.68
44006,201,1086,35.68
44006,202,1542,50.68
44006,412,1542,50.68
44006,1898,1907,62.68
87016,304,2576,84.68
87016,305,2210,72.68
87016,306,2210,72.68
87016,307,2210,72.68
87016,405,1998,65.68
87016,1112,2090,68.68
87016,1312,2425,79.68
87016,1812,1845,60.68
62364,714,964,31.68
13030,914,2941,96.68
13030,1112,1360,44.68
13030,1637,3033,99.68
58803,398,994,32.68
58803,504,994,32.68
58803,1701,994,32.68
86964,205,1025,33.68
86964,304,841,27.68
86964,311,5043,165.68
86964,504,841,27.68
86964,514,841,27.68
86964,898,841,27.68
86964,1198,841,27.68
86964,1298,841,27.68
251,107,1360,44.68
11844,202,994,32.68
11844,610,1695,55.68
11844,916,2882,94.68
11844,1105,872,28.68
11844,1617,3886,127.68
11844,1813,2821,92.68
68934,1616,1360,44.68
68934,1617,1360,44.68
8451,198,1025,33.68
8451,803,1238,40.68
8451,914,2547,83.68
8451,1113,1603,52.68
8451,1215,5012,164.68
8451,1616,4647,152.68
8451,1898,4190,137.68
27912,202,1876,61.68
27912,404,1876,61.68
27912,1802,1695,55.68
6378,206,1055,34.68
6378,428,4068,133.68
6378,906,1025,33.68
6378,1110,4798,157.68
6378,1198,1511,49.68
6378,1809,4617,151.68
68431,305,902,29.68
68431,504,2394,78.68
68431,1117,4555,149.68
87814,304,1238,40.68
87814,408,1238,40.68
87814,1701,1360,44.68
87814,1812,841,27.68
18689,498,2394,78.68
18689,1617,3855,126.68
18689,1705,2272,74.68
43550,1198,1452,47.68
43550,1614,2182,71.68
54535,798,5743,188.68
54535,1198,1299,42.68
54535,1609,5043,165.68
54535,1617,5377,176.68
54535,1637,1115,36.68
15363,304,3337,109.68
15363,406,2972,97.68
15363,709,1876,61.68
15363,915,1360,44.68
15363,1105,3247,106.68
15363,1112,6624,217.68
15363,1113,2607,85.68
41676,304,1542,50.68
41676,305,1542,50.68
41676,408,933,30.68
41676,426,964,31.68
41676,1698,1086,35.68
5796,118,1238,40.68
5796,424,933,30.68
5796,432,2060,67.68
5796,708,1360,44.68
5796,1634,3824,125.68
5796,1810,1603,52.68
5796,1814,3278,107.68
5796,1817,3429,112.68
87892,298,1086,35.68
87892,1701,4099,134.68
87892,1898,1025,33.68
46056,403,2760,90.68
46056,704,2760,90.68
46056,916,2668,87.68
46056,1015,933,30.68
46056,1617,1845,60.68
15844,304,964,31.68
15844,1616,3824,125.68
15844,1617,3824,125.68
15844,1637,3824,125.68
15844,1801,1695,55.68
51329,1701,1055,34.68
51329,1703,1207,39.68
56851,410,1968,64.68
97048,305,1055,34.68
79696,304,1937,63.68
79696,1605,2547,83.68
79696,1904,2241,73.68
59985,425,2821,92.68
85047,304,1055,34.68
85047,306,1055,34.68
85047,307,1055,34.68
85047,311,2486,81.68
85047,426,1391,45.68
85047,1117,1876,61.68
85047,1617,1086,35.68
171,102,4494,147.68
171,103,2333,76.68
171,403,4252,139.68
171,704,4252,139.68
171,198,1968,64.68
171,306,3033,99.68
171,425,4617,151.68
171,1701,4555,149.68
171,1706,1299,42.68
18882,1898,994,32.68
87560,205,1177,38.68
87560,313,5863,192.68
87560,410,4982,163.68
87560,426,4252,139.68
87560,428,4890,160.68
87560,429,1817,59.68
87560,706,841,27.68
87560,708,5104,167.68
87560,998,841,27.68
87560,1113,1695,55.68
45878,1601,994,32.68
77347,398,1452,47.68
77347,1817,994,32.68
100829,108,841,27.68
79169,1111,1725,56.68
79169,1210,1725,56.68
79169,1616,1330,43.68
79169,1803,2333,76.68
38146,108,2486,81.68
38146,415,2182,71.68
38146,432,964,31.68
38146,1801,1756,57.68
81099,305,1238,40.68
81099,504,1238,40.68
81099,612,1238,40.68
81099,803,1115,36.68
81099,805,1115,36.68
81099,809,1115,36.68
81099,1113,1146,37.68
19385,408,964,31.68
19385,1801,1360,44.68
101947,708,1572,51.68
73998,1198,1452,47.68
73998,1704,1756,57.68
73998,1801,476,15.68
38181,305,1695,55.68
38181,428,1695,55.68
38181,1622,4982,163.68
26453,304,994,32.68
26453,1619,3947,129.68
26453,1709,2852,93.68
26453,1801,1055,34.68
22151,304,1238,40.68
22151,306,2302,75.68
22151,406,902,29.68
22151,423,1695,55.68
22151,1614,1603,52.68
22151,1616,2151,70.68
22151,1801,1786,58.68
92508,425,964,31.68
52378,504,2486,81.68
52378,512,1725,56.68
52378,1113,1845,60.68
52378,1817,2121,69.68
4784,198,1299,42.68
4784,428,2729,89.68
4784,504,1480,48.68
4784,915,2425,79.68
4784,1704,4129,135.68
4784,1801,2060,67.68
94387,1601,1480,48.68
94387,1627,2182,71.68
94387,1634,1238,40.68
41365,305,5163,169.68
41365,708,1146,37.68
41365,711,964,31.68
41365,1704,4494,147.68
41365,1709,3763,123.68
41365,1812,4586,150.68
41365,1813,2760,90.68
41365,1816,4617,151.68
71013,1605,2121,69.68
71013,1812,2121,69.68
45595,428,1756,57.68
95309,304,1025,33.68
95309,305,1025,33.68
10181,202,2972,97.68
10181,304,2241,73.68
10181,407,2972,97.68
10181,914,3702,121.68
58299,304,994,32.68
71789,998,1876,61.68
71789,1105,1330,43.68
71789,1627,1542,50.68
72417,712,6290,206.68
72417,1098,3612,118.68
36724,305,3186,104.68
36724,1801,994,32.68
36724,1804,5073,166.68
65926,1605,2455,80.68
65926,1617,2638,86.68
26513,102,1603,52.68
26513,108,4221,138.68
26513,306,2882,94.68
26513,307,1055,34.68
26513,425,5012,164.68
26513,706,1360,44.68
26513,1110,2363,77.68
26513,1216,1268,41.68
26513,1622,5012,164.68
26513,1634,5012,164.68
26513,1798,4678,153.68
26513,1817,4402,144.68
45692,202,1695,55.68
45692,1801,3551,116.68
1142,1701,1115,36.68
49212,118,1511,49.68
49212,708,1452,47.68
49212,709,1452,47.68
20781,1198,2151,70.68
20781,1698,4951,162.68
20781,1801,1025,33.68
53848,1640,1480,48.68
53848,1801,1268,41.68
100790,109,1330,43.68
100790,205,1146,37.68
100790,298,994,32.68
100790,305,1086,35.68
100790,398,660,21.68
100790,498,599,19.68
100790,602,902,29.68
100790,1198,749,24.68
834,1817,2241,73.68
91392,306,3186,104.68
91392,406,902,29.68
91392,1105,1725,56.68
91392,1801,872,28.68
102743,1810,2486,81.68
85707,305,2821,92.68
85707,306,2821,92.68
85707,914,1572,51.68
85707,1113,933,30.68
85707,1605,2486,81.68
85707,1801,3156,103.68
91632,1305,1146,37.68
91632,1617,841,27.68
91632,1801,1177,38.68
14515,411,1146,37.68
14515,432,1146,37.68
14515,1801,1268,41.68
14515,1817,1146,37.68
6924,305,1421,46.68
6924,306,1421,46.68
22878,407,1268,41.68
22878,612,3186,104.68
22878,1605,3855,126.68
22878,1609,3733,122.68
22878,1616,2821,92.68
22878,1617,1177,38.68
22878,1623,2516,82.68
44575,203,3459,113.68
44575,1801,872,28.68
44575,1898,872,28.68
9499,304,964,31.68
9499,915,3855,126.68
9951,1701,1603,52.68
4917,1622,1725,56.68
4917,1801,1695,55.68
79621,412,1146,37.68
79621,1798,964,31.68
79621,1898,964,31.68
5951,304,2210,72.68
5951,305,1845,60.68
5951,307,2210,72.68
5951,705,2210,72.68
76127,809,1511,49.68
76127,1698,3033,99.68
98976,1630,660,21.68
76816,1619,994,32.68
76816,1709,1391,45.68
11998,1627,1845,60.68
51435,426,1025,33.68
51435,1105,1756,57.68
51435,1898,1725,56.68
80963,1817,964,31.68
94372,423,841,27.68
94372,428,1330,43.68
95258,414,872,28.68
95258,426,1330,43.68
95258,1637,1725,56.68
13716,102,1876,61.68
13716,304,2607,85.68
13716,504,3702,121.68
13716,705,1452,47.68
13716,911,3337,109.68
13716,915,2607,85.68
13716,1305,3247,106.68
13716,1617,4617,151.68
13716,1622,5774,189.68
21031,405,1086,35.68
21031,412,1025,33.68
21031,1619,1572,51.68
30317,103,2607,85.68
30317,101,2821,92.68
30317,103,3125,102.68
30317,304,1330,43.68
30317,1119,1025,33.68
30317,1605,1725,56.68
30317,1617,3855,126.68
30317,1703,1786,58.68
99342,1013,3551,116.68
99342,1113,1511,49.68
78197,108,3551,116.68
78197,504,2852,93.68
78197,798,3186,104.68
78197,1617,3582,117.68
78197,1801,3368,110.68
29530,1117,3733,122.68
29530,1898,1756,57.68
11402,1704,1817,59.68
11402,1817,1299,42.68
95833,1105,1268,41.68
79704,304,872,28.68
79704,423,964,31.68
79704,426,964,31.68
79704,428,933,30.68
79704,1112,933,30.68
79704,1609,2913,95.68
46231,1105,1146,37.68
46231,1801,1115,36.68
65466,104,2151,70.68
65466,109,2151,70.68
65466,304,1421,46.68
65466,305,1421,46.68
65466,307,1421,46.68
65466,914,2151,70.68
65466,916,1421,46.68
2515,198,4494,147.68
2515,110,4313,141.68
2515,112,4494,147.68
2515,421,1725,56.68
2515,1617,4221,138.68
2515,1619,3977,130.68
2515,1812,3551,116.68
2515,1898,3429,112.68
1658,305,1817,59.68
1658,809,1452,47.68
1658,1609,5408,177.68
1658,1622,5408,177.68
1658,1701,1907,62.68
13965,424,1055,34.68
13965,504,2852,93.68
13965,809,1360,44.68
13965,1216,1268,41.68
71489,305,872,28.68
82989,306,1207,39.68
82989,398,1572,51.68
29309,1801,1664,54.68
29309,1816,3551,116.68
15107,304,1480,48.68
15107,305,1480,48.68
15107,306,4402,144.68
15107,398,5621,184.68
15107,1622,1086,35.68
15107,1811,1725,56.68
23167,610,994,32.68
60940,428,1268,41.68
60940,1612,1968,64.68
62350,1801,1725,56.68
62350,1812,2090,68.68
62350,1816,1146,37.68
62350,1817,1511,49.68
71072,304,3217,105.68
71072,305,3217,105.68
71072,1304,1937,63.68
87095,311,1572,51.68
87095,706,1330,43.68
87095,708,1542,50.68
87095,712,1360,44.68
87095,798,1480,48.68
87095,1105,1633,53.68
87095,1634,1664,54.68
87095,1805,1633,53.68
87095,1816,1207,39.68
6081,809,1055,34.68
6081,1105,2699,88.68
6081,1108,4920,161.68
76114,202,3156,103.68
76114,1198,1299,42.68
76114,1605,3521,115.68
76114,1810,3886,127.68
57103,1812,1511,49.68
2732,304,1572,51.68
2732,305,1572,51.68
2732,426,902,29.68
2732,1113,2302,75.68
2732,1634,2029,66.68
2732,1637,2576,84.68
27657,504,1207,39.68
27657,710,1207,39.68
99352,114,1025,33.68
99352,206,1786,58.68
89823,1119,933,30.68
82369,116,1725,56.68
82369,412,2121,69.68
81096,202,3824,125.68
81096,405,3824,125.68
81096,430,4555,149.68
81096,713,994,32.68
85265,1414,2210,72.68
75613,432,1391,45.68
48879,1705,1998,65.68
95455,304,1817,59.68
95455,305,1817,59.68
95455,906,690,22.68
95455,1304,3671,120.68
95455,1612,5377,176.68
95455,1798,690,22.68
95455,1801,2852,93.68
72699,705,1238,40.68
72699,898,3368,110.68
37613,408,1817,59.68
37613,714,1207,39.68
77799,1617,1330,43.68
77799,1898,1055,34.68
76754,198,4982,163.68
76754,112,4982,163.68
76754,304,2913,95.68
28078,305,2455,80.68
28078,307,1086,35.68
28078,504,2760,90.68
28078,510,1115,36.68
28078,1703,1480,48.68
28078,1801,2486,81.68
88390,304,1207,39.68
88390,516,1207,39.68
88390,519,1207,39.68
31434,305,2425,79.68
31434,306,2425,79.68
31434,411,2455,80.68
31434,423,1055,34.68
31434,426,1055,34.68
31434,708,2425,79.68
31434,713,2302,75.68
31434,809,2302,75.68
31434,1113,1511,49.68
31434,1619,2486,81.68
31434,1701,1664,54.68
31434,1816,2425,79.68
83212,1810,964,31.68
12109,1614,2455,80.68
12109,1627,2913,95.68
37056,108,1055,34.68
91283,405,902,29.68
91283,1117,1664,54.68
91283,1703,1664,54.68
37358,504,2241,73.68
37358,510,1115,36.68
37358,519,2241,73.68
37358,1111,1664,54.68
37358,1498,2913,95.68
78595,202,5043,165.68
78595,712,3855,126.68
78595,1801,5377,176.68
78595,1810,5316,174.68
39439,1598,2852,93.68
39439,108,2090,68.68
39439,1015,2852,93.68
39439,1605,1664,54.68
39439,1617,2852,93.68
39439,1701,1845,60.68
39439,1816,872,28.68
56077,504,1452,47.68
45002,1105,1452,47.68
64393,304,1115,36.68
64393,305,1115,36.68
64393,511,902,29.68
64393,1105,2882,94.68
64393,1634,4708,154.68
81283,102,3217,105.68
81283,304,2516,82.68
81283,423,2486,81.68
81283,504,2121,69.68
81283,1215,660,21.68
81283,1634,2882,94.68
84309,1816,994,32.68
84008,1627,902,29.68
84008,1801,902,29.68
96152,1106,2425,79.68
96152,1110,3824,125.68
96152,1113,2363,77.68
96152,1204,2363,77.68
91760,202,1817,59.68
91760,498,780,25.68
91760,1798,1968,64.68
83278,410,1391,45.68
83278,411,2913,95.68
83278,1701,902,29.68
83278,1703,1115,36.68
53135,404,1268,41.68
53135,1627,1845,60.68
8839,407,1998,65.68
8839,423,1998,65.68
8839,430,2121,69.68
8839,1698,2121,69.68
59028,1798,1115,36.68
11537,1634,1146,37.68
96116,426,690,22.68
96116,1117,2455,80.68
98135,1198,3612,118.68
98135,304,2241,73.68
98135,1215,2668,87.68
98135,1627,2151,70.68
18541,432,1664,54.68
18541,1113,2121,69.68
18541,1817,1725,56.68
55530,1801,2486,81.68
55530,1810,2425,79.68
92585,202,933,30.68
92585,426,933,30.68
92585,1605,1817,59.68
92585,1801,1391,45.68
39582,498,964,31.68
51285,1105,2333,76.68
42082,798,1025,33.68
94504,202,1086,35.68
11904,1617,3916,128.68
36485,805,902,29.68
36485,806,902,29.68
36485,807,902,29.68
36485,1801,1786,58.68
27415,1701,1572,51.68
14747,198,1480,48.68
14747,304,2210,72.68
14747,705,2151,70.68
14747,1105,1633,53.68
14747,1616,2425,79.68
56751,408,5347,175.68
56751,803,1664,54.68
18123,432,2516,82.68
18123,1110,1695,55.68
18123,1215,1542,50.68
18123,1605,2090,68.68
18123,1627,1086,35.68
18123,1817,1664,54.68
46759,705,3247,106.68
46759,1617,3977,130.68
46759,1801,994,32.68
31641,102,1086,35.68
31641,415,1086,35.68
31641,1801,4494,147.68
72222,914,902,29.68
72222,916,994,32.68
61664,1602,2060,67.68
38196,202,1817,59.68
38196,610,1725,56.68
38196,1640,1725,56.68
38196,1801,933,30.68
50465,108,3217,105.68
50465,305,1998,65.68
50465,1605,3977,130.68
50465,1637,3977,130.68
50465,1802,2455,80.68
69157,1627,1268,41.68
100307,102,2121,69.68
100307,205,1360,44.68
100307,304,2302,75.68
100307,608,994,32.68
100307,714,2425,79.68
100307,1214,994,32.68
100307,1801,1725,56.68
100307,1809,1998,65.68
100307,1898,3033,99.68
91845,708,2060,67.68
91845,1617,2060,67.68
28476,304,1968,64.68
28476,305,1968,64.68
99564,430,1146,37.68
99564,598,721,23.68
99564,1609,1146,37.68
99564,1619,721,23.68
99564,1622,1146,37.68
99564,1634,1146,37.68
99564,1698,1146,37.68
74263,415,994,32.68
74263,1105,1086,35.68
74263,1805,994,32.68
74263,1898,994,32.68
70741,108,1907,62.68
46845,1804,3247,106.68
87409,202,1238,40.68
87409,412,1238,40.68
87409,504,1238,40.68
87409,712,1238,40.68
87409,1898,872,28.68
66886,1815,2882,94.68
66886,1816,3003,98.68
48516,407,5469,179.68
48516,426,5469,179.68
37727,305,1238,40.68
37727,426,964,31.68
37727,1616,1238,40.68
37727,1808,1238,40.68
12830,198,2241,73.68
12830,304,2972,97.68
12830,705,2638,86.68
12830,1634,5743,188.68
12830,1701,5194,170.68
88875,1816,1238,40.68
10809,712,1845,60.68
33356,108,1480,48.68
33356,304,994,32.68
33356,1817,1055,34.68
35447,107,2729,89.68
35447,313,3247,106.68
35447,1817,994,32.68
1342,915,2607,85.68
1342,1705,3278,107.68
10743,305,2729,89.68
10743,1637,3186,104.68
83972,203,1572,51.68
83972,405,1360,44.68
83972,412,1360,44.68
83972,424,1360,44.68
83972,712,1360,44.68
83972,719,1238,40.68
76588,412,4252,139.68
78592,114,1360,44.68
78592,915,1572,51.68
78592,1804,2852,93.68
50743,1105,1055,34.68
22889,1812,2791,91.68
101001,1617,2425,79.68
9504,914,3763,123.68
9504,916,3763,123.68
25027,423,902,29.68
25027,1106,2729,89.68
25027,1113,2729,89.68
94502,304,749,24.68
94502,809,4068,133.68
17724,1617,2090,68.68
45716,504,902,29.68
45716,202,3551,116.68
45716,305,2425,79.68
45716,504,902,29.68
45716,1198,2394,78.68
45716,1627,2972,97.68
85337,201,1817,59.68
85337,304,3643,119.68
85337,305,3643,119.68
85337,310,7265,238.68
85337,510,3643,119.68
85337,1898,4678,153.68
34863,602,2882,94.68
34863,602,2852,93.68
84664,403,2029,66.68
84664,704,2029,66.68
84664,108,1480,48.68
84664,202,1998,65.68
89392,305,2333,76.68
89392,498,4708,154.68
89392,504,902,29.68
66954,430,3794,124.68
7963,304,964,31.68
31103,432,1695,55.68
92769,305,1238,40.68
92769,313,5132,168.68
92769,411,2791,91.68
92769,432,4252,139.68
92769,1215,1207,39.68
92769,1627,3733,122.68
92769,1801,1725,56.68
44280,423,1542,50.68
44280,802,2576,84.68
44280,805,2576,84.68
44280,807,2576,84.68
44280,1113,2090,68.68
44280,1634,4617,151.68
73420,425,4464,146.68
73420,428,902,29.68
73420,1210,1391,45.68
73420,1601,3186,104.68
73420,1801,4464,146.68
81821,1617,1603,52.68
81821,1698,1968,64.68
81821,1815,1664,54.68
9800,202,2972,97.68
9800,206,2241,73.68
9800,705,2241,73.68
9800,1117,4282,140.68
9800,1817,1664,54.68
91582,1703,964,31.68
19561,1898,1695,55.68
100751,305,2394,78.68
100751,1209,1360,44.68
100751,1312,5438,178.68
100751,1816,3521,115.68
1418,304,1817,59.68
1418,305,1817,59.68
98323,407,994,32.68
61819,310,1786,58.68
61819,1105,1207,39.68
61819,1801,2791,91.68
90393,304,933,30.68
90393,305,933,30.68
100672,1416,660,21.68
20797,406,3977,130.68
20797,407,2607,85.68
20797,426,4068,133.68
20797,428,3977,130.68
20797,711,1146,37.68
48016,102,1360,44.68
48016,305,1725,56.68
48016,306,1725,56.68
48016,1634,5012,164.68
48016,1801,4282,140.68
40556,798,1207,39.68
40556,1014,994,32.68
40556,1198,964,31.68
40556,1905,964,31.68
1328,109,2486,81.68
1328,428,2090,68.68
1328,705,1177,38.68
1328,1298,2455,80.68
1328,1627,3429,112.68
77173,704,2090,68.68
77173,202,1907,62.68
77173,915,1937,63.68
77173,916,1572,51.68
77173,998,1207,39.68
77173,1198,1876,61.68
83277,202,1817,59.68
83277,1113,2852,93.68
7126,304,1725,56.68
7126,305,1725,56.68
7126,306,1725,56.68
7126,504,2241,73.68
7126,1803,1115,36.68
89773,304,1360,44.68
89773,305,1360,44.68
89773,313,5347,175.68
89773,410,4951,162.68
89773,426,5285,173.68
89773,504,1360,44.68
89773,1113,2791,91.68
89773,1617,5255,172.68
82484,1598,3733,122.68
82484,1211,3733,122.68
102015,307,841,27.68
102015,1803,507,16.68
88365,1801,1360,44.68
88365,1898,2333,76.68
96329,713,2425,79.68
30519,1198,1817,59.68
30519,304,1817,59.68
30519,1111,1603,52.68
30519,1117,1725,56.68
30519,1801,1786,58.68
47563,408,1360,44.68
47563,709,2029,66.68
47563,713,1756,57.68
72165,202,1421,46.68
72165,1110,1268,41.68
72165,1113,1268,41.68
45969,305,2791,91.68
45969,411,1207,39.68
45969,432,964,31.68
45969,1708,2272,74.68
45969,1801,3125,102.68
44130,202,4798,157.68
44130,205,1633,53.68
44130,1110,2151,70.68
44130,1701,3003,98.68
83617,504,2060,67.68
83617,1105,1633,53.68
83617,1614,3977,130.68
83617,1816,2121,69.68
83617,1817,1786,58.68
52998,405,2060,67.68
52998,423,2090,68.68
58684,203,1633,53.68
58684,1801,1146,37.68
61985,412,1055,34.68
52239,305,1817,59.68
52239,411,1146,37.68
52239,432,1086,35.68
52239,1616,4739,155.68
52239,1813,5104,167.68
77378,108,1299,42.68
77378,298,933,30.68
79803,305,2090,68.68
79803,398,2090,68.68
79803,412,3003,98.68
79803,426,3003,98.68
79803,801,2821,92.68
79803,915,994,32.68
79803,1117,4464,146.68
82613,809,2121,69.68
67072,109,902,29.68
67072,306,1360,44.68
67072,916,902,29.68
67072,1112,2668,87.68
67072,1605,2394,78.68
67072,1805,1664,54.68
67072,1998,3156,103.68
87422,1616,2090,68.68
23248,1798,1360,44.68
4287,1215,2333,76.68
4287,1801,1968,64.68
4287,1802,1633,53.68
4287,1898,2272,74.68
83148,1609,1391,45.68
94701,118,780,25.68
94701,709,1511,49.68
45581,1817,1055,34.68
99588,304,1421,46.68
99588,307,1421,46.68
99588,415,1786,58.68
99588,423,3368,110.68
99588,1619,4099,134.68
99588,1801,3794,124.68
67652,304,994,32.68
67652,307,994,32.68
67652,432,902,29.68
67652,916,994,32.68
67652,1312,1086,35.68
67652,1616,1876,61.68
29663,1617,1452,47.68
29663,1801,902,29.68
36216,304,994,32.68
25218,1215,1511,49.68
25218,1298,1511,49.68
51871,498,3521,115.68
51871,1637,3551,116.68
51871,1801,3490,114.68
25914,411,964,31.68
25914,1215,1876,61.68
25914,1698,3947,129.68
3188,311,994,32.68
3188,1701,902,29.68
13648,108,994,32.68
22885,1118,1207,39.68
54065,105,6746,221.68
54065,205,2060,67.68
54065,304,1238,40.68
54065,305,1238,40.68
54065,414,1937,63.68
54065,432,3186,104.68
54065,514,1177,38.68
54065,705,2210,72.68
54065,906,1177,38.68
54065,1117,4129,135.68
54065,1118,3003,98.68
54065,1205,1542,50.68
54065,1614,4343,142.68
54065,1622,6746,221.68
54065,1803,6169,202.68
72888,201,5682,186.68
72888,906,933,30.68
72888,1113,1876,61.68
72888,1605,4798,157.68
72888,1801,4313,141.68
97784,1817,660,21.68
97784,1898,933,30.68
91578,1113,1876,61.68
91578,1119,1876,61.68
91093,1617,994,32.68
61149,1627,2455,80.68
78001,202,1330,43.68
78001,304,1055,34.68
78001,1704,1115,36.68
56093,1609,1511,49.68
56093,1616,1511,49.68
56093,1617,1511,49.68
56093,1637,1511,49.68
56093,1701,1268,41.68
51227,306,2151,70.68
51227,798,1542,50.68
51227,809,1542,50.68
51227,998,872,28.68
51227,1605,1177,38.68
51227,1637,3977,130.68
51227,1701,1542,50.68
51227,1798,872,28.68
17932,305,1725,56.68
17932,306,1725,56.68
17932,1110,4586,150.68
17932,1198,4586,150.68
17932,1627,3156,103.68
66808,1617,1421,46.68
66808,1704,780,25.68
66808,1798,1146,37.68
30373,407,4678,153.68
30373,1801,2394,78.68
81617,108,2913,95.68
661,411,2791,91.68
661,1710,3278,107.68
661,1816,1633,53.68
661,1817,2302,75.68
87618,1298,933,30.68
75290,116,1876,61.68
75290,306,2241,73.68
75290,423,2241,73.68
75290,504,1238,40.68
75290,598,1238,40.68
75290,698,1086,35.68
75290,915,1876,61.68
75290,1105,2241,73.68
75290,1215,902,29.68
75290,1617,2972,97.68
75290,1705,2241,73.68
75290,1802,4433,145.68
73207,304,1360,44.68
73207,407,964,31.68
73207,916,1664,54.68
73207,1113,1025,33.68
73207,1612,964,31.68
27884,708,1146,37.68
27884,1617,1330,43.68
10220,311,1025,33.68
99168,519,660,21.68
27768,304,2363,77.68
27768,305,4647,152.68
27768,504,1756,57.68
27768,1636,4617,151.68
27768,1803,4982,163.68
27768,1807,4982,163.68
52816,305,1845,60.68
52816,705,1664,54.68
52816,916,1360,44.68
52816,1111,1845,60.68
52816,1113,1845,60.68
52816,1119,1845,60.68
52816,1215,2090,68.68
52816,1817,1299,42.68
99724,412,1756,57.68
3939,713,1845,60.68
3939,1609,1876,61.68
3939,1619,1876,61.68
3939,1622,1876,61.68
3939,1637,1876,61.68
3939,1898,1177,38.68
88378,304,872,28.68
88378,1701,1177,38.68
88378,1801,902,29.68
99631,203,1542,50.68
99631,705,1452,47.68
99631,916,841,27.68
99631,1117,1542,50.68
99631,1607,1542,50.68
99631,1617,1542,50.68
99631,1817,1146,37.68
17903,202,3156,103.68
17903,298,3156,103.68
56152,109,1055,34.68
56152,304,1268,41.68
56152,410,841,27.68
56152,411,841,27.68
53892,606,994,32.68
53892,612,1055,34.68
53892,1627,1299,42.68
12167,102,1907,62.68
12167,304,1907,62.68
12167,305,1907,62.68
12167,307,1907,62.68
8144,713,1115,36.68
8144,1705,1025,33.68
19816,202,1664,54.68
19816,412,1511,49.68
19816,1798,1268,41.68
92440,708,1480,48.68
92440,1616,1480,48.68
92440,1626,1725,56.68
92440,1634,1725,56.68
53295,1627,1360,44.68
18949,426,5347,175.68
18949,605,1025,33.68
18949,1105,5285,173.68
18949,1312,4190,137.68
18949,1704,5043,165.68
7610,203,2182,71.68
7610,304,1511,49.68
7610,305,1511,49.68
7610,307,1511,49.68
7610,411,2913,95.68
57233,202,2090,68.68
57233,304,1330,43.68
57233,423,2121,69.68
57233,426,2121,69.68
57233,705,2090,68.68
57233,713,2547,83.68
57233,1634,2394,78.68
57233,1704,2333,76.68
57233,1708,2302,75.68
9952,1803,4678,153.68
35086,798,1115,36.68
82951,203,1756,57.68
82951,713,1603,52.68
100725,428,780,25.68
65814,708,2363,77.68
65814,1617,2363,77.68
52721,202,1025,33.68
52721,1898,872,28.68
11913,407,4068,133.68
11913,426,3977,130.68
11913,1298,4008,131.68
94232,304,780,25.68
94232,1616,3612,118.68
94232,1634,3612,118.68
94232,1637,3612,118.68
8949,202,872,28.68
8949,205,1603,52.68
8949,304,1115,36.68
8949,305,1480,48.68
8949,602,1603,52.68
8949,604,2516,82.68
8949,705,872,28.68
8949,1210,5073,166.68
8949,1212,5073,166.68
8949,1804,3490,114.68
8949,1898,5073,166.68
37515,304,1025,33.68
37515,1105,2182,71.68
37515,1113,1817,59.68
37515,1622,1025,33.68
32529,498,2060,67.68
32529,1617,2486,81.68
65657,304,1207,39.68
65657,406,1725,56.68
65657,1117,2241,73.68
65657,1605,2210,72.68
65657,1816,1786,58.68
53599,708,1817,59.68
53599,1616,2241,73.68
53599,1617,1817,59.68
53599,1801,964,31.68
40341,102,1511,49.68
40341,116,1511,49.68
40341,203,1876,61.68
40341,1110,1511,49.68
74744,202,2210,72.68
74744,423,1937,63.68
74744,1605,2241,73.68
74744,1617,2210,72.68
74744,1813,1360,44.68
74744,1816,2425,79.68
37584,426,1299,42.68
37584,1801,1268,41.68
34865,507,3186,104.68
34865,504,3186,104.68
34865,1701,1542,50.68
34865,1710,2516,82.68
34865,1816,2791,91.68
97662,202,721,23.68
81569,305,1391,45.68
81569,408,2090,68.68
81569,424,2090,68.68
81569,426,2090,68.68
81569,1637,3064,100.68
81569,1801,1756,57.68
81569,1812,1480,48.68
81569,1817,1480,48.68
93512,1803,4859,159.68
48440,305,2547,83.68
48440,306,2547,83.68
48440,1811,2394,78.68
94607,305,2182,71.68
94607,306,2182,71.68
94607,1304,1876,61.68
94607,1312,1511,49.68
94607,1817,2090,68.68
94700,102,4890,160.68
94700,304,5377,176.68
94700,305,3582,117.68
94700,426,2791,91.68
94700,1601,1998,65.68
94700,1627,1968,64.68
94700,1812,1268,41.68
19798,203,1876,61.68
19798,1634,1876,61.68
49371,102,1086,35.68
49371,1105,3643,119.68
49371,1113,1876,61.68
49371,1798,5743,188.68
49371,1898,3643,119.68
69542,498,933,30.68
69542,1617,1146,37.68
69542,1801,1207,39.68
11380,412,5073,166.68
11380,415,5073,166.68
11380,423,5073,166.68
11380,916,964,31.68
16374,202,872,28.68
16374,406,933,30.68
16374,498,902,29.68
98790,202,721,23.68
98790,708,721,23.68
98790,1116,1207,39.68
98790,1605,1480,48.68
98790,1637,1695,55.68
70081,1626,3125,102.68
70081,1810,2638,86.68
96803,305,1845,60.68
96803,306,3306,108.68
96803,426,4433,145.68
96803,1105,2486,81.68
96803,1113,1268,41.68
96803,1634,2182,71.68
96803,1801,1330,43.68
96803,1898,4374,143.68
17908,203,3582,117.68
17908,406,964,31.68
17908,432,3855,126.68
100840,201,2455,80.68
100840,1215,3003,98.68
100840,1803,1086,35.68
100840,1998,3490,114.68
41130,307,902,29.68
41130,411,902,29.68
40603,203,4221,138.68
40603,306,1664,54.68
40603,405,2333,76.68
40603,1305,1146,37.68
40603,1622,4037,132.68
34315,1802,1055,34.68
491,112,2241,73.68
491,1609,2333,76.68
73251,202,1511,49.68
73251,298,3886,127.68
73251,498,964,31.68
89963,407,841,27.68
89963,423,3459,113.68
89963,426,3459,113.68
89963,708,3459,113.68
89963,719,3459,113.68
89963,1015,3459,113.68
89963,1113,1299,42.68
89963,1810,1998,65.68
38164,101,3916,128.68
38164,118,1025,33.68
38164,304,1360,44.68
38164,305,1360,44.68
38164,406,1268,41.68
38164,412,1268,41.68
38164,428,1146,37.68
38164,1119,1360,44.68
15575,202,5621,184.68
15575,205,1146,37.68
15575,304,2913,95.68
15575,1118,2060,67.68
15575,1801,4739,155.68
9780,1622,1025,33.68
33221,102,994,32.68
33221,426,2455,80.68
33221,914,2302,75.68
75882,304,2121,69.68
75882,405,2090,68.68
75882,1617,3125,102.68
97649,108,690,22.68
97649,430,933,30.68
97649,1605,933,30.68
97649,1622,964,31.68
97649,1637,964,31.68
85740,307,1695,55.68
81879,305,1480,48.68
81879,306,1480,48.68
81879,1701,3003,98.68
81879,1801,1330,43.68
96488,305,780,25.68
96488,307,780,25.68
96488,310,4433,145.68
70118,1617,1360,44.68
70118,1813,1055,34.68
29321,708,1360,44.68
29321,712,1360,44.68
29321,713,2121,69.68
92052,498,872,28.68
92052,915,2151,70.68
92052,1798,902,29.68
91768,112,1421,46.68
91768,306,1115,36.68
91768,398,1115,36.68
91768,1701,902,29.68
80867,1617,1238,40.68
80867,1640,1238,40.68
78980,423,1664,54.68
78980,432,2638,86.68
78980,1815,3217,105.68
65483,116,2607,85.68
65483,305,1115,36.68
65483,404,2029,66.68
65483,705,1876,61.68
65483,1615,2060,67.68
96323,708,749,24.68
96323,1605,1025,33.68
96323,1616,721,23.68
96323,1801,749,24.68
36273,424,1998,65.68
36273,603,1845,60.68
55813,410,3459,113.68
55813,411,3459,113.68
55813,1204,690,22.68
55813,1627,2852,93.68
30585,1603,1633,53.68
15317,101,1207,39.68
15317,116,1664,54.68
15317,306,994,32.68
15317,423,3551,116.68
15317,605,1511,49.68
15317,908,994,32.68
72029,1614,1452,47.68
72029,1622,1452,47.68
72029,1634,1452,47.68
72029,1640,1421,46.68
42132,1801,3459,113.68
71011,1110,2760,90.68
65765,112,2547,83.68
65765,1112,994,32.68
65765,1898,994,32.68
24918,1113,1725,56.68
24918,1627,1725,56.68
24918,1810,3217,105.68
97322,305,1177,38.68
97322,404,2455,80.68
97322,411,1330,43.68
97322,423,2882,94.68
97322,708,2760,90.68
97322,1105,1238,40.68
97322,1605,1603,52.68
97322,1898,1238,40.68
888,102,2852,93.68
888,406,1511,49.68
26793,304,872,28.68
26793,305,872,28.68
26793,307,872,28.68
26793,404,4859,159.68
26793,411,1725,56.68
26793,1701,4099,134.68
2022,414,1207,39.68
2022,1617,2182,71.68
39772,102,1207,39.68
39772,305,3156,103.68
39772,412,1268,41.68
39772,915,1177,38.68
39772,1215,1055,34.68
20404,1609,933,30.68
19797,304,1146,37.68
19797,305,1146,37.68
40740,304,1360,44.68
40740,307,1360,44.68
40740,413,994,32.68
40740,1105,2425,79.68
40740,1312,1725,56.68
40740,1637,1968,64.68
40740,1701,1146,37.68
52693,408,2972,97.68
52693,426,2972,97.68
52693,1817,660,21.68
8553,406,2241,73.68
8553,412,2182,71.68
70759,1817,1025,33.68
60156,104,1998,65.68
60156,1110,2547,83.68
70873,198,1452,47.68
70873,305,1511,49.68
70873,415,902,29.68
70873,504,1786,58.68
70873,1113,4068,133.68
70873,1802,1725,56.68
70873,1817,933,30.68
84174,198,811,26.68
84174,411,841,27.68
84174,713,902,29.68
89967,915,2090,68.68
89967,916,994,32.68
89967,1198,1511,49.68
89967,1619,2972,97.68
89967,1701,1452,47.68
89967,1817,1786,58.68
59147,304,2972,97.68
59147,915,3702,121.68
59147,916,2090,68.68
59147,1204,3733,122.68
59147,1609,2791,91.68
59147,1803,2516,82.68
59147,1813,2241,73.68
44440,1798,1391,45.68
86779,304,902,29.68
86779,498,1086,35.68
86779,612,902,29.68
90919,306,1086,35.68
89112,1605,1817,59.68
89112,1812,2302,75.68
89112,1898,3094,101.68
95487,108,721,23.68
95487,1605,1238,40.68
38205,107,3794,124.68
38205,1609,3368,110.68
38205,1701,2941,96.68
38205,1705,2972,97.68
38205,1801,1177,38.68
95942,298,1238,40.68
95942,305,1086,35.68
95942,311,1086,35.68
95942,713,902,29.68
95942,998,1268,41.68
95942,1017,1268,41.68
95942,1616,690,22.68
95942,1630,1360,44.68
95942,1817,964,31.68
42525,305,3186,104.68
42525,306,3186,104.68
42525,310,5560,182.68
42525,498,1664,54.68
42525,504,933,30.68
42525,612,933,30.68
42525,1205,933,30.68
58659,426,1998,65.68
60925,305,1299,42.68
60925,398,1299,42.68
60925,426,4313,141.68
60925,1312,964,31.68
34192,206,2060,67.68
34192,304,2060,67.68
34192,305,2029,66.68
34192,306,2029,66.68
34192,411,1299,42.68
34192,412,5408,177.68
34192,426,5408,177.68
34192,898,2029,66.68
34192,908,2090,68.68
34192,911,2090,68.68
34192,1105,2210,72.68
34192,1605,5774,189.68
34192,1609,964,31.68
34192,1612,5774,189.68
34192,1703,3094,101.68
34192,1708,2516,82.68
3675,304,1725,56.68
3675,705,933,30.68
3675,708,872,28.68
3675,1634,3794,124.68
91772,202,1025,33.68
91772,305,1299,42.68
91772,306,1299,42.68
91772,712,3702,121.68
91772,915,902,29.68
91772,1617,2699,88.68
435,202,2394,78.68
435,412,2425,79.68
435,426,2425,79.68
435,709,2363,77.68
435,712,2425,79.68
435,714,2394,78.68
72798,304,1360,44.68
72798,1622,5316,174.68
72217,306,2333,76.68
72217,423,1664,54.68
72217,1601,2333,76.68
72217,1703,994,32.68
31256,1312,3733,122.68
96072,102,2302,75.68
96072,103,2182,71.68
96072,118,2182,71.68
96072,198,2182,71.68
96072,304,872,28.68
96072,306,872,28.68
96072,398,872,28.68
96072,804,2210,72.68
96072,1113,872,28.68
10359,1801,4190,137.68
45161,504,2425,79.68
45161,102,1633,53.68
45161,304,902,29.68
45161,305,2182,71.68
45161,307,902,29.68
45161,406,1299,42.68
45161,498,1968,64.68
45161,504,1633,53.68
45161,705,1391,45.68
45161,712,1968,64.68
45161,1113,902,29.68
45161,1801,2791,91.68
47382,1798,2486,81.68
69243,102,2972,97.68
69243,109,5529,181.68
69243,504,1238,40.68
69243,1312,3947,129.68
69243,1612,4221,138.68
62722,304,1786,58.68
62722,307,1786,58.68
62722,914,1786,58.68
62722,1627,1817,59.68
98282,109,2821,92.68
98282,1810,660,21.68
76866,304,1238,40.68
76866,305,1238,40.68
76866,414,2029,66.68
76866,432,629,20.68
76866,1801,3125,102.68
76866,1815,4282,140.68
76866,1817,1633,53.68
55071,1105,1086,35.68
73981,426,1055,34.68
73981,713,1238,40.68
58148,201,1633,53.68
58148,1117,1452,47.68
90297,1898,1603,52.68
37337,1605,1421,46.68
24675,205,2121,69.68
24675,298,1876,61.68
24675,398,2060,67.68
24675,608,1876,61.68
24675,998,902,29.68
24675,1113,1876,61.68
24675,1211,1876,61.68
24675,1214,964,31.68
24675,1701,4037,132.68
24675,1798,4037,132.68
24675,1802,3916,128.68
10008,109,994,32.68
10008,203,994,32.68
10008,305,1268,41.68
10008,510,994,32.68
10008,1701,902,29.68
45404,305,1756,57.68
80898,1617,1238,40.68
80898,1634,1238,40.68
32565,511,1146,37.68
32565,1307,1086,35.68
32565,1704,2852,93.68
30623,1106,2241,73.68
30623,1198,1603,52.68
30623,1813,4525,148.68
30623,1817,5285,173.68
95804,1801,994,32.68
3831,201,1725,56.68
3831,202,4647,152.68
3831,304,964,31.68
3831,305,1786,58.68
3831,307,964,31.68
3831,405,1360,44.68
3831,423,4647,152.68
3831,504,5377,176.68
3831,705,1086,35.68
3831,1106,1725,56.68
3831,1111,1480,48.68
3831,1113,1238,40.68
72896,1798,1299,42.68
57093,411,994,32.68
57093,1801,994,32.68
34881,202,1115,36.68
34881,1801,1452,47.68
69081,305,1480,48.68
69081,512,1845,60.68
69081,1698,1025,33.68
96531,1105,1115,36.68
96531,1898,1115,36.68
42841,405,1238,40.68
42841,411,2791,91.68
42841,705,1968,64.68
42841,1117,1086,35.68
42841,1637,4068,133.68
41227,426,1603,52.68
96120,712,4678,153.68
96120,914,3551,116.68
96120,998,4343,142.68
96120,1801,3855,126.68
71836,1637,1695,55.68
71836,1801,902,29.68
71836,1817,1115,36.68
89601,304,933,30.68
89601,898,2791,91.68
93052,304,902,29.68
5756,104,964,31.68
5756,426,1817,59.68
5756,1801,1817,59.68
89880,305,872,28.68
89880,307,872,28.68
88197,1598,3916,128.68
88197,304,3064,100.68
88197,305,3064,100.68
88197,306,3064,100.68
88197,406,2182,71.68
88197,915,3398,111.68
88197,1110,3916,128.68
88197,1622,2060,67.68
81068,910,1055,34.68
81068,914,1055,34.68
81068,916,1055,34.68
43829,408,1025,33.68
92055,108,1086,35.68
92055,1015,1452,47.68
92055,1710,1115,36.68
86034,201,3947,129.68
86034,1113,1452,47.68
86034,1312,1664,54.68
86034,1809,3947,129.68
14687,415,3459,113.68
14687,1215,1330,43.68
14687,1605,3459,113.68
14687,1617,3156,103.68
11555,306,3186,104.68
11555,1105,3064,100.68
11555,1617,4982,163.68
11555,1801,3977,130.68
81123,198,2607,85.68
81123,398,2972,97.68
81123,714,2607,85.68
81123,1117,2607,85.68
81123,1898,1146,37.68
10095,304,1542,50.68
10095,1105,1542,50.68
10095,1605,3916,128.68
29763,610,1238,40.68
29763,1605,1268,41.68
9209,705,902,29.68
9209,1105,2182,71.68
9209,1801,2729,89.68
9209,1898,2182,71.68
36720,404,1725,56.68
36720,423,1725,56.68
36720,1105,1421,46.68
36720,1801,1360,44.68
43931,305,872,28.68
29177,202,1299,42.68
29177,426,872,28.68
29177,1008,3551,116.68
29177,1014,2394,78.68
29177,1812,2972,97.68
37492,713,1998,65.68
37492,809,1998,65.68
37492,1701,1542,50.68
37492,1704,1421,46.68
37492,1815,2699,88.68
552,102,1452,47.68
552,103,1238,40.68
552,109,1238,40.68
552,116,872,28.68
552,118,1452,47.68
552,304,6169,202.68
552,305,2394,78.68
552,307,6169,202.68
552,407,2913,95.68
552,426,4374,143.68
552,1105,2882,94.68
552,1110,902,29.68
552,1112,902,29.68
552,1113,2913,95.68
552,1710,1238,40.68
58156,1605,1756,57.68
58156,1816,2791,91.68
86849,102,2425,79.68
86849,109,2547,83.68
86849,406,933,30.68
86849,410,1025,33.68
86849,423,1055,34.68
86849,498,1115,36.68
86849,708,872,28.68
86849,1106,1845,60.68
86849,1634,964,31.68
86849,1640,964,31.68
63131,405,2547,83.68
63131,423,2547,83.68
63131,1117,2729,89.68
63131,1616,2607,85.68
63131,1637,2699,88.68
102809,304,537,17.68
102809,414,2607,85.68
83983,108,1025,33.68
83983,1013,1238,40.68
15583,304,964,31.68
15583,1498,1968,64.68
15583,1614,2882,94.68
15583,1619,2882,94.68
15583,1622,2882,94.68
15583,1627,2882,94.68
15583,1634,2882,94.68
15583,1640,2882,94.68
71680,1498,2333,76.68
71680,426,1725,56.68
71680,1416,2333,76.68
82105,305,2821,92.68
82105,306,2821,92.68
82105,407,1086,35.68
82105,410,1511,49.68
73203,107,4221,138.68
60974,1110,1452,47.68
57958,1110,1238,40.68
43235,102,1725,56.68
43235,108,2121,69.68
43235,304,2455,80.68
43235,1113,994,32.68
51443,1637,1786,58.68
10821,406,3490,114.68
10821,1812,3490,114.68
84186,202,902,29.68
84186,305,1238,40.68
84186,412,1452,47.68
84186,424,2060,67.68
84186,712,1452,47.68
26899,412,1360,44.68
53465,598,4374,143.68
53465,712,4708,154.68
53465,1708,4374,143.68
92568,398,1025,33.68
92568,1198,1299,42.68
92568,202,1330,43.68
92568,304,964,31.68
92568,405,1207,39.68
92568,1198,1299,42.68
92568,1798,872,28.68
91777,202,3947,129.68
91777,205,1511,49.68
91777,1198,1299,42.68
11141,306,1725,56.68
11141,1105,1937,63.68
11141,1701,2090,68.68
11141,1706,2090,68.68
38662,1198,5955,195.68
38662,118,1937,63.68
38662,306,1817,59.68
38662,313,6228,204.68
38662,612,964,31.68
38662,708,1299,42.68
38662,1113,1817,59.68
38662,1117,5955,195.68
38662,1803,3824,125.68
63853,1617,1695,55.68
32122,202,1268,41.68
32122,1701,1086,35.68
86733,398,2394,78.68
86733,426,2394,78.68
86733,798,1664,54.68
86733,1106,2394,78.68
86733,1113,2394,78.68
86733,1619,2394,78.68
86733,1817,2394,78.68
86733,1898,2394,78.68
79033,108,3671,120.68
79033,430,2486,81.68
79033,432,3186,104.68
79033,916,3064,100.68
79033,1605,3398,111.68
79033,1698,2486,81.68
79033,1703,3368,110.68
20454,1617,1421,46.68
71026,102,1360,44.68
71026,304,660,21.68
71026,1115,599,19.68
71026,1312,1817,59.68
71026,1627,629,20.68
71026,1801,3064,100.68
71344,305,1695,55.68
71344,406,2972,97.68
71344,1798,1786,58.68
75383,101,2182,71.68
75383,102,2182,71.68
75383,104,2182,71.68
75383,205,2182,71.68
75383,304,2182,71.68
75383,305,1421,46.68
75383,407,2182,71.68
75383,1798,1025,33.68
95808,408,690,22.68
95808,423,811,26.68
95808,1007,749,24.68
48773,102,1876,61.68
48773,201,1360,44.68
48773,202,902,29.68
48773,304,994,32.68
73379,304,2760,90.68
73379,306,2852,93.68
24381,1801,1452,47.68
32410,705,1146,37.68
32410,1616,1695,55.68
32410,1627,1664,54.68
32410,1801,1238,40.68
41644,201,1511,49.68
41644,803,1330,43.68
41644,1113,1330,43.68
41644,1701,5894,193.68
38478,1817,1086,35.68
35384,1607,2394,78.68
12413,304,1391,45.68
12413,307,1391,45.68
12413,1014,5073,166.68
12413,1118,1391,45.68
12413,1801,3459,113.68
12413,1816,5529,181.68
41830,108,1115,36.68
41830,408,1633,53.68
41830,412,1572,51.68
41830,426,1177,38.68
41830,712,1572,51.68
41830,798,1937,63.68
41830,1616,1817,59.68
46451,305,1207,39.68
78113,698,2121,69.68
50357,208,1268,41.68
50357,305,1238,40.68
50357,498,2852,93.68
50357,604,1238,40.68
50357,1117,2272,74.68
50357,1798,3278,107.68
3900,304,1086,35.68
3900,1113,1086,35.68
3900,1216,1086,35.68
15204,304,1817,59.68
51119,411,872,28.68
51119,423,994,32.68
51119,426,994,32.68
51119,498,5073,166.68
51119,916,841,27.68
51119,1105,4374,143.68
51119,1110,4859,159.68
51119,1609,5163,169.68
51119,1616,5163,169.68
51119,1622,5163,169.68
51119,1801,5012,164.68
76620,305,1452,47.68
76620,1801,4647,152.68
13182,202,1086,35.68
13182,712,2547,83.68
13182,1112,1299,42.68
87837,713,994,32.68
87837,1605,841,27.68
99105,304,1542,50.68
99105,410,2760,90.68
99105,411,690,22.68
99105,432,780,25.68
99105,610,721,23.68
99105,809,2576,84.68
99105,1605,721,23.68
99105,1637,902,29.68
99105,1801,690,22.68
52645,203,3278,107.68
52645,423,1207,39.68
52645,1312,933,30.68
52645,1801,1055,34.68
52645,1810,2272,74.68
52645,1816,3156,103.68
98761,304,1480,48.68
98761,305,1480,48.68
98761,306,1480,48.68
98761,408,1238,40.68
71868,102,1238,40.68
71868,201,1207,39.68
71868,1113,1725,56.68
71868,1701,6899,226.68
71868,1804,7174,235.68
76033,198,1572,51.68
76033,202,4647,152.68
76033,205,1725,56.68
76033,398,1207,39.68
76033,504,1207,39.68
76033,898,3916,128.68
76033,1701,2272,74.68
76033,1801,933,30.68
90182,304,841,27.68
90182,426,1845,60.68
90182,504,1845,60.68
67135,415,3337,109.68
67135,426,2607,85.68
87716,713,994,32.68
87716,1801,841,27.68
87716,1812,1055,34.68
97223,304,811,26.68
71546,425,1268,41.68
71546,432,1330,43.68
71546,798,4282,140.68
71546,1617,5043,165.68
71546,1627,3886,127.68
71546,1698,1268,41.68
71546,1812,3186,104.68
71546,1815,3186,104.68
78323,713,1511,49.68
49242,1209,1421,46.68
49242,1617,1572,51.68
11030,1803,1725,56.68
11030,1817,1115,36.68
98215,307,721,23.68
98215,798,1086,35.68
98215,1111,721,23.68
98215,1701,5043,165.68
98215,1815,2060,67.68
5838,205,1299,42.68
5838,305,3521,115.68
5838,1105,1633,53.68
5838,1113,1115,36.68
69674,914,1756,57.68
69674,915,2121,69.68
87572,1806,1238,40.68
87572,1810,1238,40.68
87572,1816,1238,40.68
10645,707,1238,40.68
10645,1204,1115,36.68
10645,1216,1633,53.68
6911,102,1238,40.68
6911,304,2455,80.68
6911,305,2455,80.68
6911,708,4008,131.68
94837,423,841,27.68
94837,1098,1299,42.68
94837,1617,2302,75.68
58793,202,3306,108.68
58793,410,3306,108.68
58793,412,3306,108.68
58793,1898,1786,58.68
96685,1617,1786,58.68
92714,504,1360,44.68
92714,510,902,29.68
92714,598,1360,44.68
92714,1113,780,25.68
92714,1215,4008,131.68
92714,1817,1360,44.68
102404,405,964,31.68
102404,406,964,31.68
102404,612,964,31.68
12586,101,3398,111.68
12586,102,2668,87.68
12586,103,2668,87.68
12586,198,2668,87.68
12586,109,1330,43.68
12586,304,841,27.68
12586,305,1633,53.68
12586,1205,1603,52.68
12586,1803,2607,85.68
59707,405,1299,42.68
59707,1215,2972,97.68
59707,1627,2668,87.68
76180,304,1756,57.68
76180,305,1725,56.68
76180,804,3247,106.68
76180,1215,933,30.68
76180,1307,994,32.68
23254,116,1330,43.68
23254,202,4982,163.68
23254,205,1695,55.68
23254,426,4252,139.68
23254,1113,2425,79.68
23254,1810,4859,159.68
31433,202,5255,172.68
31433,304,1968,64.68
31433,398,1968,64.68
31433,602,933,30.68
31433,1113,1968,64.68
31433,1610,6351,208.68
4193,304,2029,66.68
4193,405,1725,56.68
4193,423,1725,56.68
4193,705,1480,48.68
4193,1117,2029,66.68
91151,510,2151,70.68
91151,707,2151,70.68
91151,1113,811,26.68
91151,1803,1633,53.68
87427,1215,1664,54.68
87427,1801,1025,33.68
2529,201,1572,51.68
2529,205,1572,51.68
2529,305,2882,94.68
2529,306,2882,94.68
2529,1812,4008,131.68
73177,101,1480,48.68
73177,201,1480,48.68
73177,305,994,32.68
73177,1216,1421,46.68
73177,1701,5132,168.68
73177,1817,5743,188.68
38813,202,1421,46.68
47195,304,2210,72.68
59053,1701,6259,205.68
80719,1701,1572,51.68
80719,1812,1207,39.68
83270,1617,1421,46.68
79020,1605,2852,93.68
13150,304,2486,81.68
13150,312,5408,177.68
13150,406,1115,36.68
13150,1216,1542,50.68
13150,1803,933,30.68
65327,304,1115,36.68
65327,305,1115,36.68
65327,432,1025,33.68
65327,504,964,31.68
65327,519,964,31.68
65327,1117,4068,133.68
65327,1801,1360,44.68
59455,1805,1115,36.68
100796,1622,933,30.68
100796,1701,1695,55.68
100796,1801,1756,57.68
100796,1802,902,29.68
83859,411,1664,54.68
83859,709,1695,55.68
66482,1701,2151,70.68
58060,102,1725,56.68
58060,915,964,31.68
58060,1214,1817,59.68
58060,1215,2486,81.68
58060,1803,994,32.68
66452,304,1421,46.68
66452,305,1421,46.68
35704,1117,1146,37.68
89631,705,1115,36.68
89631,1617,1480,48.68
90476,306,3337,109.68
90476,1898,3490,114.68
2868,714,841,27.68
2868,1118,872,28.68
2868,1619,3278,107.68
55437,1801,2455,80.68
81147,432,964,31.68
81147,809,1725,56.68
81147,1616,1725,56.68
81147,1709,2060,67.68
88810,426,3217,105.68
88810,809,1907,62.68
88810,1698,3551,116.68
88810,1801,3551,116.68
88810,1817,2821,92.68
63780,407,1452,47.68
63780,410,1086,35.68
63780,423,1480,48.68
63780,432,1330,43.68
34320,301,3186,104.68
34320,1801,2486,81.68
3379,305,994,32.68
3379,306,994,32.68
3379,915,1756,57.68
87630,426,2821,92.68
87630,708,872,28.68
87630,916,1452,47.68
87630,1617,3125,102.68
87630,1812,2121,69.68
46497,708,1025,33.68
46497,1117,1817,59.68
27505,426,902,29.68
27505,1609,3612,118.68
27505,1634,3612,118.68
5152,423,4252,139.68
5152,914,3064,100.68
5152,1801,872,28.68
78210,304,2638,86.68
78210,305,2638,86.68
78210,504,964,31.68
78210,1117,3217,105.68
78210,1617,1633,53.68
78210,1637,4099,134.68
45453,101,1998,65.68
45453,202,3794,124.68
45453,298,3794,124.68
45453,406,4433,145.68
45453,1801,2121,69.68
74802,1198,933,30.68
72418,1801,1756,57.68
97473,1817,872,28.68
81510,411,4555,149.68
81510,803,1360,44.68
81510,1198,1360,44.68
81510,1801,1725,56.68
103021,426,568,18.68
103021,432,690,22.68
103021,1106,933,30.68
103021,1112,933,30.68
103021,1113,933,30.68
27087,108,1452,47.68
27087,306,872,28.68
27087,713,3643,119.68
27087,914,841,27.68
27087,1801,3459,113.68
92612,198,1025,33.68
92612,202,1756,57.68
92612,298,1756,57.68
92612,304,1876,61.68
92612,398,1876,61.68
92612,404,964,31.68
92612,1815,964,31.68
92612,1902,1299,42.68
21716,204,841,27.68
21716,208,2090,68.68
21716,1602,841,27.68
21716,1816,3916,128.68
21716,1898,1817,59.68
65762,104,2090,68.68
65762,108,2090,68.68
65762,111,2090,68.68
65762,112,2090,68.68
65762,202,2090,68.68
65762,412,1268,41.68
65762,705,2029,66.68
65762,712,1268,41.68
65762,1703,1268,41.68
65107,1617,2151,70.68
37144,1105,2151,70.68
57778,202,1207,39.68
57778,1801,2516,82.68
57778,1810,1968,64.68
66105,1105,2547,83.68
66105,1898,2913,95.68
47418,1898,2607,85.68
20849,305,3247,106.68
20849,1113,2455,80.68
47697,425,2425,79.68
47697,1605,2425,79.68
47697,1630,2455,80.68
42134,202,902,29.68
42134,916,994,32.68
89474,305,4190,137.68
89474,411,2394,78.68
89474,423,2363,77.68
89474,426,2363,77.68
89474,504,2060,67.68
89474,705,1330,43.68
89474,1117,4190,137.68
89474,1215,3521,115.68
7592,198,964,31.68
7592,305,1207,39.68
7592,1209,964,31.68
7592,1637,5347,175.68
86937,1305,902,29.68
86937,1605,3217,105.68
31788,1801,3217,105.68
45833,1812,1360,44.68
20181,916,933,30.68
20181,1630,1725,56.68
100421,108,872,28.68
100421,1617,841,27.68
100421,1813,599,19.68
5278,1708,1817,59.68
81006,205,2913,95.68
81006,504,2913,95.68
81006,1617,2791,91.68
72643,306,1025,33.68
72643,708,3612,118.68
72643,1617,3643,119.68
72643,1703,2090,68.68
72643,1801,2029,66.68
14511,1298,4798,157.68
87456,304,2699,88.68
87456,432,2699,88.68
87456,1627,2699,88.68
91322,108,841,27.68
91322,498,933,30.68
75861,424,1299,42.68
75861,432,476,15.68
75861,498,1299,42.68
75861,713,1542,50.68
75861,1622,1391,45.68
75861,1634,599,19.68
75861,1637,1572,51.68
75861,1812,964,31.68
94526,412,780,25.68
225,305,1055,34.68
225,313,3551,116.68
225,498,3551,116.68
225,1117,3551,116.68
225,1810,3490,114.68
1459,713,4374,143.68
1459,916,933,30.68
14489,1701,933,30.68
12062,304,1146,37.68
12062,307,1146,37.68
83369,1616,1207,39.68
83369,1617,1207,39.68
95018,1111,780,25.68
95018,1637,1360,44.68
4219,304,933,30.68
4219,305,902,29.68
4219,423,1452,47.68
4219,1609,3094,101.68
48132,1706,2699,88.68
2713,306,1360,44.68
2713,1704,1876,61.68
69900,1703,933,30.68
68224,415,1391,45.68
68224,432,2425,79.68
68224,1616,2425,79.68
68224,1637,2425,79.68
92611,1812,1633,53.68
8690,1634,994,32.68
309,1617,1695,55.68
309,1637,994,32.68
3870,404,1845,60.68
3870,424,1845,60.68
3870,425,1845,60.68
3870,430,1845,60.68
29018,104,1330,43.68
29018,202,1330,43.68
29018,423,2455,80.68
29018,1117,2090,68.68
90783,304,1876,61.68
90783,306,2607,85.68
90783,914,872,28.68
90783,1111,2607,85.68
50734,1598,1968,64.68
50734,398,1998,65.68
50734,415,1238,40.68
50734,1108,1968,64.68
50734,1798,721,23.68
91966,108,841,27.68
91966,408,902,29.68
91966,1105,2333,76.68
91966,1898,2333,76.68
54854,112,2729,89.68
54854,1215,1268,41.68
20236,1617,1360,44.68
21253,916,1542,50.68
21253,1113,1542,50.68
21253,1801,1391,45.68
21253,1898,2486,81.68
85335,405,1360,44.68
85335,411,933,30.68
85335,1113,902,29.68
85335,1312,2029,66.68
6744,406,1603,52.68
6744,708,3733,122.68
6744,712,3733,122.68
6744,1627,2729,89.68
6744,1801,1330,43.68
97755,109,780,25.68
41093,410,4313,141.68
41093,423,4313,141.68
41093,426,4313,141.68
41093,1634,4829,158.68
41093,1805,2547,83.68
98484,202,2394,78.68
98484,405,2394,78.68
98484,406,2394,78.68
98484,412,2394,78.68
98484,421,2394,78.68
98484,423,2394,78.68
98484,424,2394,78.68
98484,1622,2638,86.68
98484,1634,2638,86.68
98484,1898,2182,71.68
58414,1101,1391,45.68
58414,1198,1391,45.68
58414,304,841,27.68
58414,1198,1391,45.68
90305,102,1480,48.68
90305,201,1480,48.68
90305,305,2210,72.68
90305,1113,964,31.68
64615,1802,1055,34.68
31085,1898,3337,109.68
90627,1119,1817,59.68
90627,1605,1907,62.68
90627,1614,1725,56.68
90627,1701,1542,50.68
29915,809,2638,86.68
29915,916,964,31.68
29915,1113,2607,85.68
82245,1704,964,31.68
58904,108,964,31.68
58904,712,2210,72.68
58904,1801,1725,56.68
60768,1605,1480,48.68
60768,1701,3612,118.68
60768,1904,1998,65.68
19923,203,1177,38.68
19923,1113,1177,38.68
19606,1614,3125,102.68
71306,405,1268,41.68
71306,1817,1025,33.68
1117,202,3551,116.68
1117,406,2821,92.68
1117,423,2821,92.68
1117,426,2821,92.68
1117,498,2821,92.68
43463,423,994,32.68
44031,423,1086,35.68
44031,1812,1542,50.68
31595,306,1025,33.68
31595,428,4068,133.68
31595,1113,2607,85.68
31595,1605,1299,42.68
31595,1898,3217,105.68
22076,430,2760,90.68
22076,1617,2729,89.68
22076,1627,1391,45.68
22076,1801,902,29.68
22076,1802,1968,64.68
22076,1898,2210,72.68
19145,1637,4374,143.68
72967,898,1845,60.68
47496,1815,1086,35.68
83411,304,933,30.68
83411,1106,933,30.68
83411,1113,933,30.68
83411,1119,933,30.68
39294,504,2182,71.68
39294,1802,2302,75.68
89163,202,1055,34.68
89163,304,1055,34.68
89163,305,1055,34.68
75124,102,1511,49.68
75124,198,1876,61.68
75124,426,2882,94.68
75124,1801,6443,211.68
60971,1817,933,30.68
30341,1105,1177,38.68
30341,1305,1268,41.68
30341,1704,5224,171.68
30341,1801,3521,115.68
93308,407,780,25.68
93308,705,1025,33.68
93308,1698,780,25.68
93308,1801,1633,53.68
67062,1617,1452,47.68
67062,1801,964,31.68
67062,1813,1603,52.68
68719,1113,1238,40.68
68719,1627,2729,89.68
2452,428,3125,102.68
2452,1804,5012,164.68
89646,1805,2363,77.68
94514,198,872,28.68
94514,916,1452,47.68
61269,430,1207,39.68
61269,705,1177,38.68
61269,1634,1207,39.68
83339,104,1572,51.68
83339,1113,1025,33.68
56685,1798,1603,52.68
11466,1812,933,30.68
18346,426,1756,57.68
18346,1605,1299,42.68
18346,1817,1845,60.68
74378,1216,1055,34.68
74378,1298,1055,34.68
74378,1619,4767,156.68
60724,803,1299,42.68
60724,1113,933,30.68
60724,1208,2394,78.68
60724,1627,6016,197.68
60724,1898,2607,85.68
67979,202,3551,116.68
67979,205,1725,56.68
67979,304,3186,104.68
67979,305,2455,80.68
67979,1798,3186,104.68
81095,198,3398,111.68
81095,1108,3398,111.68
81095,1110,2060,67.68
81095,1113,3398,111.68
11754,407,1146,37.68
11754,412,1055,34.68
10454,198,964,31.68
10454,398,841,27.68
10454,112,964,31.68
10454,298,1268,41.68
10454,1698,1268,41.68
10454,1813,933,30.68
8885,304,1299,42.68
8885,423,2060,67.68
82339,914,507,16.68
82339,916,537,17.68
35528,1112,1572,51.68
46398,104,3886,127.68
46398,205,933,30.68
46398,206,2060,67.68
46398,304,994,32.68
46398,305,2182,71.68
46398,407,1115,36.68
46398,412,4678,153.68
46398,1113,1207,39.68
46398,1898,2060,67.68
5020,415,1695,55.68
5020,1898,1177,38.68
98884,108,749,24.68
98884,705,537,17.68
13990,512,994,32.68
13990,1105,1725,56.68
48891,412,2729,89.68
96944,1619,3247,106.68
46578,101,964,31.68
46578,304,1511,49.68
46578,305,3247,106.68
46578,306,2607,85.68
46578,498,1086,35.68
46578,710,933,30.68
46578,1105,3337,109.68
46578,1617,2516,82.68
90676,1619,1664,54.68
90676,1801,1391,45.68
88071,1898,964,31.68
52033,108,1360,44.68
52033,708,6381,209.68
52033,709,6381,209.68
52033,1617,2455,80.68
52033,1813,1664,54.68
52033,1816,1725,56.68
52033,1898,2090,68.68
81439,415,2516,82.68
81439,1622,3368,110.68
81439,1634,3368,110.68
81439,1640,3368,110.68
81439,1798,902,29.68
81439,1898,933,30.68
10867,705,1115,36.68
93691,306,721,23.68
93691,1810,1664,54.68
90275,102,2090,68.68
90275,118,2060,67.68
90275,803,2791,91.68
90275,1626,2760,90.68
14475,304,1480,48.68
14475,410,1480,48.68
82286,428,2241,73.68
82286,504,994,32.68
82286,1117,3186,104.68
82286,1801,1268,41.68
2315,202,2516,82.68
36908,102,1876,61.68
36908,408,1391,45.68
36908,512,1086,35.68
36908,604,1968,64.68
89055,102,1025,33.68
89055,205,1025,33.68
89055,305,4982,163.68
89055,306,4617,151.68
89055,406,2516,82.68
89055,428,2121,69.68
89055,1106,2090,68.68
89055,1118,1360,44.68
47890,304,1299,42.68
47890,1619,9881,324.68
103347,1110,1299,42.68
16023,205,1055,34.68
16023,305,933,30.68
16023,408,4798,157.68
16023,410,5408,177.68
16023,411,5408,177.68
16023,809,872,28.68
16023,1312,1695,55.68
16023,1701,5408,177.68
51191,201,1725,56.68
51191,1118,1542,50.68
51191,1215,5804,190.68
30713,1627,1937,63.68
92723,305,1845,60.68
92723,705,1146,37.68
92723,1640,3033,99.68
5644,108,1268,41.68
5644,305,2060,67.68
5644,510,1268,41.68
5644,713,1268,41.68
5644,1113,1055,34.68
5644,1798,1268,41.68
5644,1801,4068,133.68
5644,1817,1968,64.68
96691,1605,1786,58.68
96691,1634,2363,77.68
4259,423,2121,69.68
4259,1113,1391,45.68
97567,304,1664,54.68
97567,305,1664,54.68
97567,311,5713,187.68
97567,426,5438,178.68
97567,598,1115,36.68
97567,1111,4829,158.68
97567,1307,1115,36.68
97567,1801,5408,177.68
97567,1803,1360,44.68
9446,102,1086,35.68
9446,304,1086,35.68
9446,307,1086,35.68
9446,410,4617,151.68
9446,708,4798,157.68
9446,1113,1086,35.68
86774,205,2852,93.68
86774,298,1725,56.68
86774,304,3916,128.68
86774,511,1876,61.68
86774,1113,2333,76.68
86774,1801,4282,140.68
9158,1801,811,26.68
78441,304,1603,52.68
78441,305,1603,52.68
78441,423,2394,78.68
78441,1198,2394,78.68
72325,306,1633,53.68
72325,426,1633,53.68
72325,915,1511,49.68
72325,1801,1572,51.68
86882,202,1055,34.68
86882,405,902,29.68
86882,1801,1115,36.68
86882,1807,1115,36.68
46928,1801,1633,53.68
40717,1812,1146,37.68
71383,304,1330,43.68
71383,1698,1025,33.68
99049,504,780,25.68
99049,504,780,25.68
13102,1605,3521,115.68
17061,1605,1238,40.68
87675,305,1756,57.68
87675,1111,1330,43.68
89690,198,872,28.68
89690,305,1055,34.68
89690,705,872,28.68
89690,708,3916,128.68
89690,1616,2060,67.68
89690,1698,3125,102.68
46297,112,2210,72.68
46297,1105,933,30.68
4308,304,1207,39.68
4308,406,964,31.68
4308,708,2455,80.68
4308,1627,2638,86.68
4308,1801,994,32.68
80087,304,964,31.68
80087,407,1025,33.68
80087,426,1025,33.68
80087,698,964,31.68
80087,898,902,29.68
4837,1001,1998,65.68
4837,407,1633,53.68
4837,408,1633,53.68
4837,426,1633,53.68
4837,498,1633,53.68
4837,1617,1845,60.68
4837,1801,1421,46.68
4837,1898,1907,62.68
93395,426,3459,113.68
93395,713,3247,106.68
103044,304,568,18.68
103044,423,599,19.68
45227,1198,1268,41.68
45227,1617,2333,76.68
45227,1710,1845,60.68
45227,1898,2699,88.68
13973,102,1603,52.68
13973,201,1845,60.68
13973,304,1511,49.68
13973,305,1511,49.68
13973,705,1725,56.68
78311,1215,2090,68.68
78311,1804,2151,70.68
26652,304,1725,56.68
26652,305,994,32.68
88298,1598,5498,180.68
88298,104,2607,85.68
88298,304,2972,97.68
88298,605,902,29.68
53851,108,1330,43.68
53851,405,872,28.68
53851,1630,2210,72.68
44741,102,1268,41.68
44741,202,872,28.68
44741,304,1268,41.68
44741,1627,3094,101.68
97726,1008,2516,82.68
97726,1098,2516,82.68
21081,429,1725,56.68
21081,510,1330,43.68
21081,511,1725,56.68
21081,1622,2941,96.68
76060,102,1025,33.68
76060,107,1876,61.68
76060,304,1876,61.68
76060,305,1086,35.68
76060,307,2241,73.68
76060,428,2241,73.68
76060,1118,1025,33.68
95762,1637,994,32.68
99308,102,780,25.68
58620,306,1391,45.68
73133,101,3886,127.68
73133,103,1115,36.68
73133,304,1695,55.68
73133,426,2182,71.68
73133,711,1115,36.68
73133,916,2425,79.68
73133,1113,2425,79.68
73133,1216,1511,49.68
87778,1701,2333,76.68
87778,1705,2029,66.68
39729,406,1603,52.68
39729,608,1480,48.68
39729,1113,1086,35.68
39729,1802,1633,53.68
96098,498,1025,33.68
96098,708,1695,55.68
96098,709,1695,55.68
96098,915,1391,45.68
96098,1012,1391,45.68
96098,1617,1695,55.68
96098,1801,690,22.68
44237,1607,1330,43.68
18486,109,1603,52.68
18486,306,4068,133.68
18486,714,1876,61.68
18486,915,4798,157.68
18486,1708,2882,94.68
18486,1798,2882,94.68
18486,1810,5438,178.68
42942,202,1817,59.68
42942,305,1664,54.68
42942,406,933,30.68
42942,414,933,30.68
42942,423,2913,95.68
42942,426,1725,56.68
42942,429,1756,57.68
42942,610,3582,117.68
42942,915,1086,35.68
42942,1310,2241,73.68
42942,1617,2791,91.68
49924,103,1360,44.68
49924,201,1207,39.68
49924,410,964,31.68
49924,426,2486,81.68
83714,305,1572,51.68
87340,705,964,31.68
87340,1619,1025,33.68
70488,205,933,30.68
70488,305,1177,38.68
70488,1113,1025,33.68
70488,1801,933,30.68
30042,705,1452,47.68
30042,719,1086,35.68
30042,1616,1664,54.68
30042,1622,1633,53.68
5670,410,1603,52.68
36453,428,568,18.68
36453,707,1695,55.68
36453,709,1907,62.68
36453,1801,2029,66.68
36453,1812,2455,80.68
50492,102,4190,137.68
50492,201,1572,51.68
50492,304,1268,41.68
50492,305,1268,41.68
50492,306,1268,41.68
50492,406,1786,58.68
50492,504,3947,129.68
50492,1215,4037,132.68
12688,305,1086,35.68
12688,398,1086,35.68
12688,428,1725,56.68
46837,1113,2972,97.68
31048,102,3003,98.68
31048,201,2241,73.68
31048,205,2607,85.68
31048,304,3247,106.68
31048,311,7324,240.68
31048,1117,7021,230.68
31048,1630,7021,230.68
67800,108,964,31.68
67800,712,2516,82.68
67800,1801,1055,34.68
90856,424,1177,38.68
90856,1637,1177,38.68
355,305,3977,130.68
355,306,3977,130.68
355,411,1725,56.68
355,432,933,30.68
355,1105,3947,129.68
85464,414,2425,79.68
85464,428,1542,50.68
85464,1601,1207,39.68
82201,202,1391,45.68
82201,411,1391,45.68
8104,410,933,30.68
8104,412,933,30.68
8104,504,3156,103.68
8104,1117,2060,67.68
8104,1701,3521,115.68
8104,1798,3156,103.68
8104,1812,2791,91.68
4523,423,1725,56.68
58474,410,1603,52.68
58474,423,1452,47.68
58474,1117,1268,41.68
32099,428,933,30.68
32099,607,994,32.68
32099,1106,933,30.68
62079,205,964,31.68
62079,1113,2455,80.68
90323,705,841,27.68
90323,1106,872,28.68
28579,305,1817,59.68
28579,306,1817,59.68
28579,1801,2852,93.68
11167,419,4129,135.68
11167,428,1360,44.68
11167,504,933,30.68
11167,1215,1452,47.68
11167,1605,4221,138.68
11167,1617,4221,138.68
11167,1812,4555,149.68
11167,1813,1998,65.68
11167,1909,4129,135.68
41376,426,1391,45.68
41376,1627,1268,41.68
100406,307,721,23.68
100406,1705,1695,55.68
68295,432,2821,92.68
68295,1801,1299,42.68
69780,704,1907,62.68
69780,1215,1299,42.68
69780,1804,964,31.68
8731,304,1480,48.68
8731,1110,3521,115.68
8731,1113,1511,49.68
8731,1601,994,32.68
8731,1813,1115,36.68
68571,202,2882,94.68
68571,298,2913,95.68
68571,426,1360,44.68
68571,705,2121,69.68
68571,713,1025,33.68
68571,809,1086,35.68
68571,914,1725,56.68
68571,1110,1786,58.68
82986,411,1086,35.68
82986,426,841,27.68
42663,202,2972,97.68
42663,305,1207,39.68
42663,306,1207,39.68
28707,202,1421,46.68
28707,426,964,31.68
94954,405,1360,44.68
94954,1298,1664,54.68
94954,1801,1177,38.68
94954,1812,1907,62.68
17771,1101,5316,174.68
17771,404,1480,48.68
17771,407,4555,149.68
65069,304,2607,85.68
65069,428,2576,84.68
11615,104,4433,145.68
11615,304,3582,117.68
11615,1105,2852,93.68
93286,706,1633,53.68
93286,1701,933,30.68
93286,1798,1268,41.68
1942,398,3855,126.68
1942,306,1845,60.68
1942,426,1330,43.68
1942,1617,1817,59.68
1942,1805,1238,40.68
95449,115,749,24.68
95449,406,964,31.68
95449,426,933,30.68
30502,102,1268,41.68
30502,201,1268,41.68
30502,305,1086,35.68
30502,1118,1268,41.68
74845,424,1025,33.68
74845,605,2425,79.68
74845,714,933,30.68
74845,1015,4859,159.68
74845,1407,964,31.68
74845,1805,5012,164.68
44326,304,1299,42.68
44326,307,1299,42.68
44326,504,964,31.68
44326,914,2821,92.68
44326,1117,4982,163.68
44326,1407,964,31.68
76593,198,1817,59.68
76593,410,2333,76.68
76593,411,2333,76.68
76593,498,2333,76.68
76593,712,2333,76.68
76593,713,2760,90.68
76593,1110,1633,53.68
76593,1805,2638,86.68
22054,406,2821,92.68
22054,412,2210,72.68
22054,423,2210,72.68
22054,426,2210,72.68
79165,908,1025,33.68
79165,915,1025,33.68
27209,306,4586,150.68
27209,1113,933,30.68
34551,1598,1480,48.68
34551,1111,1480,48.68
31603,202,902,29.68
31603,498,1360,44.68
31603,1605,2151,70.68
31603,1609,902,29.68
31603,1617,2151,70.68
31603,1798,1572,51.68
31603,1898,964,31.68
25167,203,1025,33.68
12888,914,994,32.68
12888,1804,3886,127.68
12888,1810,3886,127.68
99375,102,690,22.68
99375,115,690,22.68
99375,432,599,19.68
99375,498,599,19.68
99375,1609,964,31.68
95204,311,964,31.68
95204,1617,994,32.68
32581,108,1907,62.68
32581,307,902,29.68
32581,1605,1480,48.68
32581,1698,1391,45.68
32581,1898,1238,40.68
5367,1708,2882,94.68
54014,116,2882,94.68
54014,202,3521,115.68
87392,305,537,17.68
87392,410,964,31.68
8925,305,1207,39.68
8925,306,1207,39.68
8925,426,3977,130.68
8925,1605,4313,141.68
86289,798,2638,86.68
86289,1118,1330,43.68
93204,305,3247,106.68
93204,311,3247,106.68
93204,1705,3217,105.68
27199,1609,1299,42.68
27199,1622,1299,42.68
27199,1634,1299,42.68
27199,1640,1299,42.68
69305,202,1756,57.68
69305,412,1360,44.68
69305,712,1817,59.68
6031,101,1360,44.68
6031,106,1360,44.68
6031,712,1238,40.68
8584,305,2241,73.68
8584,307,2210,72.68
8584,504,1480,48.68
61474,1598,2729,89.68
61474,305,1876,61.68
61474,1312,1817,59.68
12112,305,2363,77.68
12112,428,2972,97.68
12112,709,1238,40.68
12112,714,3855,126.68
12112,809,1238,40.68
12112,914,1756,57.68
12112,1601,3916,128.68
77064,304,1603,52.68
77064,714,1603,52.68
77064,1113,1330,43.68
77064,1601,1330,43.68
77064,1605,3459,113.68
77064,1627,3459,113.68
76185,305,2516,82.68
4355,107,3947,129.68
4355,311,4068,133.68
4355,426,1055,34.68
4355,1113,1238,40.68
4355,1117,902,29.68
4355,1637,2821,92.68
36742,398,841,27.68
36742,1098,1055,34.68
36742,1798,1603,52.68
36742,1898,1756,57.68
80221,1637,2302,75.68
80221,1801,1268,41.68
80221,1810,1695,55.68
80221,1811,1968,64.68
88241,198,2060,67.68
88241,298,1511,49.68
88241,398,1907,62.68
88241,421,2060,67.68
88241,798,1299,42.68
88241,1098,1907,62.68
88241,1117,1725,56.68
88241,1698,2029,66.68
87563,104,1725,56.68
87563,412,2821,92.68
87563,1198,1998,65.68
49439,108,964,31.68
49439,205,964,31.68
49439,305,1725,56.68
49439,406,1146,37.68
49439,407,1876,61.68
49439,412,1876,61.68
49439,426,4798,157.68
49439,605,1146,37.68
49439,705,4374,143.68
49439,708,1725,56.68
49439,712,1725,56.68
49439,809,1511,49.68
49439,1305,1725,56.68
49439,1312,1725,56.68
49439,1703,4798,157.68
49439,1803,1876,61.68
49439,1817,1725,56.68
11297,313,1786,58.68
44148,305,1511,49.68
44148,306,1845,60.68
44148,411,1633,53.68
44148,426,3459,113.68
44148,1710,1115,36.68
44148,1803,1086,35.68
28241,307,1330,43.68
28241,1798,2821,92.68
90308,208,1725,56.68
90308,304,1845,60.68
90308,305,2425,79.68
90308,311,4920,161.68
90308,602,902,29.68
90308,1117,1025,33.68
90308,1119,902,29.68
90308,1803,902,29.68
90308,1898,1025,33.68
90618,709,872,28.68
90618,798,872,28.68
92848,305,2516,82.68
92848,1111,1968,64.68
92848,1605,2486,81.68
55049,511,3947,129.68
55049,512,3947,129.68
55049,908,1360,44.68
25281,202,2972,97.68
25281,405,3702,121.68
25281,410,3702,121.68
25281,426,3702,121.68
25281,1605,5894,193.68
25281,1703,1756,57.68
50715,102,2760,90.68
50715,201,2576,84.68
50715,304,2821,92.68
50715,305,2821,92.68
50715,602,2760,90.68
50715,803,2241,73.68
50715,1205,2090,68.68
50715,1803,1238,40.68
99872,1630,3003,98.68
1019,914,1360,44.68
1019,1601,4282,140.68
1019,1605,2486,81.68
1019,1617,4586,150.68
37481,428,2821,92.68
37481,1605,2941,96.68
2451,304,1025,33.68
15666,305,3217,105.68
15666,504,3916,128.68
15666,1810,4313,141.68
82523,504,3916,128.68
82523,102,994,32.68
82523,423,1360,44.68
82523,504,3916,128.68
82523,705,994,32.68
82523,1117,7204,236.68
88639,306,2455,80.68
88639,1701,933,30.68
88639,1798,2090,68.68
60013,412,3702,121.68
90611,1619,1238,40.68
95095,406,5043,165.68
95095,612,1511,49.68
53168,305,902,29.68
23552,306,2547,83.68
23552,1113,1725,56.68
23552,1812,2760,90.68
48318,305,3733,122.68
48318,504,3702,121.68
48318,809,2972,97.68
48318,1805,4433,145.68
29042,1105,1633,53.68
86689,102,1756,57.68
86689,198,1391,45.68
86689,201,2151,70.68
86689,202,3977,130.68
86689,304,1421,46.68
86689,306,1421,46.68
86689,698,2151,70.68
86689,1113,2516,82.68
55581,423,1146,37.68
55581,1013,1603,52.68
55581,1609,2363,77.68
55581,1617,2363,77.68
55581,1812,1452,47.68
95125,504,1025,33.68
62646,1113,1086,35.68
62646,1813,933,30.68
36960,202,2882,94.68
36960,426,2791,91.68
36960,708,2882,94.68
36960,1105,1452,47.68
36960,1617,2913,95.68
36960,1816,2607,85.68
85565,1113,1725,56.68
85565,1617,1299,42.68
150,114,1360,44.68
150,304,4647,152.68
150,305,4647,152.68
150,306,4647,152.68
150,504,2821,92.68
150,1617,3916,128.68
38444,304,2333,76.68
38444,305,2333,76.68
101094,101,2516,82.68
101094,102,1391,45.68
101094,101,2516,82.68
101094,102,1786,58.68
101094,612,1452,47.68
101094,1619,599,19.68
20277,202,2760,90.68
20277,1312,2121,69.68
20277,1817,1817,59.68
29950,403,3490,114.68
29950,704,3490,114.68
29950,1001,3306,108.68
29950,304,2941,96.68
29950,305,2394,78.68
29950,306,2394,78.68
29950,708,2882,94.68
29950,1812,2972,97.68
77313,1801,1480,48.68
24154,1637,4008,131.68
24154,1810,2394,78.68
87129,502,2121,69.68
87129,1198,1421,46.68
87129,598,2121,69.68
87129,1117,1421,46.68
87129,1798,1086,35.68
47419,108,1177,38.68
47419,202,1025,33.68
47419,404,1299,42.68
47419,423,1025,33.68
47419,705,933,30.68
47419,916,933,30.68
47419,1705,1268,41.68
47419,1903,933,30.68
9185,1111,1603,52.68
9185,1701,1542,50.68
82768,411,933,30.68
82768,916,964,31.68
82768,1609,964,31.68
82768,1617,964,31.68
92401,304,1146,37.68
92401,305,1391,45.68
92401,311,4313,141.68
92401,313,4313,141.68
92401,1106,1968,64.68
92401,1108,1968,64.68
16173,409,1633,53.68
16173,1305,1633,53.68
16173,1601,3824,125.68
16173,1627,4647,152.68
16173,1902,1633,53.68
15723,432,1177,38.68
15723,1627,1299,42.68
15723,1708,2029,66.68
15723,1813,1511,49.68
15723,1817,1633,53.68
80908,304,1055,34.68
80908,306,1055,34.68
80908,1605,2241,73.68
80908,1617,2241,73.68
80908,1622,2241,73.68
80908,1634,2241,73.68
80908,1637,1876,61.68
80908,1640,1876,61.68
32480,311,1025,33.68
37165,405,1055,34.68
37165,1804,1421,46.68
37165,1817,933,30.68
27756,311,1907,62.68
27756,1798,1421,46.68
27756,1801,2210,72.68
27756,1807,2210,72.68
27756,1816,2210,72.68
86962,698,964,31.68
86962,915,2029,66.68
86962,1106,964,31.68
86962,1113,2029,66.68
86962,1701,902,29.68
86962,1801,933,30.68
85127,201,1299,42.68
85127,205,1299,42.68
85127,304,3429,112.68
85127,307,3429,112.68
85127,504,2699,88.68
85127,898,1725,56.68
85127,1619,3794,124.68
85127,1816,872,28.68
40204,202,902,29.68
40204,708,933,30.68
76332,405,3702,121.68
76332,426,3702,121.68
76332,504,1055,34.68
76332,511,933,30.68
76332,512,933,30.68
76332,514,1055,34.68
76332,1801,4343,142.68
38130,412,2668,87.68
97951,305,964,31.68
97951,306,994,32.68
97951,709,1572,51.68
97951,713,2272,74.68
97951,1622,994,32.68
97951,1630,2302,75.68
62025,404,1907,62.68
62025,1709,1756,57.68
62025,1801,1907,62.68
81308,304,1968,64.68
81308,424,1817,59.68
81308,1110,2576,84.68
81308,1898,902,29.68
18457,304,1055,34.68
18457,1704,1421,46.68
35460,1627,1876,61.68
88273,298,1421,46.68
88273,304,1968,64.68
88273,305,1968,64.68
88273,612,1421,46.68
88273,1622,1421,46.68
67234,1798,994,32.68
62097,705,1177,38.68
62097,1634,1511,49.68
28559,202,1177,38.68
28559,1898,1299,42.68
103422,304,476,15.68
103422,305,4313,141.68
103422,916,476,15.68
81185,104,1086,35.68
81185,406,1756,57.68
81185,705,4221,138.68
86001,202,1055,34.68
86001,717,902,29.68
86001,718,902,29.68
86001,720,902,29.68
9271,304,1115,36.68
87787,305,2486,81.68
87787,306,2486,81.68
87787,1801,2791,91.68
87787,1812,2791,91.68
87787,1817,902,29.68
81209,713,2272,74.68
81209,1701,2272,74.68
86236,305,3824,125.68
86236,310,4920,161.68
86236,430,4374,143.68
86236,504,1086,35.68
86236,1617,4920,161.68
18609,1801,2547,83.68
18609,1817,1786,58.68
80427,1108,1207,39.68
37957,102,994,32.68
37957,116,2151,70.68
37957,205,1572,51.68
37957,424,2760,90.68
37957,1803,2852,93.68
72498,307,690,22.68
72498,1619,4525,148.68
72498,1798,3278,107.68
40871,398,3186,104.68
40871,1617,1695,55.68
40871,1898,3217,105.68
91649,202,1055,34.68
78101,405,1876,61.68
78101,1709,902,29.68
78101,1801,811,26.68
58355,304,1330,43.68
58355,305,1330,43.68
58355,1802,1299,42.68
22694,304,2210,72.68
22694,305,1115,36.68
22694,398,1756,57.68
22694,404,1937,63.68
22694,414,1330,43.68
22694,809,2913,95.68
22694,1106,1633,53.68
22694,1111,1633,53.68
22694,1113,1633,53.68
72382,305,3551,116.68
72382,1609,5163,169.68
72382,1617,5163,169.68
28423,1113,1845,60.68
98298,304,568,18.68
98298,305,1238,40.68
98298,1801,1421,46.68
49890,432,1238,40.68
49890,714,4402,144.68
49890,1617,4464,146.68
49890,1810,1542,50.68
23253,306,3916,128.68
23253,1637,5073,166.68
23253,1798,4647,152.68
23253,1801,5347,175.68
61511,304,933,30.68
61511,306,933,30.68
61511,1801,2090,68.68
31887,1111,1572,51.68
38056,411,2455,80.68
38056,423,3733,122.68
38056,426,3582,117.68
38056,1817,1695,55.68
97238,304,780,25.68
97238,1106,1025,33.68
97238,1627,2302,75.68
657,407,2607,85.68
657,408,2607,85.68
657,426,2607,85.68
14662,306,3398,111.68
14662,1605,2913,95.68
77249,1617,1421,46.68
64518,198,841,27.68
64518,304,1876,61.68
64518,1113,1876,61.68
39480,914,1146,37.68
98745,426,872,28.68
98745,1634,1695,55.68
98745,1898,872,28.68
20412,498,1452,47.68
20412,107,1268,41.68
62652,108,1756,57.68
62652,304,1238,40.68
62652,411,2547,83.68
62652,424,2516,82.68
62652,432,2547,83.68
62652,705,1146,37.68
62652,1616,2547,83.68
62652,1622,2547,83.68
62652,1637,2547,83.68
62652,1698,2547,83.68
97829,398,1572,51.68
97829,313,1572,51.68
56946,202,841,27.68
56946,426,1664,54.68
56946,1798,1115,36.68
6621,109,902,29.68
6621,304,1146,37.68
6621,305,1268,41.68
6621,809,1115,36.68
17237,1801,3916,128.68
17237,1802,3064,100.68
17237,1811,3916,128.68
17237,1898,1998,65.68
2256,198,3033,99.68
2256,1113,1542,50.68
2256,1622,4433,145.68
2256,1801,4555,149.68
2256,1812,4037,132.68
2256,1817,902,29.68
13657,916,1633,53.68
13657,1705,1360,44.68
13657,1817,1480,48.68
54338,798,994,32.68
36083,108,2821,92.68
36083,205,994,32.68
36083,304,1695,55.68
36083,405,2302,75.68
36083,411,1391,45.68
36083,1106,1025,33.68
36083,1612,933,30.68
36083,1637,3733,122.68
36083,1801,1756,57.68
36083,1816,2090,68.68
36083,1898,1391,45.68
21114,116,1330,43.68
21114,304,1391,45.68
21114,1804,3763,123.68
69153,713,2090,68.68
69153,1617,1725,56.68
69153,1634,2090,68.68
51462,407,2607,85.68
32417,304,1633,53.68
32417,305,1633,53.68
32417,914,994,32.68
32417,1111,2760,90.68
27995,304,933,30.68
27995,504,2363,77.68
27995,1609,3156,103.68
27995,1801,1633,53.68
10365,1198,4343,142.68
10365,313,4374,143.68
10365,404,1391,45.68
10365,411,4343,142.68
10365,432,1360,44.68
10365,1110,4343,142.68
10365,1112,3094,101.68
10365,1637,4252,139.68
10365,1801,2760,90.68
10365,1803,4374,143.68
61181,412,2182,71.68
61181,1817,1725,56.68
72634,202,933,30.68
72634,504,1299,42.68
43858,101,1299,42.68
43858,102,1146,37.68
43858,103,1146,37.68
43858,109,2913,95.68
43858,201,2607,85.68
43858,304,2547,83.68
43858,305,3003,98.68
43858,410,5104,167.68
43858,601,1633,53.68
43858,916,902,29.68
43858,1205,1511,49.68
43858,1216,1421,46.68
75465,708,1238,40.68
75465,1617,1725,56.68
76211,205,1268,41.68
76211,504,1330,43.68
76211,510,902,29.68
76211,1113,1695,55.68
76211,1616,4798,157.68
76211,1617,4068,133.68
76211,1622,4798,157.68
76211,1812,4798,157.68
48170,809,2607,85.68
48170,1616,2941,96.68
54586,505,5774,189.68
54586,407,1086,35.68
54586,428,841,27.68
54586,504,5377,176.68
54586,708,5408,177.68
54586,898,2241,73.68
54586,1698,4282,140.68
54586,1903,2241,73.68
88431,504,1633,53.68
88431,1634,1360,44.68
24175,198,2210,72.68
24175,207,4767,156.68
24175,304,1572,51.68
24175,305,1572,51.68
24175,410,5863,192.68
24175,411,5863,192.68
24175,415,5498,180.68
24175,423,5498,180.68
24175,428,1845,60.68
24175,612,5132,168.68
24175,1111,2090,68.68
72662,104,1421,46.68
72662,304,1086,35.68
72662,307,1086,35.68
55975,1605,1817,59.68
69107,412,1146,37.68
709,202,872,28.68
709,1118,2060,67.68
8307,102,1207,39.68
8307,306,2090,68.68
8307,428,1542,50.68
8307,1701,3733,122.68
8307,1703,902,29.68
8307,1801,5347,175.68
8307,1803,5529,181.68
102318,108,690,22.68
102318,202,872,28.68
102318,305,1603,52.68
102318,412,690,22.68
102318,708,2576,84.68
102318,712,2363,77.68
102318,1112,994,32.68
102318,1617,1511,49.68
102318,1817,1177,38.68
28648,504,3763,123.68
28648,498,2425,79.68
72754,412,1907,62.68
72754,426,1907,62.68
72754,1115,1421,46.68
67225,102,1146,37.68
67225,304,3612,118.68
67225,305,3337,109.68
67225,705,3702,121.68
67225,1113,1360,44.68
67225,1898,1207,39.68
94674,404,841,27.68
94674,411,5043,165.68
94674,426,5743,188.68
94674,428,2241,73.68
94674,432,2090,68.68
94674,915,933,30.68
94674,1111,3490,114.68
94674,1113,2972,97.68
94674,1210,3490,114.68
94674,1212,3582,117.68
94674,1617,4221,138.68
94674,1637,4555,149.68
94674,1701,4037,132.68
94674,1801,4890,160.68
94674,1810,3582,117.68
94674,1812,2363,77.68
94674,1816,811,26.68
94674,1817,2913,95.68
59894,406,1299,42.68
59894,423,629,20.68
59894,1105,1845,60.68
94485,498,1086,35.68
94485,1617,1146,37.68
94485,1816,1177,38.68
75254,415,1876,61.68
92869,1598,4313,141.68
92869,798,994,32.68
92869,1110,4313,141.68
92869,1998,994,32.68
85556,398,3702,121.68
17818,1598,4647,152.68
17818,202,4099,134.68
17818,915,3612,118.68
17818,1609,1086,35.68
15091,305,933,30.68
15091,309,933,30.68
15091,1111,3186,104.68
15091,1703,933,30.68
88292,102,1086,35.68
88292,306,2913,95.68
88292,1801,5498,180.68
5373,109,1391,45.68
5373,305,1511,49.68
5373,306,1876,61.68
5373,911,2241,73.68
5373,1617,1695,55.68
5373,1701,5132,168.68
5373,1709,4678,153.68
85475,411,2272,74.68
85475,598,1177,38.68
85475,1215,1511,49.68
85475,1637,2333,76.68
85475,1813,2302,75.68
85475,1815,3186,104.68
85475,1902,3186,104.68
58054,116,1480,48.68
58054,305,1695,55.68
58054,307,4008,131.68
58054,428,4008,131.68
58054,504,1845,60.68
58054,712,1786,58.68
58054,916,1786,58.68
58054,1112,872,28.68
58054,1305,872,28.68
58054,1705,4767,156.68
1495,202,4068,133.68
1495,205,2241,73.68
1495,298,3886,127.68
1495,304,4068,133.68
1495,428,3217,105.68
1495,1108,2394,78.68
1495,1116,5560,182.68
1495,1312,1725,56.68
1495,1698,5529,181.68
1495,1710,2821,92.68
1495,1801,4586,150.68
59704,205,1055,34.68
59704,307,1756,57.68
59704,809,1633,53.68
100896,1619,2791,91.68
92528,406,1360,44.68
92528,415,1876,61.68
92528,1110,3490,114.68
92528,1622,3763,123.68
92528,1634,3763,123.68
92528,1637,3763,123.68
92528,1701,1542,50.68
92528,1704,3094,101.68
39162,198,1025,33.68
39162,410,1146,37.68
39162,411,1146,37.68
39162,423,1146,37.68
39162,426,1146,37.68
39162,1216,1238,40.68
39162,1898,1025,33.68
5218,304,841,27.68
5218,305,1115,36.68
5218,428,2607,85.68
5218,1111,3337,109.68
5218,1701,4708,154.68
5218,1798,4374,143.68
5218,1812,5377,176.68
92664,710,994,32.68
92664,1616,1115,36.68
26466,1614,872,28.68
94187,504,1360,44.68
94187,602,1360,44.68
94187,1001,1360,44.68
94187,304,1360,44.68
94187,504,1360,44.68
94187,602,1360,44.68
94187,612,1360,44.68
94187,710,749,24.68
81114,306,2333,76.68
81114,916,2302,75.68
81114,1112,2547,83.68
81114,1616,2333,76.68
81114,1622,2333,76.68
66281,504,1421,46.68
66281,708,933,30.68
86698,1801,3368,110.68
86698,1815,3947,129.68
3553,304,4739,155.68
3553,305,4739,155.68
3553,512,2699,88.68
3553,809,2060,67.68
3553,1012,2121,69.68
3553,1117,3278,107.68
3553,1801,5012,164.68
3553,1803,4190,137.68
87166,114,1786,58.68
87166,305,3702,121.68
87166,428,2241,73.68
87166,915,4617,151.68
80140,304,1633,53.68
80140,305,1633,53.68
83517,202,1268,41.68
83517,304,1299,42.68
83517,405,1299,42.68
83517,410,1299,42.68
83517,426,1299,42.68
83517,1619,1511,49.68
83517,1811,1025,33.68
93839,203,4129,135.68
93839,708,811,26.68
93839,914,2333,76.68
93839,1815,933,30.68
55053,425,3125,102.68
55053,1801,2941,96.68
55053,1898,2547,83.68
52766,403,2972,97.68
52766,411,2363,77.68
52766,412,2913,95.68
52766,428,1633,53.68
52766,712,2913,95.68
52766,714,2882,94.68
52766,1117,1998,65.68
52766,1605,2852,93.68
52766,1609,2760,90.68
52766,1616,3125,102.68
52766,1617,2760,90.68
21861,411,4586,150.68
21861,432,4586,150.68
83101,298,1725,56.68
83101,504,4647,152.68
83101,602,1725,56.68
83101,708,2090,68.68
83101,1801,2821,92.68
90688,1798,1115,36.68
89359,102,2455,80.68
89359,201,1268,41.68
89359,202,841,27.68
89359,304,841,27.68
89359,305,841,27.68
89359,306,4647,152.68
89359,426,3916,128.68
89359,504,6290,206.68
89359,713,1695,55.68
89359,1205,902,29.68
89359,1701,6290,206.68
94968,304,2882,94.68
94968,305,902,29.68
94968,306,902,29.68
94968,405,2913,95.68
94968,415,1055,34.68
40650,809,4586,150.68
40650,1105,2182,71.68
40650,1106,1786,58.68
40650,1801,4586,150.68
40650,1898,2182,71.68
24771,108,994,32.68
24771,305,1421,46.68
24771,406,4282,140.68
24771,1105,3947,129.68
79257,915,3217,105.68
79257,1105,3156,103.68
79257,1305,841,27.68
79257,1614,3217,105.68
2201,1617,1695,55.68
9735,426,2029,66.68
9735,715,933,30.68
9735,915,2029,66.68
9735,1105,1998,65.68
12519,306,1238,40.68
12519,406,1238,40.68
12519,414,1480,48.68
12519,708,933,30.68
12519,1112,2607,85.68
12519,1634,2760,90.68
59933,426,1998,65.68
59933,1105,2576,84.68
7788,298,902,29.68
7788,1614,902,29.68
69405,104,1756,57.68
69405,109,3855,126.68
69405,304,2791,91.68
69405,798,1299,42.68
49749,426,1421,46.68
49749,798,933,30.68
36717,304,1025,33.68
36717,709,1452,47.68
36717,1198,1968,64.68
36717,1701,1452,47.68
20633,304,1025,33.68
20633,305,1025,33.68
20633,908,2241,73.68
20633,1205,1876,61.68
20633,1817,1725,56.68
75058,1605,994,32.68
75058,1801,1330,43.68
42678,202,1876,61.68
42678,423,1725,56.68
10051,424,964,31.68
10051,426,964,31.68
10051,428,964,31.68
10051,1013,933,30.68
61128,202,994,32.68
61128,1703,1421,46.68
76524,304,1299,42.68
76524,708,1817,59.68
76524,1212,2151,70.68
76524,1622,1115,36.68
76524,1634,1115,36.68
76524,1898,2272,74.68
72090,1701,964,31.68
85878,498,1055,34.68
85878,1798,994,32.68
41621,304,933,30.68
41621,709,3278,107.68
41621,711,1452,47.68
41621,712,3278,107.68
41621,1801,3886,127.68
61810,1101,5104,167.68
61810,1198,5104,167.68
72669,304,1146,37.68
72669,432,1025,33.68
72669,1605,1664,54.68
72669,1812,2121,69.68
72669,1898,2547,83.68
60982,1312,3337,109.68
97533,1805,749,24.68
94861,1605,902,29.68
17563,115,2607,85.68
17563,305,2394,78.68
17563,306,2394,78.68
17563,398,2394,78.68
17563,406,2394,78.68
17563,410,2394,78.68
17563,411,2394,78.68
17563,428,2394,78.68
17563,430,2394,78.68
17563,432,2394,78.68
17563,1616,2394,78.68
17563,1627,2394,78.68
17563,1801,2607,85.68
17563,1810,2607,85.68
64388,421,1055,34.68
64388,714,2363,77.68
64388,1813,902,29.68
91090,405,994,32.68
91090,1113,1511,49.68
72598,1106,1025,33.68
1452,202,964,31.68
1452,306,1025,33.68
1452,426,1055,34.68
1452,428,1876,61.68
1452,1110,5104,167.68
92485,707,2029,66.68
87929,304,1603,52.68
87929,305,3247,106.68
87929,705,2760,90.68
87929,714,3977,130.68
87929,1105,1055,34.68
87929,1110,1146,37.68
87929,1113,1146,37.68
87929,1605,2547,83.68
18253,305,3125,102.68
95636,202,5194,170.68
95636,304,2241,73.68
95636,305,2241,73.68
95686,208,721,23.68
95686,1634,749,24.68
7957,202,1421,46.68
7957,1704,1360,44.68
21355,202,1146,37.68
21355,304,933,30.68
21355,809,1207,39.68
21355,1105,2576,84.68
21355,1804,2576,84.68
64341,104,1207,39.68
64341,1605,1360,44.68
51789,906,1238,40.68
51789,1605,1360,44.68
51789,1704,1238,40.68
31644,1111,1086,35.68
31644,1630,5986,196.68
3511,306,1511,49.68
3511,1627,1177,38.68
3511,1634,1542,50.68
57915,304,1480,48.68
57915,305,1480,48.68
57915,415,872,28.68
52202,798,2576,84.68
52202,1605,2363,77.68
63046,305,1086,35.68
24970,298,1480,48.68
24970,1798,2699,88.68
3092,1812,1330,43.68
11897,305,964,31.68
11897,809,1360,44.68
56739,304,2182,71.68
56739,305,2182,71.68
56739,1112,2972,97.68
56739,1813,4221,138.68
54547,201,1146,37.68
54547,304,1664,54.68
54547,305,1664,54.68
54547,908,1238,40.68
54547,915,1360,44.68
54547,916,902,29.68
96490,101,3217,105.68
96490,412,1756,57.68
96490,1105,1756,57.68
96490,1898,3247,106.68
45216,304,1845,60.68
45216,305,1845,60.68
45216,307,1845,60.68
45216,414,1756,57.68
45216,426,1756,57.68
45216,915,4160,136.68
45216,1701,4160,136.68
45216,1703,2547,83.68
45216,1704,1786,58.68
45216,1801,2090,68.68
46180,205,1421,46.68
46180,514,1452,47.68
46180,1108,4739,155.68
46180,1110,4890,160.68
46180,1113,2852,93.68
102218,108,1086,35.68
102218,117,3094,101.68
60419,205,1238,40.68
60419,304,1391,45.68
60419,305,2516,82.68
60419,306,2516,82.68
60419,307,1391,45.68
60419,512,994,32.68
60419,1106,994,32.68
60419,1112,994,32.68
60419,1118,1725,56.68
60419,1627,1086,35.68
90837,1627,902,29.68
30021,1813,1025,33.68
93844,713,1572,51.68
93844,1633,3855,126.68
62118,405,2333,76.68
62118,1617,2425,79.68
62118,1627,2425,79.68
62118,1817,1086,35.68
26912,202,1360,44.68
26912,406,1268,41.68
26912,1105,1268,41.68
61380,511,964,31.68
65133,408,1330,43.68
65133,1898,2090,68.68
1486,202,2394,78.68
1486,426,2729,89.68
54856,498,933,30.68
87315,398,3337,109.68
87315,423,2060,67.68
87315,1117,872,28.68
87315,1637,3916,128.68
50929,1617,1299,42.68
32441,426,1330,43.68
32441,798,1603,52.68
86727,412,841,27.68
86727,1637,841,27.68
86727,1640,841,27.68
41582,504,1480,48.68
41582,1898,1511,49.68
30246,107,2607,85.68
30246,298,964,31.68
30246,305,1055,34.68
30246,1801,902,29.68
13354,102,1299,42.68
13354,116,1299,42.68
13354,198,1299,42.68
13354,207,1330,43.68
13354,208,1330,43.68
13354,298,1299,42.68
13354,304,4068,133.68
13354,602,933,30.68
13354,606,1330,43.68
13354,698,933,30.68
13354,1215,1238,40.68
77933,1106,994,32.68
42694,1598,5104,167.68
42694,112,4313,141.68
42694,202,5043,165.68
42694,305,690,22.68
42694,412,5012,164.68
42694,1007,3125,102.68
88820,304,994,32.68
88820,305,994,32.68
88820,809,1786,58.68
88820,1198,2576,84.68
88820,1312,2302,75.68
88820,1801,1998,65.68
68210,398,3337,109.68
68210,1312,2852,93.68
57171,1708,1055,34.68
84925,202,1756,57.68
84925,405,1756,57.68
37447,1598,5163,169.68
37447,104,2852,93.68
37447,304,1268,41.68
37447,405,4494,147.68
37447,426,4647,152.68
37447,498,2941,96.68
37447,612,2699,88.68
37447,809,2882,94.68
37447,1106,3186,104.68
37447,1112,841,27.68
37447,1117,4859,159.68
37447,1701,1086,35.68
37447,1703,1115,36.68
37447,1812,1025,33.68
92068,704,4951,162.68
92068,1113,1299,42.68
92068,1802,2882,94.68
92068,1817,4951,162.68
12714,705,1452,47.68
9458,306,994,32.68
9458,432,2791,91.68
9458,809,3033,99.68
9458,1105,1421,46.68
9458,1113,2121,69.68
9458,1617,1330,43.68
9458,1634,4708,154.68
9458,1804,4313,141.68
9458,1898,1452,47.68
89134,1634,1086,35.68
89134,1801,872,28.68
73045,432,1299,42.68
73045,1110,2363,77.68
16222,426,1086,35.68
57525,312,994,32.68
57525,498,1603,52.68
57525,1617,1725,56.68
57525,1637,1845,60.68
57525,1998,1603,52.68
82611,304,2821,92.68
82611,305,2821,92.68
17922,1622,841,27.68
61794,304,1452,47.68
61794,306,1452,47.68
61794,1637,1055,34.68
61794,1801,1268,41.68
61794,1817,964,31.68
15540,201,1238,40.68
15540,426,1725,56.68
15540,1801,1542,50.68
13824,116,1025,33.68
13824,304,1268,41.68
13824,305,1633,53.68
71270,107,3916,128.68
71270,205,1268,41.68
71270,498,841,27.68
71270,1637,4252,139.68
88799,102,5073,166.68
88799,101,1603,52.68
88799,117,1603,52.68
88799,404,902,29.68
88799,415,2486,81.68
88799,908,1452,47.68
26796,1198,1268,41.68
68223,109,1207,39.68
68223,1617,4767,156.68
68223,1801,2913,95.68
68223,1812,4099,134.68
71663,406,1725,56.68
71663,504,2516,82.68
71663,1312,2882,94.68
71663,1601,4008,131.68
31098,1119,902,29.68
87458,304,902,29.68
87458,305,902,29.68
87458,406,994,32.68
87458,519,1633,53.68
87458,798,902,29.68
87458,1117,902,29.68
87458,1798,1207,39.68
10590,102,780,25.68
10590,305,2486,81.68
10590,412,1907,62.68
82783,1701,3643,119.68
82783,1703,3643,119.68
4531,108,1207,39.68
4531,1701,1055,34.68
70751,406,1330,43.68
70751,719,1299,42.68
90767,304,964,31.68
90767,423,2333,76.68
90767,426,2333,76.68
90767,1637,2333,76.68
88763,304,1876,61.68
88763,510,841,27.68
88763,511,841,27.68
47174,304,2941,96.68
47174,305,2941,96.68
47174,809,5073,166.68
47174,1105,5651,185.68
47174,1112,1360,44.68
47174,1701,5255,172.68
47174,1898,5012,164.68
929,298,1511,49.68
929,305,3521,115.68
929,306,3521,115.68
929,426,5743,188.68
929,612,1511,49.68
929,712,5774,189.68
929,1609,1360,44.68
929,1617,1268,41.68
91050,202,994,32.68
91050,305,933,30.68
91050,408,994,32.68
14177,1614,3278,107.68
14177,1627,3278,107.68
43097,206,902,29.68
43097,306,1542,50.68
43097,407,872,28.68
43097,408,872,28.68
43097,423,872,28.68
43097,1619,1542,50.68
68830,1007,902,29.68
68830,1013,2241,73.68
103176,403,1115,36.68
103176,1801,599,19.68
44004,102,1330,43.68
44004,1627,2029,66.68
44004,1801,2333,76.68
31678,304,1146,37.68
95652,1605,872,28.68
13337,304,1360,44.68
13337,305,1360,44.68
13337,498,3033,99.68
13337,1805,3733,122.68
42153,107,1664,54.68
42153,305,1817,59.68
42153,411,2821,92.68
42153,428,2972,97.68
74283,1798,872,28.68
55845,306,872,28.68
55845,423,3886,127.68
55845,1701,4099,134.68
55845,1812,4008,131.68
29033,103,1603,52.68
29033,202,1299,42.68
29033,304,2941,96.68
29033,306,2941,96.68
29033,307,2941,96.68
29033,428,2182,71.68
29033,1298,2394,78.68
29033,1616,1025,33.68
29033,1617,3278,107.68
6980,102,2425,79.68
6980,304,2791,91.68
6980,1113,1055,34.68
6980,1205,1055,34.68
6980,1637,5347,175.68
91307,406,902,29.68
91307,1701,2394,78.68
103336,103,2668,87.68
103336,915,902,29.68
103336,1703,476,15.68
103336,1811,2182,71.68
103336,1898,3217,105.68
77779,304,3337,109.68
77779,504,2821,92.68
77779,605,2821,92.68
1538,1616,1695,55.68
1538,1809,1480,48.68
66098,1105,1876,61.68
66098,1817,1086,35.68
33185,403,3794,124.68
33185,202,964,31.68
33185,304,1603,52.68
33185,1113,1025,33.68
33185,1698,964,31.68
44142,306,2210,72.68
44142,709,4678,153.68
44142,1106,2972,97.68
44142,1112,2972,97.68
44142,1113,2972,97.68
44142,1801,994,32.68
44142,1811,1299,42.68
76391,305,872,28.68
76391,306,872,28.68
76391,404,3643,119.68
76391,414,1146,37.68
76391,426,4008,131.68
76391,431,1633,53.68
76391,498,1633,53.68
76391,1817,1725,56.68
76391,1912,1633,53.68
76391,1998,1633,53.68
63156,102,4586,150.68
63156,201,2760,90.68
68156,1801,1695,55.68
84316,1112,1238,40.68
84316,1801,1572,51.68
55694,1112,1725,56.68
64181,713,902,29.68
83466,104,933,30.68
83466,107,6655,218.68
83466,205,1055,34.68
83466,304,1146,37.68
83466,428,1421,46.68
83466,504,1907,62.68
83466,708,1452,47.68
83466,809,1452,47.68
83466,908,1421,46.68
83466,1215,5285,173.68
27426,304,1695,55.68
27426,1627,3459,113.68
27426,1801,2029,66.68
27426,1898,1025,33.68
82556,1605,1695,55.68
34223,202,1268,41.68
34223,426,1268,41.68
2204,498,1360,44.68
57132,504,1845,60.68
57132,915,1299,42.68
57132,1105,1146,37.68
57132,1113,2547,83.68
57132,1801,2852,93.68
57132,1817,902,29.68
30804,198,1207,39.68
30804,201,933,30.68
72187,1110,1511,49.68
72187,1617,1207,39.68
42327,108,872,28.68
42327,306,841,27.68
42327,426,1055,34.68
42327,1704,3094,101.68
85270,201,1876,61.68
85270,207,3337,109.68
85270,208,2272,74.68
85270,304,2210,72.68
85270,305,2210,72.68
85270,404,1207,39.68
85270,432,1025,33.68
85270,498,6838,224.68
85270,711,1695,55.68
85270,915,3033,99.68
85270,1113,2182,71.68
85270,1205,2210,72.68
86268,101,1360,44.68
86268,304,1360,44.68
86268,305,1360,44.68
86268,307,1360,44.68
68385,304,1146,37.68
68385,305,1146,37.68
68385,405,1998,65.68
68385,1603,1086,35.68
68385,1698,1086,35.68
6565,116,1177,38.68
6565,304,1177,38.68
6565,306,1177,38.68
6565,504,1177,38.68
6565,1118,1177,38.68
6565,1801,6473,212.68
6565,1898,1177,38.68
21136,1705,1876,61.68
67500,305,1360,44.68
67500,410,872,28.68
67500,423,2455,80.68
67500,1105,1937,63.68
67500,1198,1542,50.68
67500,1803,2272,74.68
85338,1117,1086,35.68
9447,1298,2547,83.68
9447,1816,1360,44.68
73878,1619,2182,71.68
73878,1622,2182,71.68
73878,1798,1177,38.68
30780,709,1330,43.68
30780,1616,2791,91.68
30780,1801,2791,91.68
41232,1198,1480,48.68
41232,1630,3794,124.68
87744,304,2241,73.68
87744,504,1511,49.68
87744,519,1511,49.68
87744,1623,1695,55.68
65209,705,1086,35.68
26863,1117,5285,173.68
26863,1215,3855,126.68
51147,1798,1177,38.68
89235,107,994,32.68
89235,202,2241,73.68
89235,304,1876,61.68
89235,405,841,27.68
89235,406,2302,75.68
89235,914,2486,81.68
89235,1011,2486,81.68
35152,1215,1603,52.68
45832,102,3064,100.68
45832,109,2060,67.68
45832,118,994,32.68
45832,305,3064,100.68
45832,428,902,29.68
45832,612,3064,100.68
45832,718,1177,38.68
45832,914,1603,52.68
45832,916,1268,41.68
77192,1598,933,30.68
77192,809,3247,106.68
77192,916,2182,71.68
85037,202,7934,260.68
85037,304,1146,37.68
85037,305,2972,97.68
85037,307,1146,37.68
85037,713,3186,104.68
82025,410,1633,53.68
82025,411,1633,53.68
82025,432,1055,34.68
82025,714,1055,34.68
82025,1627,2607,85.68
82025,1637,5469,179.68
82025,1701,1268,41.68
82025,1705,1146,37.68
42800,202,1633,53.68
42800,406,1633,53.68
42800,412,2090,68.68
49264,198,3156,103.68
49264,304,1055,34.68
49264,305,1055,34.68
49264,307,1055,34.68
49264,1614,3521,115.68
83572,428,1268,41.68
83572,498,3156,103.68
4655,426,3824,125.68
78625,202,964,31.68
78625,1622,2090,68.68
54531,898,811,26.68
96107,304,721,23.68
96107,1617,1055,34.68
96107,1622,1055,34.68
96107,1898,1086,35.68
79366,202,1055,34.68
79366,406,2882,94.68
80593,305,1725,56.68
80593,307,1725,56.68
80593,612,1268,41.68
99079,504,1452,47.68
99079,1619,2576,84.68
21695,1312,4129,135.68
21695,1617,4767,156.68
21695,1801,4374,143.68
57825,426,1299,42.68
57825,1605,1542,50.68
57825,1637,1480,48.68
57825,1898,933,30.68
74820,304,1330,43.68
74820,305,1330,43.68
74820,306,1330,43.68
74820,307,1330,43.68
74820,406,933,30.68
74820,1616,3125,102.68
74820,1627,1603,52.68
36491,1634,1268,41.68
39648,306,3186,104.68
39648,504,933,30.68
39648,598,933,30.68
39648,1215,1238,40.68
38708,202,1238,40.68
38708,511,2394,78.68
38708,809,2547,83.68
38708,1801,3824,125.68
38708,1812,1968,64.68
12517,202,1360,44.68
12517,1617,2090,68.68
12517,1801,1876,61.68
80154,425,1115,36.68
80154,1117,1572,51.68
80154,1630,4555,149.68
59614,1617,1817,59.68
76623,702,3337,109.68
76623,202,3306,108.68
76623,511,1756,57.68
76623,610,2913,95.68
51428,198,4282,140.68
62622,102,1055,34.68
62622,304,1055,34.68
62622,1113,1055,34.68
62622,1627,1055,34.68
85614,713,1238,40.68
85614,1117,1115,36.68
9141,1598,1207,39.68
9141,1609,1603,52.68
43163,423,1633,53.68
43163,1630,2241,73.68
43163,1817,1391,45.68
89108,311,1664,54.68
89108,1805,811,26.68
22258,305,2060,67.68
22258,405,1360,44.68
22258,1634,2060,67.68
22258,1698,2060,67.68
22258,1816,6259,205.68
22258,1817,1452,47.68
61059,304,1177,38.68
61059,504,1817,59.68
61059,1106,1086,35.68
86957,304,1086,35.68
86957,305,1086,35.68
86957,916,3886,127.68
86957,1817,1633,53.68
63709,104,1115,36.68
78048,1198,2941,96.68
78048,1198,3094,101.68
39307,713,2363,77.68
39307,1701,1055,34.68
39307,1703,1055,34.68
39307,1812,1421,46.68
39307,1817,964,31.68
79532,1105,2182,71.68
79532,1614,933,30.68
79532,1701,3886,127.68
51476,202,1146,37.68
51476,1617,1725,56.68
91869,206,1299,42.68
59054,426,1725,56.68
44918,709,1817,59.68
35708,201,1146,37.68
35708,208,964,31.68
35708,304,6228,204.68
35708,305,1542,50.68
35708,306,4433,145.68
35708,1113,1542,50.68
65925,305,1725,56.68
86064,424,4920,161.68
86064,432,1025,33.68
86064,1312,1238,40.68
86064,1801,1360,44.68
86064,1816,3521,115.68
81570,202,1086,35.68
99804,120,1177,38.68
99804,201,841,27.68
99804,202,1330,43.68
99804,304,629,20.68
99804,411,2791,91.68
99804,432,1299,42.68
99804,512,933,30.68
99804,516,749,24.68
99804,612,721,23.68
99804,1117,2425,79.68
102241,102,1603,52.68
102241,201,780,25.68
102241,304,2972,97.68
102241,307,2972,97.68
102241,405,1238,40.68
102241,1701,2972,97.68
89237,304,1238,40.68
89237,305,1238,40.68
81592,102,1055,34.68
81592,205,1025,33.68
81592,304,4343,142.68
81592,305,4343,142.68
81592,306,1480,48.68
81592,406,1055,34.68
81592,407,1055,34.68
81592,426,1055,34.68
81592,1612,4739,155.68
81592,1801,4343,142.68
5789,202,2090,68.68
5789,305,2791,91.68
5789,1898,1786,58.68
10795,304,1086,35.68
34017,305,1664,54.68
34017,306,1664,54.68
34017,1113,1146,37.68
34017,1119,1146,37.68
34017,1801,2516,82.68
21245,411,933,30.68
21245,705,1998,65.68
43351,1812,2182,71.68
32999,914,3094,101.68
32999,1107,4343,142.68
32999,1698,2090,68.68
102987,101,994,32.68
96214,1812,902,29.68
30573,998,1542,50.68
30573,202,1025,33.68
30573,298,1025,33.68
30573,1798,1299,42.68
36004,432,1391,45.68
36004,1801,994,32.68
71771,408,3186,104.68
71771,606,3186,104.68
45759,1817,1391,45.68
26123,198,1055,34.68
26123,305,1025,33.68
26123,426,4586,150.68
26123,1798,2852,93.68
26123,1812,3125,102.68
66284,1601,1937,63.68
66284,1801,1146,37.68
89657,412,841,27.68
12693,412,2913,95.68
70369,304,902,29.68
70369,408,1452,47.68
8442,298,1025,33.68
8442,404,811,26.68
8442,412,811,26.68
8442,1811,1360,44.68
8442,1817,1360,44.68
59939,311,1511,49.68
41458,306,933,30.68
41458,915,3551,116.68
41458,1619,3521,115.68
76324,304,1238,40.68
76324,311,1968,64.68
76324,1617,1968,64.68
99537,298,1542,50.68
99537,409,1542,50.68
99537,1215,1452,47.68
99537,1615,2791,91.68
99537,1634,2913,95.68
99537,1902,1542,50.68
3967,108,1025,33.68
557,307,994,32.68
557,426,964,31.68
557,798,1268,41.68
557,1112,872,28.68
557,1801,1998,65.68
54953,305,1786,58.68
92325,304,660,21.68
92325,306,1756,57.68
56463,202,933,30.68
56463,1118,2241,73.68
56463,1312,2241,73.68
56463,1801,2516,82.68
90674,705,2241,73.68
90674,1105,841,27.68
56183,108,933,30.68
56183,305,933,30.68
56183,1617,1695,55.68
56183,1701,1876,61.68
53447,1117,2941,96.68
53447,1605,2729,89.68
85342,102,902,29.68
85342,411,1391,45.68
85342,432,1360,44.68
82438,423,1025,33.68
82438,610,3855,126.68
82438,705,3582,117.68
82438,1605,3855,126.68
82438,1798,1146,37.68
82438,1801,3521,115.68
82438,1812,2941,96.68
82438,1898,2151,70.68
43679,426,1633,53.68
43679,1619,1695,55.68
72512,205,1876,61.68
72512,306,2972,97.68
72512,1118,1876,61.68
11738,202,3886,127.68
11738,612,1786,58.68
11738,1118,1086,35.68
11738,1298,1452,47.68
11738,1798,1480,48.68
11738,1802,1817,59.68
84132,108,933,30.68
84132,1605,902,29.68
97400,398,3612,118.68
97400,310,3612,118.68
37728,1817,1480,48.68
63419,108,1786,58.68
63419,1798,1725,56.68
21185,304,1177,38.68
92298,403,2425,79.68
92298,698,2425,79.68
92298,704,2425,79.68
92298,304,2425,79.68
92298,305,902,29.68
92298,307,2425,79.68
92298,411,1876,61.68
92298,612,2425,79.68
92298,1701,660,21.68
92298,1798,1695,55.68
89050,1619,2151,70.68
87270,408,933,30.68
31515,705,964,31.68
71092,1634,2668,87.68
31602,1605,964,31.68
4301,198,1360,44.68
4301,1801,1177,38.68
60318,304,902,29.68
60318,415,1360,44.68
60318,426,1360,44.68
49759,1622,933,30.68
49759,1802,1268,41.68
90706,423,1452,47.68
44320,304,1360,44.68
44320,307,933,30.68
44320,310,3763,123.68
44320,1110,3763,123.68
72875,202,3186,104.68
72875,305,1876,61.68
72875,407,1086,35.68
72875,411,1055,34.68
35018,1704,1299,42.68
84022,306,872,28.68
84022,1612,964,31.68
82085,307,872,28.68
82085,424,1817,59.68
82085,426,1786,58.68
82085,712,2791,91.68
82085,1801,2241,73.68
82085,1812,2941,96.68
62407,108,1330,43.68
62407,1701,1542,50.68
33197,202,1542,50.68
33197,1110,1542,50.68
33026,404,1876,61.68
33026,423,1817,59.68
33026,429,1817,59.68
33026,498,1391,45.68
33026,1802,1452,47.68
33026,1813,1756,57.68
33026,1815,2090,68.68
22682,1112,1572,51.68
22682,1803,1572,51.68
36184,107,2210,72.68
36184,112,1299,42.68
36184,1105,872,28.68
36184,1801,1115,36.68
36184,1805,1086,35.68
100934,1630,1207,39.68
61501,108,2638,86.68
61501,1108,2972,97.68
61501,1605,4433,145.68
65194,304,2121,69.68
65194,514,1786,58.68
65194,1627,2151,70.68
70096,1798,1268,41.68
49892,202,994,32.68
97440,424,780,25.68
97440,1614,660,21.68
94122,1640,3278,107.68
94122,1802,1421,46.68
40402,1817,1238,40.68
53964,404,1452,47.68
53964,1617,1330,43.68
95706,198,780,25.68
95477,112,2394,78.68
95477,304,2121,69.68
95477,306,1845,60.68
95477,1705,1998,65.68
59083,102,1207,39.68
59083,304,994,32.68
59083,306,994,32.68
59083,428,1452,47.68
59083,998,2576,84.68
59083,1005,1025,33.68
59083,1802,3824,125.68
59083,1998,3551,116.68
4773,109,1115,36.68
4773,202,1146,37.68
7263,1616,1177,38.68
24633,209,2029,66.68
24633,713,2029,66.68
24633,1813,2029,66.68
11871,202,933,30.68
11871,415,1725,56.68
11871,713,902,29.68
97923,414,690,22.68
97923,424,1330,43.68
97923,708,690,22.68
97923,1112,4464,146.68
97923,1627,660,21.68
97923,1801,4982,163.68
34216,407,902,29.68
34216,1110,1845,60.68
34216,1817,902,29.68
56069,1106,902,29.68
56069,1216,2972,97.68
56069,1312,2913,95.68
69163,101,3916,128.68
14784,201,1146,37.68
14784,504,1511,49.68
14784,612,1511,49.68
31364,1617,2760,90.68
31364,1634,3217,105.68
59742,432,2333,76.68
59742,916,2121,69.68
59742,1215,3247,106.68
67874,304,902,29.68
67874,1622,1025,33.68
85168,205,1452,47.68
22005,432,4798,157.68
22005,705,841,27.68
22005,803,902,29.68
22005,1112,2090,68.68
22005,1627,4374,143.68
22005,1709,1876,61.68
22005,1817,2821,92.68
95301,1622,721,23.68
95301,1812,933,30.68
34661,304,994,32.68
34661,424,1360,44.68
34661,712,1025,33.68
34661,1616,1360,44.68
34661,1617,1360,44.68
36220,102,2821,92.68
36220,202,4617,151.68
36220,205,2791,91.68
36220,407,1330,43.68
36220,711,1330,43.68
36220,1118,1330,43.68
36220,1698,1238,40.68
52881,406,2060,67.68
52881,1105,1330,43.68
52881,1801,1695,55.68
87902,305,1115,36.68
87902,423,3459,113.68
87902,1105,2729,89.68
87902,1617,5194,170.68
89589,203,1055,34.68
89589,426,2882,94.68
89589,612,3337,109.68
89589,910,2852,93.68
38080,1640,2821,92.68
96990,311,690,22.68
22505,202,902,29.68
8463,516,1055,34.68
8463,519,1055,34.68
22531,304,1055,34.68
22531,1802,3278,107.68
50854,801,3521,115.68
50854,304,1086,35.68
50854,305,1086,35.68
50854,428,2151,70.68
50854,914,964,31.68
50854,1117,3521,115.68
10189,305,2151,70.68
10189,898,1086,35.68
10189,1801,1115,36.68
10189,1817,1207,39.68
75768,202,902,29.68
75768,426,2121,69.68
75768,1110,2607,85.68
75768,1116,3643,119.68
75768,1617,2182,71.68
61634,423,3855,126.68
61634,426,3855,126.68
100585,411,1025,33.68
100585,1801,2333,76.68
100585,1815,1360,44.68
95035,706,933,30.68
95035,1617,1480,48.68
74157,310,1391,45.68
74157,1605,1299,42.68
74157,1801,1025,33.68
85499,1617,1786,58.68
17550,202,2455,80.68
17550,698,1998,65.68
17550,798,1055,34.68
17550,1617,2394,78.68
5473,304,1177,38.68
5473,305,1511,49.68
5473,307,1511,49.68
5473,412,2090,68.68
97618,306,2333,76.68
97618,1112,1725,56.68
97618,1198,1725,56.68
97618,1617,3278,107.68
97618,1698,3064,100.68
97618,1706,902,29.68
97618,1805,2760,90.68
97618,1812,1968,64.68
97618,1815,1695,55.68
46385,202,2882,94.68
46385,709,1268,41.68
46385,898,1268,41.68
46385,1705,2210,72.68
46385,1801,2394,78.68
46385,1812,2090,68.68
46385,1898,1695,55.68
65458,108,994,32.68
65458,305,1115,36.68
65458,306,1115,36.68
65458,307,1115,36.68
65458,705,2607,85.68
65458,1117,2607,85.68
65458,1627,2607,85.68
3431,102,902,29.68
3431,304,902,29.68
3431,708,1115,36.68
3431,709,1115,36.68
30225,202,964,31.68
30225,1817,1786,58.68
78821,1708,902,29.68
78821,1801,1115,36.68
71241,1198,1572,51.68
71241,112,2394,78.68
30586,304,902,29.68
30586,305,1603,52.68
30586,306,1603,52.68
30586,307,902,29.68
30586,1113,1603,52.68
30586,1605,3977,130.68
30586,1616,902,29.68
30586,1701,3003,98.68
30586,1801,872,28.68
30586,1816,3733,122.68
30586,1817,1268,41.68
44007,412,1725,56.68
94652,1634,721,23.68
91312,102,1268,41.68
91312,201,1268,41.68
91312,102,2060,67.68
91312,1118,2852,93.68
91312,1698,2060,67.68
31698,415,1876,61.68
31698,1811,3247,106.68
14695,305,902,29.68
14695,306,902,29.68
14695,1105,1664,54.68
14695,1801,1542,50.68
100007,1105,3824,125.68
100007,1640,4617,151.68
6598,1801,3977,130.68
95087,1113,721,23.68
33042,705,1146,37.68
33042,708,1756,57.68
33042,1817,1055,34.68
23144,1609,1725,56.68
23144,1617,1725,56.68
23144,1630,1725,56.68
3869,116,1756,57.68
3869,304,1055,34.68
3869,1113,1876,61.68
3869,1312,2972,97.68
17340,203,933,30.68
17340,407,1055,34.68
17340,415,1025,33.68
2270,102,1299,42.68
2270,414,964,31.68
2270,504,3459,113.68
2270,708,1115,36.68
2270,809,1238,40.68
2270,915,5104,167.68
2270,1106,2151,70.68
2270,1113,2151,70.68
2270,1204,2151,70.68
2270,1216,2455,80.68
2270,1605,1391,45.68
2270,1618,964,31.68
2270,1637,6078,199.68
2270,1701,3368,110.68
2270,1710,5285,173.68
2270,1801,3612,118.68
2270,1898,6290,206.68
39389,305,3643,119.68
39389,504,902,29.68
39389,1117,2576,84.68
39389,1298,902,29.68
17100,605,1238,40.68
17100,1605,1238,40.68
83437,306,1330,43.68
26716,709,994,32.68
30303,305,2210,72.68
30303,307,2210,72.68
30303,504,2941,96.68
30303,612,2210,72.68
30303,1113,2182,71.68
17714,304,1511,49.68
17714,305,1511,49.68
17714,306,1511,49.68
17714,1619,3643,119.68
17714,1801,1238,40.68
99228,1110,3156,103.68
79556,304,1115,36.68
87994,304,1025,33.68
87994,305,1025,33.68
87994,1110,3217,105.68
69417,1119,1633,53.68
69417,1801,1786,58.68
80358,1108,2547,83.68
80358,1701,994,32.68
80358,1710,994,32.68
69564,1110,1086,35.68
69564,1614,1115,36.68
70867,202,1177,38.68
70867,305,1998,65.68
70867,404,1330,43.68
70867,709,1086,35.68
70867,1113,1572,51.68
70867,1622,1177,38.68
70867,1705,2425,79.68
71477,711,994,32.68
2738,305,3490,114.68
2738,306,3490,114.68
2738,428,2760,90.68
2738,1117,4829,158.68
2738,1119,1452,47.68
2738,1198,1452,47.68
2738,1312,1845,60.68
2738,1817,1452,47.68
81125,304,1633,53.68
81125,1705,4160,136.68
81125,1898,4708,154.68
94926,1817,2516,82.68
10831,498,2455,80.68
10831,1605,2302,75.68
10831,1898,1330,43.68
97986,304,1086,35.68
97986,405,721,23.68
97986,1805,3186,104.68
49931,423,2029,66.68
49931,428,2394,78.68
49931,705,2210,72.68
49931,1112,1025,33.68
49931,1113,1025,33.68
49931,1812,2455,80.68
49931,1816,2486,81.68
49931,1817,2151,70.68
54670,1804,1115,36.68
54670,1810,1115,36.68
6802,108,1086,35.68
6802,411,1633,53.68
6802,432,1025,33.68
6802,1637,1572,51.68
6802,1703,1633,53.68
13576,304,964,31.68
13576,305,2913,95.68
13576,406,1330,43.68
13576,432,1025,33.68
13576,1622,994,32.68
13576,1637,1421,46.68
13576,1640,1299,42.68
78261,1605,1480,48.68
99669,508,749,24.68
91785,202,749,24.68
67055,708,1238,40.68
16550,305,1511,49.68
16550,410,6290,206.68
16550,412,6290,206.68
16550,1106,1511,49.68
16550,1204,1511,49.68
16550,1809,1086,35.68
30062,710,994,32.68
30062,1801,2272,74.68
82174,398,4617,151.68
82174,1001,4586,150.68
82174,310,4617,151.68
82174,1811,3551,116.68
47413,505,1268,41.68
99235,203,660,21.68
99235,1801,902,29.68
98735,203,2151,70.68
98735,304,1177,38.68
98735,305,1177,38.68
98735,1617,2029,66.68
21754,412,1238,40.68
21754,712,1238,40.68
21754,1813,2151,70.68
94174,305,721,23.68
94174,426,902,29.68
94174,608,721,23.68
94174,915,1786,58.68
94174,1119,507,16.68
94174,1211,721,23.68
80562,1617,3156,103.68
80562,1810,2272,74.68
80562,1898,2060,67.68
62898,798,1756,57.68
62898,1630,2852,93.68
62898,1805,964,31.68
62898,1817,1725,56.68
102394,426,537,17.68
102394,916,2241,73.68
102394,1117,2272,74.68
102394,1708,1968,64.68
29117,706,2182,71.68
29117,1627,1542,50.68
55908,704,1756,57.68
55908,1098,1756,57.68
55000,202,872,28.68
55000,1105,1330,43.68
40985,1105,1086,35.68
29528,1898,1511,49.68
92283,1627,1998,65.68
92283,1812,1268,41.68
92283,1817,1725,56.68
43219,305,1664,54.68
43219,307,1664,54.68
43219,426,2151,70.68
43219,803,2241,73.68
43219,1113,2241,73.68
11429,504,1542,50.68
986,430,2151,70.68
45043,1801,3582,117.68
86898,304,994,32.68
86898,1204,902,29.68
86898,1605,2060,67.68
53624,206,1360,44.68
42180,102,1025,33.68
42180,406,1299,42.68
42180,423,1299,42.68
42180,705,1025,33.68
42180,1701,2394,78.68
35567,304,1207,39.68
40328,1802,2425,79.68
40328,1817,3702,121.68
70405,411,4282,140.68
70405,432,4313,141.68
70405,1622,4617,151.68
70405,1637,4617,151.68
25508,713,1664,54.68
25508,1701,1786,58.68
25508,1803,1725,56.68
25508,1817,964,31.68
82858,1703,1146,37.68
82858,1798,994,32.68
33835,304,1360,44.68
33835,916,1115,36.68
33835,1801,2699,88.68
22843,304,2972,97.68
22843,908,2029,66.68
22843,1298,2394,78.68
66969,426,1421,46.68
66969,712,1391,45.68
93113,1304,1664,54.68
93113,1601,1511,49.68
93113,1801,1146,37.68
51267,1098,2302,75.68
51267,306,3033,99.68
51267,412,3033,99.68
51267,916,3033,99.68
51267,1015,3033,99.68
51267,1113,2455,80.68
51267,1204,1480,48.68
51267,1627,1360,44.68
51267,1801,2425,79.68
80246,1198,3947,129.68
80246,208,1086,35.68
80246,715,1421,46.68
80246,1605,2486,81.68
71079,304,1572,51.68
71079,398,2302,75.68
71079,519,902,29.68
71079,1619,2363,77.68
71079,1637,872,28.68
71079,1813,933,30.68
71079,1898,2363,77.68
73967,1598,5408,177.68
73967,205,1603,52.68
73967,305,2972,97.68
73967,510,1968,64.68
73967,1110,5408,177.68
73967,1617,5012,164.68
52808,103,2455,80.68
52808,198,2455,80.68
52808,1216,964,31.68
52808,1798,1207,39.68
97684,111,1086,35.68
97684,713,994,32.68
102076,304,1268,41.68
102076,306,1268,41.68
102076,411,3824,125.68
102076,432,1421,46.68
102076,504,1268,41.68
102076,510,1268,41.68
102076,519,1268,41.68
102076,1014,933,30.68
102076,1617,1391,45.68
102076,1637,2547,83.68
102076,1801,2151,70.68
102076,1812,3763,123.68
102076,1817,2821,92.68
102076,1898,1086,35.68
90670,306,1055,34.68
90670,1812,841,27.68
46092,1198,1511,49.68
46092,198,933,30.68
46092,1117,1511,49.68
46092,1609,1542,50.68
21460,108,1330,43.68
21460,415,933,30.68
21460,1617,1998,65.68
21460,1703,1664,54.68
29341,102,1115,36.68
29341,108,2607,85.68
29341,202,1177,38.68
29341,304,1115,36.68
29341,406,1177,38.68
29341,410,1177,38.68
29341,426,1421,46.68
29341,1605,2913,95.68
29341,1630,4525,148.68
29341,1637,1115,36.68
29341,1701,1115,36.68
29341,1703,3337,109.68
80364,426,1756,57.68
80364,504,2394,78.68
80364,1817,2302,75.68
10988,202,3916,128.68
10988,304,1452,47.68
10988,305,1177,38.68
10988,306,1177,38.68
93821,425,2852,93.68
102493,198,660,21.68
102493,304,660,21.68
83880,1616,994,32.68
37089,304,2547,83.68
37089,305,2547,83.68
37089,306,2547,83.68
37089,307,2547,83.68
37089,721,4008,131.68
37089,1105,1146,37.68
37089,1110,4464,146.68
37089,1816,3429,112.68
99147,305,721,23.68
99147,1114,780,25.68
77588,708,1360,44.68
76817,407,1330,43.68
76817,423,1115,36.68
76817,705,1055,34.68
76817,1627,2425,79.68
76817,1801,994,32.68
76817,1802,2486,81.68
76817,1810,4859,159.68
76817,1813,2972,97.68
76817,1817,1664,54.68
29281,1198,2090,68.68
29281,1805,2090,68.68
29281,1810,2090,68.68
79596,202,964,31.68
79596,203,964,31.68
79596,406,964,31.68
79596,426,964,31.68
79596,1637,1998,65.68
1975,1106,5163,169.68
1975,1108,4068,133.68
1975,1110,4068,133.68
1975,1701,5347,175.68
37128,428,2090,68.68
51804,306,1421,46.68
51804,307,1421,46.68
51804,426,5438,178.68
51804,504,3278,107.68
51804,916,1421,46.68
51804,1617,4008,131.68
48680,112,4920,161.68
48680,306,2821,92.68
48680,720,1937,63.68
48680,1812,4647,152.68
64746,115,3643,119.68
64746,305,2182,71.68
64746,407,1968,64.68
64746,423,1968,64.68
64746,426,1817,59.68
64746,428,3368,110.68
64746,1198,3521,115.68
64746,1312,1968,64.68
64746,1601,1817,59.68
64746,1617,4221,138.68
91820,410,4252,139.68
91820,426,4798,157.68
91820,428,811,26.68
91820,709,4678,153.68
91820,1110,1633,53.68
91820,1113,1633,53.68
91820,1617,2638,86.68
91820,1801,4374,143.68
91820,1817,3702,121.68
71199,505,1572,51.68
71199,598,1452,47.68
71199,304,964,31.68
71199,307,964,31.68
71199,313,1511,49.68
71199,504,1452,47.68
72269,1617,1330,43.68
72269,1798,1299,42.68
40940,304,811,26.68
40940,307,811,26.68
40940,313,1572,51.68
61402,498,1572,51.68
61402,1111,1115,36.68
61402,1698,1452,47.68
61402,1710,2486,81.68
85253,108,2241,73.68
85253,202,902,29.68
85253,407,2333,76.68
90860,304,1876,61.68
90860,305,1876,61.68
90860,306,1876,61.68
90860,307,1876,61.68
90860,1617,3125,102.68
90860,1703,2638,86.68
90860,1810,1268,41.68
28199,1198,1055,34.68
28199,203,2090,68.68
28199,305,3186,104.68
28199,1117,1055,34.68
28199,1118,994,32.68
92292,198,2972,97.68
92292,414,1115,36.68
92292,713,2425,79.68
92292,915,2972,97.68
92292,916,1299,42.68
92292,1113,1572,51.68
92292,1816,3429,112.68
92292,1817,902,29.68
92292,1898,2972,97.68
85108,426,4890,160.68
25260,202,902,29.68
25260,305,2029,66.68
25260,306,3702,121.68
25260,415,1876,61.68
25260,432,933,30.68
25260,498,2607,85.68
25260,1113,2394,78.68
25260,1304,2241,73.68
25260,1601,933,30.68
25260,1617,4617,151.68
25260,1703,1360,44.68
25260,1816,2972,97.68
80129,713,1542,50.68
80129,916,1360,44.68
9425,432,1268,41.68
9425,1810,3977,130.68
9425,1817,811,26.68
64719,915,1998,65.68
64719,916,1998,65.68
56887,1605,1299,42.68
56887,1637,1146,37.68
4182,411,1845,60.68
4182,706,1511,49.68
4182,1198,1115,36.68
4182,1801,1633,53.68
4182,1812,1664,54.68
74205,809,964,31.68
74205,1305,1238,40.68
74205,1312,2029,66.68
47535,426,933,30.68
8860,708,1115,36.68
8860,1198,1268,41.68
8860,1622,1146,37.68
8860,1801,1695,55.68
10340,305,1421,46.68
10340,1703,1086,35.68
12342,410,4068,133.68
12342,1105,2791,91.68
734,304,1115,36.68
734,1612,1115,36.68
100127,432,933,30.68
100127,698,780,25.68
63797,408,964,31.68
63797,426,964,31.68
37190,304,2516,82.68
41438,202,1907,62.68
63266,101,2210,72.68
63266,102,2210,72.68
63266,118,2210,72.68
63266,120,1998,65.68
63266,304,1360,44.68
63266,305,1360,44.68
63266,306,1360,44.68
54609,1801,3643,119.68
54609,1816,4433,145.68
54609,1817,1177,38.68
12444,426,3033,99.68
92698,412,902,29.68
92698,1617,872,28.68
92698,1704,872,28.68
25061,101,1633,53.68
25061,305,994,32.68
100017,108,599,19.68
13423,102,2241,73.68
13423,205,1876,61.68
98153,304,1086,35.68
98153,305,1086,35.68
98153,398,933,30.68
98153,405,933,30.68
98153,412,902,29.68
98153,423,902,29.68
98153,601,1086,35.68
98153,607,1086,35.68
56847,1605,933,30.68
60608,423,2425,79.68
60608,426,1025,33.68
60608,432,2455,80.68
60608,1605,1845,60.68
60608,1616,2455,80.68
60608,1617,2425,79.68
60608,1817,994,32.68
52096,915,3490,114.68
50849,305,2455,80.68
20414,423,902,29.68
20414,1117,1299,42.68
84796,801,3947,129.68
84796,712,1845,60.68
84796,801,3947,129.68
84796,916,2576,84.68
84796,1108,3459,113.68
84796,1113,1695,55.68
84796,1114,1695,55.68
84796,1634,2760,90.68
51374,705,1817,59.68
51374,916,1876,61.68
18144,203,2090,68.68
18144,412,2182,71.68
18144,423,2182,71.68
16372,1105,4402,144.68
16372,1106,2090,68.68
16372,1113,2090,68.68
16372,1616,4160,136.68
16372,1810,4037,132.68
56482,102,1817,59.68
56482,406,4008,131.68
56482,411,3186,104.68
56482,705,872,28.68
56482,1312,841,27.68
88039,306,1055,34.68
85672,304,1207,39.68
85672,1605,2363,77.68
66186,1637,3916,128.68
66186,1898,4282,140.68
7830,109,1421,46.68
86325,705,4282,140.68
86325,908,2425,79.68
86325,1709,3886,127.68
10337,102,2241,73.68
10337,304,2272,74.68
10337,305,2272,74.68
10337,428,2210,72.68
10337,1105,1177,38.68
10337,1698,841,27.68
10337,1817,1055,34.68
50815,412,2029,66.68
50815,428,872,28.68
50815,705,2151,70.68
32584,411,5194,170.68
32584,426,1452,47.68
32584,432,4617,151.68
32584,1616,5194,170.68
32584,1634,5194,170.68
32584,1637,5194,170.68
69875,1801,3247,106.68
28073,304,2363,77.68
28073,425,1207,39.68
28073,1810,1025,33.68
77158,202,1268,41.68
77158,306,1633,53.68
85688,426,1268,41.68
85688,898,1756,57.68
85688,1627,1633,53.68
44308,1802,964,31.68
44308,1817,994,32.68
91305,107,1086,35.68
91305,304,2638,86.68
91305,305,2638,86.68
91305,428,2638,86.68
91305,512,1238,40.68
91305,1605,6443,211.68
91305,1698,6716,220.68
77467,1805,1998,65.68
22413,416,964,31.68
22413,498,964,31.68
56956,411,2029,66.68
56956,432,1086,35.68
59199,104,2121,69.68
59199,202,4008,131.68
59199,205,902,29.68
59199,305,1756,57.68
59199,406,3916,128.68
59199,407,3916,128.68
59199,426,3916,128.68
59199,428,2821,92.68
59199,504,994,32.68
59199,1701,1330,43.68
30962,108,1115,36.68
30962,430,811,26.68
30962,709,1115,36.68
30962,1801,872,28.68
28926,809,2547,83.68
28926,1634,4525,148.68
28926,1637,4525,148.68
28926,1812,2699,88.68
21147,304,1146,37.68
21147,432,1086,35.68
21147,916,1086,35.68
21147,1015,1817,59.68
21147,1898,1115,36.68
60818,116,2455,80.68
60818,304,3186,104.68
60818,305,3186,104.68
60818,612,2821,92.68
60818,1801,2029,66.68
49927,426,902,29.68
30760,104,1299,42.68
30760,298,2516,82.68
30760,304,1055,34.68
30760,305,1055,34.68
30760,498,2516,82.68
43420,305,3064,100.68
43420,1105,1330,43.68
43420,1113,1025,33.68
43420,1898,1330,43.68
96744,423,2821,92.68
4716,1617,3916,128.68
2136,102,1817,59.68
2136,198,1268,41.68
2136,205,1452,47.68
2136,305,2394,78.68
2136,306,2394,78.68
2136,410,933,30.68
2136,411,933,30.68
2136,426,1115,36.68
2136,708,872,28.68
2136,709,933,30.68
2136,898,933,30.68
2136,916,1542,50.68
2136,1017,1664,54.68
2136,1112,2547,83.68
2136,1113,2547,83.68
2136,1205,1452,47.68
2136,1609,4252,139.68
2136,1615,1633,53.68
2136,1622,5377,176.68
2136,1634,5377,176.68
9230,510,1086,35.68
9230,1627,3855,126.68
6715,206,964,31.68
6715,398,964,31.68
6715,411,2394,78.68
6715,1105,1998,65.68
103589,1001,3368,110.68
103589,304,3337,109.68
103589,305,1480,48.68
103589,802,1845,60.68
103589,898,1845,60.68
21123,102,2821,92.68
21123,1305,1177,38.68
21123,1637,5986,196.68
21123,1804,6930,227.68
556,202,1817,59.68
556,305,1268,41.68
556,707,2821,92.68
556,1798,3094,101.68
556,1801,1998,65.68
71300,304,994,32.68
71300,1701,2182,71.68
8193,1117,2821,92.68
8193,1801,1756,57.68
74758,305,1115,36.68
91986,304,902,29.68
91986,1815,1086,35.68
88686,201,2882,94.68
88686,205,2516,82.68
88686,305,2121,69.68
88686,411,2852,93.68
88686,809,1025,33.68
94945,305,872,28.68
94945,1630,4464,146.68
9734,1306,1845,60.68
75713,298,872,28.68
75713,1630,1695,55.68
82395,306,1268,41.68
82395,426,2394,78.68
82395,914,1207,39.68
82395,1117,1330,43.68
34299,411,994,32.68
34299,432,1055,34.68
13145,1809,1725,56.68
91702,428,1876,61.68
91702,1105,1876,61.68
91702,1106,4678,153.68
91702,1113,1360,44.68
91702,1801,902,29.68
57062,1198,2516,82.68
57062,1110,2516,82.68
80856,498,3156,103.68
67461,498,1511,49.68
67461,203,1299,42.68
67461,413,1511,49.68
67461,712,964,31.68
67461,1013,933,30.68
67461,1617,1421,46.68
94478,111,933,30.68
94478,410,780,25.68
94478,411,811,26.68
94478,916,933,30.68
94478,1017,933,30.68
88627,713,1391,45.68
74705,304,1360,44.68
74705,305,1360,44.68
74705,405,1845,60.68
74705,1105,1480,48.68
74705,1113,1511,49.68
74705,1898,1480,48.68
78858,202,1025,33.68
78858,305,1480,48.68
78858,504,4798,157.68
78858,602,872,28.68
78858,798,1360,44.68
93384,1634,1146,37.68
93384,1801,811,26.68
22506,412,1695,55.68
22506,612,3186,104.68
22506,705,1725,56.68
22506,1117,2882,94.68
22506,1304,1695,55.68
59328,304,1391,45.68
59328,307,1391,45.68
59328,1898,4160,136.68
17641,1817,1055,34.68
85080,411,2668,87.68
100132,1622,599,19.68
53590,1598,4282,140.68
53590,306,1603,52.68
53590,426,2821,92.68
255,428,872,28.68
46124,709,1299,42.68
46124,809,1025,33.68
46124,1105,1268,41.68
46124,1618,841,27.68
46124,1708,2060,67.68
71144,998,2090,68.68
71144,1301,2121,69.68
71144,202,2121,69.68
71144,307,2121,69.68
71144,708,1360,44.68
71144,1817,1268,41.68
25839,426,2394,78.68
25839,1617,4221,138.68
27043,398,1480,48.68
27043,1113,1115,36.68
27043,1215,1756,57.68
4800,305,1480,48.68
4800,306,1664,54.68
4800,1617,2729,89.68
59387,703,2363,77.68
59387,703,2363,77.68
19832,116,841,27.68
19832,198,841,27.68
19832,407,902,29.68
19832,412,1177,38.68
19832,426,1268,41.68
19832,428,1572,51.68
19832,432,1695,55.68
19832,712,1177,38.68
19832,809,1845,60.68
19832,1798,2699,88.68
19832,1817,2547,83.68
37913,304,933,30.68
37913,423,933,30.68
37913,432,994,32.68
37913,1701,1115,36.68
95317,504,1452,47.68
95317,1102,5012,164.68
95317,101,2363,77.68
95317,102,3490,114.68
95317,103,3490,114.68
95317,109,4252,139.68
95317,201,3094,101.68
95317,304,933,30.68
95317,305,933,30.68
95317,306,933,30.68
95317,498,1299,42.68
95317,504,1299,42.68
95317,708,6504,213.68
95317,798,6504,213.68
95317,1198,4252,139.68
95317,1215,690,22.68
95317,1216,1177,38.68
60497,1617,2729,89.68
85581,102,1330,43.68
85581,198,749,24.68
85581,205,1330,43.68
85581,304,749,24.68
85581,713,4494,147.68
85581,908,749,24.68
85581,1801,811,26.68
85581,1817,2791,91.68
88905,1801,2090,68.68
52700,304,1725,56.68
52700,1105,1937,63.68
52700,1113,933,30.68
52700,1703,2852,93.68
52700,1710,1603,52.68
52700,1801,2060,67.68
60368,201,1603,52.68
60368,305,1146,37.68
56838,304,1115,36.68
56838,305,1115,36.68
56838,307,1115,36.68
56838,708,2090,68.68
56838,809,2547,83.68
56838,1117,2090,68.68
97798,198,3156,103.68
97798,798,2272,74.68
97798,1601,3156,103.68
97798,1627,3156,103.68
97798,1633,3156,103.68
67613,113,3643,119.68
67613,1117,3125,102.68
67613,1622,3398,111.68
83480,1801,1025,33.68
83480,1813,1664,54.68
102350,307,1055,34.68
102350,1119,872,28.68
102350,1312,1391,45.68
102350,1609,2821,92.68
33759,1498,1664,54.68
33759,1809,4829,158.68
33759,1898,4829,158.68
2644,411,2729,89.68
2644,511,1391,45.68
2644,1801,2638,86.68
31674,304,1360,44.68
31674,307,1360,44.68
31674,1312,2090,68.68
35827,1801,1268,41.68
95136,423,2913,95.68
95136,713,964,31.68
95136,1198,2455,80.68
15055,202,1907,62.68
29645,307,1055,34.68
86328,304,994,32.68
86328,305,994,32.68
86328,306,994,32.68
86328,405,3003,98.68
86328,426,3003,98.68
86328,1105,1268,41.68
83263,108,2029,66.68
83263,202,1452,47.68
83263,712,1452,47.68
83263,719,1452,47.68
51430,198,1511,49.68
51430,304,2607,85.68
51430,426,4647,152.68
73934,102,2913,95.68
73934,307,2913,95.68
73934,1634,4282,140.68
73934,1704,4647,152.68
73934,1707,1572,51.68
50509,805,902,29.68
50509,1113,964,31.68
50509,1198,964,31.68
50509,1627,2547,83.68
39170,1112,1115,36.68
49602,304,1115,36.68
49602,305,1115,36.68
49602,1407,1115,36.68
49602,1698,2425,79.68
49602,1817,2425,79.68
39441,102,2363,77.68
39441,307,2363,77.68
39441,1118,1998,65.68
39441,1216,1025,33.68
39441,1312,3459,113.68
50505,430,933,30.68
50505,709,1115,36.68
50505,1622,1025,33.68
92903,504,4464,146.68
92903,405,4374,143.68
92903,504,4464,146.68
92903,1627,2486,81.68
92903,1704,2060,67.68
49015,1798,1207,39.68
16832,1637,2029,66.68
12686,708,1452,47.68
12686,712,1452,47.68
12686,1113,1695,55.68
77305,915,1633,53.68
77305,1898,1695,55.68
25151,425,5469,179.68
25151,1709,2699,88.68
64520,108,1146,37.68
64520,198,1876,61.68
64520,202,1055,34.68
64520,405,1756,57.68
64520,412,1756,57.68
64520,426,1756,57.68
64520,1015,1756,57.68
64520,1617,1360,44.68
64520,1801,1360,44.68
86924,118,872,28.68
86924,304,1968,64.68
101154,708,537,17.68
101154,1617,537,17.68
101154,1798,537,17.68
4076,915,2060,67.68
4076,1312,1845,60.68
4076,1701,1937,63.68
44096,608,1086,35.68
44096,1211,1086,35.68
44096,1214,1086,35.68
25788,1701,1177,38.68
25788,1809,1725,56.68
79218,202,1177,38.68
79218,1617,1511,49.68
79218,1698,1360,44.68
56644,426,1786,58.68
56644,1817,3278,107.68
71967,411,1695,55.68
71967,1622,1845,60.68
10460,398,3278,107.68
10460,412,3398,111.68
10460,1630,4313,141.68
10460,1803,1299,42.68
46085,408,2576,84.68
46085,807,1786,58.68
46085,1605,4374,143.68
46085,1704,3612,118.68
39642,304,1115,36.68
39642,305,1115,36.68
39642,712,2486,81.68
39642,1111,964,31.68
21723,708,811,26.68
51233,203,3702,121.68
51233,204,1177,38.68
51233,708,1086,35.68
51233,1113,2486,81.68
51233,1312,2486,81.68
51233,1804,5073,166.68
37284,304,2638,86.68
37284,306,2638,86.68
37284,504,2090,68.68
37284,512,2121,69.68
37284,916,3521,115.68
37284,1113,2210,72.68
37284,1312,2182,71.68
22698,432,3977,130.68
67948,304,811,26.68
67948,305,811,26.68
103476,1409,446,14.68
103476,1416,446,14.68
103476,1617,749,24.68
1805,304,1330,43.68
3515,109,2913,95.68
3515,423,933,30.68
3515,1198,3033,99.68
3515,1298,964,31.68
3515,1605,2576,84.68
3515,1798,964,31.68
3515,1809,841,27.68
3515,1811,841,27.68
3515,1812,1207,39.68
3515,1817,1845,60.68
70947,202,2852,93.68
70947,406,1086,35.68
70947,412,2121,69.68
70947,414,841,27.68
70947,426,3521,115.68
70947,708,2455,80.68
70947,712,2121,69.68
70947,1011,1664,54.68
70947,1609,2486,81.68
70947,1617,2486,81.68
70947,1698,2486,81.68
70947,1801,2638,86.68
70947,1805,3125,102.68
70947,1817,2121,69.68
6095,305,2791,91.68
6095,306,2791,91.68
61126,1798,994,32.68
21393,414,872,28.68
21393,1304,1025,33.68
98043,1198,1633,53.68
98043,1634,811,26.68
98043,1801,872,28.68
44088,108,902,29.68
44088,431,933,30.68
44088,915,964,31.68
44088,1637,1238,40.68
27765,198,4920,161.68
27765,426,4951,162.68
27765,1113,1268,41.68
27765,1215,4920,161.68
27765,1312,1876,61.68
70028,102,1330,43.68
70028,205,1330,43.68
70028,304,2425,79.68
70028,305,2060,67.68
70028,307,1695,55.68
70028,1113,1695,55.68
70028,1803,994,32.68
43317,1801,4647,152.68
5057,198,3186,104.68
5057,304,2699,88.68
5057,1117,3429,112.68
5057,1701,1421,46.68
12170,1198,872,28.68
12170,1622,1452,47.68
12170,1817,1177,38.68
83167,304,2455,80.68
72120,1817,1207,39.68
102357,1605,1421,46.68
54169,107,3337,109.68
54169,108,3337,109.68
54169,305,1391,45.68
13769,412,2882,94.68
13769,426,2882,94.68
54303,202,1998,65.68
54303,205,1207,39.68
54303,305,2516,82.68
54303,1216,1268,41.68
87857,304,841,27.68
87857,410,5682,186.68
87857,916,872,28.68
87857,1105,1086,35.68
87857,1113,4739,155.68
87857,1312,4617,151.68
87857,1616,5469,179.68
87857,1701,5285,173.68
87857,1801,4647,152.68
87857,1898,1086,35.68
4425,109,2941,96.68
4425,1709,1299,42.68
4425,1803,1055,34.68
71523,914,1391,45.68
71523,1704,1603,52.68
49770,498,1055,34.68
49770,1622,1542,50.68
49770,1634,1542,50.68
94934,712,780,25.68
70199,430,6534,214.68
70199,1305,3156,103.68
61852,108,1086,35.68
61852,1616,1238,40.68
84464,1801,1360,44.68
75223,198,1633,53.68
75223,1605,1268,41.68
75223,1609,1633,53.68
75223,1617,1633,53.68
75223,1704,1452,47.68
75223,1801,1391,45.68
89310,107,3582,117.68
89310,202,1055,34.68
89310,705,2151,70.68
89310,1703,1238,40.68
87158,101,2241,73.68
87158,102,2607,85.68
87158,201,2241,73.68
87158,305,1695,55.68
87158,612,2972,97.68
87158,1307,2607,85.68
59997,398,1055,34.68
59997,419,2516,82.68
1652,304,964,31.68
54876,428,1421,46.68
54876,432,2151,70.68
54876,705,2547,83.68
54876,1013,933,30.68
54876,1112,994,32.68
54876,1701,1025,33.68
54876,1703,1360,44.68
54876,1801,1725,56.68
91511,504,1115,36.68
91511,713,2486,81.68
60184,1703,2821,92.68
81507,108,2821,92.68
81507,305,1421,46.68
81507,307,1421,46.68
81507,411,3916,128.68
81507,809,2882,94.68
81507,916,1115,36.68
81507,1407,3916,128.68
81507,1617,2090,68.68
81507,1622,3916,128.68
81507,1634,3916,128.68
81507,1637,3916,128.68
81507,1798,2882,94.68
47565,304,1360,44.68
47565,1112,1725,56.68
47565,1605,1907,62.68
47565,1616,1968,64.68
47565,1637,1968,64.68
47565,1698,1968,64.68
47565,1801,1452,47.68
47565,1898,1725,56.68
89622,1810,3033,99.68
62433,1798,1207,39.68
71395,304,1756,57.68
71395,305,1756,57.68
71395,306,1756,57.68
71395,713,2363,77.68
71395,914,1511,49.68
71395,916,1603,52.68
71395,1312,2913,95.68
71395,1617,5255,172.68
71395,1812,5469,179.68
50616,102,2090,68.68
50616,304,4767,156.68
50616,608,1725,56.68
50616,1801,5743,188.68
50616,1803,1664,54.68
50616,1817,1391,45.68
41161,104,1480,48.68
41161,202,4647,152.68
41161,304,4282,140.68
41161,305,3551,116.68
41161,710,3916,128.68
41161,713,1695,55.68
41161,898,2821,92.68
41161,914,1725,56.68
41161,916,3551,116.68
41161,1198,2090,68.68
41161,1312,1725,56.68
35825,109,933,30.68
35825,305,933,30.68
35825,1106,933,30.68
55927,712,3916,128.68
33023,304,902,29.68
33023,305,902,29.68
3224,406,1817,59.68
3224,410,1817,59.68
3224,705,1268,41.68
3224,1605,2029,66.68
82773,398,1391,45.68
82773,407,1633,53.68
82773,610,1115,36.68
82773,715,1055,34.68
82773,1816,1025,33.68
1315,304,994,32.68
1315,305,994,32.68
1315,1803,2729,89.68
1315,1817,2760,90.68
99751,404,2668,87.68
99751,411,3671,120.68
99751,432,690,22.68
99751,498,1299,42.68
99751,916,3582,117.68
99751,1117,3278,107.68
99751,1701,3763,123.68
99751,1705,660,21.68
99751,1801,3643,119.68
85608,304,2182,71.68
95702,102,2455,80.68
95702,304,3247,106.68
95702,498,780,25.68
95702,708,2760,90.68
95702,1703,2241,73.68
63081,1701,2972,97.68
63081,1809,3186,104.68
63081,1810,3186,104.68
49265,498,1207,39.68
49265,1898,1238,40.68
49265,1998,1207,39.68
62006,305,1025,33.68
62006,306,1025,33.68
62006,405,933,30.68
62006,914,902,29.68
62006,1605,872,28.68
31691,304,933,30.68
31691,306,1511,49.68
31691,398,1511,49.68
31691,426,1391,45.68
31691,712,2486,81.68
31691,713,1330,43.68
31691,916,1025,33.68
31691,1609,2852,93.68
31691,1898,1177,38.68
10094,102,1238,40.68
10094,205,2029,66.68
10094,432,1238,40.68
10094,711,1695,55.68
10094,1110,1268,41.68
10094,1617,1146,37.68
55061,201,1511,49.68
55061,202,994,32.68
55061,305,1817,59.68
55061,404,3003,98.68
55061,713,2638,86.68
55061,1112,1025,33.68
55061,1215,3278,107.68
95826,1803,690,22.68
95826,1817,660,21.68
30428,202,1086,35.68
60607,102,1421,46.68
60607,205,1268,41.68
60607,605,1238,40.68
60607,1113,1238,40.68
60607,1215,1421,46.68
60607,1801,4708,154.68
9622,914,841,27.68
9622,916,841,27.68
24405,202,3156,103.68
24405,407,3217,105.68
24405,1617,3125,102.68
24405,1802,902,29.68
24405,1813,2090,68.68
24405,1898,3033,99.68
45178,305,4586,150.68
45178,306,4586,150.68
45178,313,5316,174.68
45178,1117,5316,174.68
45178,1704,3033,99.68
45178,1803,1480,48.68
45178,1817,1268,41.68
43572,1705,1360,44.68
43572,1709,2760,90.68
76721,108,1025,33.68
76721,408,1025,33.68
76721,412,933,30.68
76721,415,933,30.68
10868,1104,3916,128.68
59285,102,2394,78.68
59285,115,1876,61.68
59285,205,1664,54.68
59285,406,3855,126.68
59285,412,3582,117.68
59285,712,4951,162.68
41194,415,994,32.68
41194,428,994,32.68
41194,429,994,32.68
41194,1613,5529,181.68
41194,1710,1299,42.68
41194,1816,5498,180.68
82756,202,2576,84.68
82756,305,1177,38.68
82756,306,1177,38.68
82756,313,2941,96.68
82756,407,2516,82.68
82756,423,2516,82.68
82756,426,2516,82.68
82756,713,2121,69.68
82756,915,1725,56.68
82756,1605,2941,96.68
82756,1617,2363,77.68
82756,1801,1511,49.68
82756,1812,1786,58.68
97917,1215,690,22.68
97917,1701,1542,50.68
3652,313,4708,154.68
3652,1817,1055,34.68
70986,202,3125,102.68
70986,406,3125,102.68
70986,1630,3612,118.68
70986,1801,1664,54.68
46459,201,1817,59.68
46459,202,3702,121.68
46459,406,1391,45.68
46459,428,2151,70.68
46459,713,5285,173.68
46459,1113,2486,81.68
46459,1703,1360,44.68
85055,713,902,29.68
39372,405,1360,44.68
39372,410,1391,45.68
39372,411,1391,45.68
70542,304,902,29.68
70542,311,3398,111.68
70542,1215,1817,59.68
1407,1617,2394,78.68
9007,306,2638,86.68
9007,398,2638,86.68
9007,1011,2090,68.68
9007,1817,1360,44.68
88462,698,902,29.68
2023,304,1786,58.68
2023,305,1786,58.68
2023,1622,4464,146.68
2023,1634,4464,146.68
2023,1637,4464,146.68
96620,101,1025,33.68
96620,304,1146,37.68
96620,307,1146,37.68
96620,1801,3278,107.68
53709,304,1025,33.68
53709,916,3763,123.68
53709,1802,2699,88.68
53709,1813,2699,88.68
53709,1817,1452,47.68
666,304,964,31.68
666,305,964,31.68
666,709,1876,61.68
666,809,1876,61.68
666,1111,2972,97.68
666,1801,4221,138.68
103558,304,507,16.68
68598,1801,1207,39.68
87767,304,4617,151.68
87767,305,4617,151.68
87767,1106,2791,91.68
87767,1113,2791,91.68
87767,1312,2060,67.68
87767,1614,3186,104.68
87767,1627,2791,91.68
87767,1637,4252,139.68
87767,1812,4617,151.68
48075,411,3612,118.68
48075,713,3337,109.68
48075,1105,1907,62.68
48075,1798,1511,49.68
65166,304,3490,114.68
65166,307,3490,114.68
65166,411,3916,128.68
65166,428,1664,54.68
65166,432,3156,103.68
65166,708,1025,33.68
65166,1113,1177,38.68
65166,1609,2760,90.68
65166,1816,3490,114.68
39567,305,1299,42.68
39567,798,2455,80.68
39567,1098,3094,101.68
39567,1605,3094,101.68
39567,1630,3094,101.68
39567,1634,3094,101.68
61686,1001,3886,127.68
61686,202,3794,124.68
61686,304,1998,65.68
61686,305,1998,65.68
61686,408,2121,69.68
61686,415,1268,41.68
61686,705,841,27.68
61686,1801,3398,111.68
61686,1809,2486,81.68
31658,498,1968,64.68
96018,298,1146,37.68
96018,307,749,24.68
96018,406,4798,157.68
96018,608,1146,37.68
96018,809,690,22.68
96018,1211,1146,37.68
96018,1214,1786,58.68
96018,1701,2638,86.68
96018,1810,5529,181.68
84385,1598,3671,120.68
84385,304,1330,43.68
84385,1117,3671,120.68
63669,109,2607,85.68
63669,504,1299,42.68
63669,519,1299,42.68
63669,605,1299,42.68
63669,1305,1146,37.68
63669,1309,933,30.68
63669,1704,4037,132.68
63669,1805,5682,186.68
34175,1110,1086,35.68
70179,202,2547,83.68
70179,205,1633,53.68
70179,1110,2547,83.68
70179,1817,2791,91.68
84122,108,841,27.68
84122,1801,994,32.68
84122,1817,902,29.68
51050,1198,5955,195.68
51050,305,872,28.68
51050,398,872,28.68
51050,1637,3977,130.68
77619,109,1511,49.68
77619,198,1511,49.68
77619,202,4099,134.68
77619,406,4099,134.68
77619,423,4099,134.68
77619,426,4099,134.68
77619,428,1360,44.68
77619,1105,1876,61.68
77619,1215,3612,118.68
77619,1605,4099,134.68
77619,1628,2941,96.68
77619,1703,1480,48.68
77619,1798,3916,128.68
16013,423,1876,61.68
16013,1898,964,31.68
85235,1622,9821,322.68
77318,605,994,32.68
77318,698,994,32.68
35889,108,2455,80.68
35889,202,1268,41.68
35889,304,994,32.68
35889,305,2182,71.68
35889,1605,2121,69.68
35889,1617,2455,80.68
10361,705,1146,37.68
10361,708,3702,121.68
10361,709,3702,121.68
10361,712,1876,61.68
10361,803,1845,60.68
10361,805,964,31.68
10361,809,1876,61.68
10361,1105,933,30.68
10361,1109,2972,97.68
10361,1298,2972,97.68
6332,411,1391,45.68
6332,426,1238,40.68
6332,1616,1603,52.68
22150,304,933,30.68
27752,108,902,29.68
27752,1616,4555,149.68
27752,1801,4313,141.68
60231,1801,1876,61.68
54424,501,933,30.68
54424,202,1330,43.68
54424,406,3156,103.68
54424,410,2913,95.68
54424,411,3278,107.68
54424,518,933,30.68
54424,1110,3094,101.68
54424,1817,1086,35.68
88670,298,2272,74.68
88670,304,4433,145.68
88670,305,4433,145.68
88670,310,4433,145.68
88670,311,4374,143.68
88670,602,2272,74.68
88670,605,2272,74.68
88670,1414,1907,62.68
88670,1622,4433,145.68
70914,110,3551,116.68
70914,117,1725,56.68
70914,405,1664,54.68
70914,1617,1845,60.68
74622,1198,4586,150.68
74622,109,1360,44.68
74622,432,4647,152.68
74622,1117,4586,150.68
29769,304,1360,44.68
29769,305,994,32.68
29769,306,994,32.68
29769,307,1360,44.68
29769,313,1360,44.68
29769,1112,1360,44.68
29769,1113,1360,44.68
88062,498,841,27.68
88062,1117,1360,44.68
16493,102,1511,49.68
16493,304,1391,45.68
16493,1113,1391,45.68
16493,1630,5316,174.68
85502,304,1756,57.68
85502,305,1756,57.68
85502,1117,3855,126.68
3052,1198,1452,47.68
54271,102,1146,37.68
54271,118,2121,69.68
54271,304,1086,35.68
54271,306,1086,35.68
54271,405,1146,37.68
54271,423,1146,37.68
54271,426,1146,37.68
54271,428,2972,97.68
54271,504,1146,37.68
54271,610,1055,34.68
54271,916,1480,48.68
54271,1701,6016,197.68
54271,1705,6016,197.68
68397,1801,3916,128.68
68397,1803,1695,55.68
67571,305,1360,44.68
67571,504,1511,49.68
67571,519,1511,49.68
67571,798,2241,73.68
64872,1804,1572,51.68
90306,428,1055,34.68
69598,198,1725,56.68
69598,201,1572,51.68
69598,305,5743,188.68
69598,306,4678,153.68
69598,608,5894,193.68
69598,717,1542,50.68
69598,803,1055,34.68
69598,898,933,30.68
69598,909,749,24.68
69598,1198,2547,83.68
69598,1211,5894,193.68
69598,1637,6716,220.68
69598,1898,2547,83.68
91308,205,1115,36.68
91308,424,5408,177.68
91308,432,3886,127.68
91308,714,1421,46.68
91308,1017,5408,177.68
91308,1105,3643,119.68
91308,1113,1115,36.68
91308,1198,4678,153.68
91308,1298,1115,36.68
91308,1898,3612,118.68
40873,298,1633,53.68
40873,398,1633,53.68
40873,411,1542,50.68
40873,430,1452,47.68
40873,610,1603,52.68
40873,1617,1633,53.68
100227,198,2638,86.68
100227,205,1268,41.68
100227,426,2547,83.68
100227,998,1086,35.68
100227,1113,2547,83.68
45534,1812,1177,38.68
34329,202,3947,129.68
34329,407,3947,129.68
34329,425,4433,145.68
34329,1614,4433,145.68
34329,1634,4433,145.68
34329,1698,4433,145.68
34329,1801,1725,56.68
34329,1811,1725,56.68
91946,914,3671,120.68
91946,1617,4282,140.68
97652,411,660,21.68
97652,713,3368,110.68
97652,915,3459,113.68
91513,915,2791,91.68
91513,1113,1725,56.68
91513,1810,4252,139.68
91513,1817,872,28.68
95210,916,1452,47.68
95210,1817,841,27.68
73361,107,1511,49.68
73361,298,1511,49.68
73361,698,1511,49.68
73361,798,841,27.68
32390,109,1907,62.68
32390,205,1299,42.68
32390,298,2547,83.68
32390,305,2363,77.68
32390,498,2638,86.68
32390,713,2760,90.68
32390,1110,2972,97.68
32390,1198,1725,56.68
32390,1305,2576,84.68
32390,1898,1907,62.68
91509,405,1268,41.68
91509,914,902,29.68
91509,1113,994,32.68
25372,304,1238,40.68
25372,305,1238,40.68
25372,713,1360,44.68
25372,1804,2821,92.68
25372,1898,1238,40.68
49631,1112,1572,51.68
49631,1113,1572,51.68
23924,102,1421,46.68
23924,398,1421,46.68
23924,798,1876,61.68
23924,1198,2182,71.68
23924,1616,1876,61.68
23924,1804,2210,72.68
23924,1805,2210,72.68
23924,1808,2210,72.68
23924,1809,2210,72.68
23924,1810,2210,72.68
23924,1812,2210,72.68
23924,1814,2210,72.68
23924,1816,2210,72.68
23924,1898,2272,74.68
7335,304,2455,80.68
7335,305,2455,80.68
7335,1801,4008,131.68
7335,1811,2913,95.68
88495,102,1391,45.68
88495,307,3582,117.68
88495,908,1025,33.68
88495,1105,2029,66.68
88495,1113,1025,33.68
88495,1898,2729,89.68
90763,202,841,27.68
90763,1601,841,27.68
90763,1603,5469,179.68
90763,1627,841,27.68
90763,1898,3855,126.68
69158,426,1055,34.68
69158,714,1268,41.68
69158,719,933,30.68
69158,915,1664,54.68
69158,916,933,30.68
69158,1617,2760,90.68
39587,304,1299,42.68
39587,305,2060,67.68
39587,306,2060,67.68
39587,426,2425,79.68
39587,1616,4982,163.68
39587,1701,1572,51.68
39587,1703,1299,42.68
39587,1704,1025,33.68
39587,1801,2060,67.68
39587,1817,1695,55.68
39587,1898,1664,54.68
14264,102,2182,71.68
14264,809,2821,92.68
14264,915,3612,118.68
35935,305,872,28.68
35935,504,841,27.68
35935,714,4739,155.68
50904,1110,1086,35.68
26204,504,1391,45.68
62417,1106,5377,176.68
62417,1110,5377,176.68
62417,1113,3916,128.68
12379,411,3217,105.68
12379,423,3217,105.68
12379,426,1998,65.68
12379,705,2547,83.68
27706,304,3064,100.68
27706,1105,2302,75.68
27706,1801,2913,95.68
73561,423,994,32.68
73561,916,1633,53.68
2425,1598,2455,80.68
2425,304,1633,53.68
2425,602,2455,80.68
2425,709,2182,71.68
2425,809,2029,66.68
2425,1104,2547,83.68
2425,1801,1998,65.68
2425,1816,2182,71.68
24444,304,1330,43.68
24444,1113,1786,58.68
24444,1701,4160,136.68
38602,412,1086,35.68
38602,426,1146,37.68
38602,712,1086,35.68
38602,1609,1360,44.68
38602,1617,1238,40.68
13218,202,964,31.68
86685,1605,1391,45.68
86685,1610,1756,57.68
86496,405,2090,68.68
86496,1705,1845,60.68
63947,424,1391,45.68
19085,1312,1845,60.68
12126,1108,3916,128.68
12126,1113,3794,124.68
12126,1114,3916,128.68
86326,1015,4099,134.68
85322,101,1817,59.68
85322,201,2241,73.68
85322,1215,2241,73.68
29391,713,2302,75.68
29391,1813,2302,75.68
29391,1817,1633,53.68
45752,915,1968,64.68
81751,305,1086,35.68
81751,602,1086,35.68
81751,1810,1115,36.68
81751,1817,1055,34.68
86679,1704,2060,67.68
60824,415,2333,76.68
60824,1117,1115,36.68
97368,708,660,21.68
97368,1616,690,22.68
59677,306,872,28.68
6863,713,2913,95.68
6863,804,1086,35.68
6863,809,1421,46.68
6863,906,2090,68.68
6863,1607,4739,155.68
6863,1616,3916,128.68
6863,1617,5438,178.68
6863,1704,2182,71.68
6863,1708,5408,177.68
6863,1801,4586,150.68
6863,1812,3186,104.68
88651,1215,994,32.68
77395,424,1177,38.68
77395,1612,1177,38.68
4589,411,2060,67.68
6209,406,1146,37.68
6209,708,933,30.68
6209,1119,1998,65.68
6209,1605,1725,56.68
6209,1801,2182,71.68
6209,1817,1786,58.68
95764,203,1572,51.68
95764,306,841,27.68
95764,411,1360,44.68
86179,1812,902,29.68
86179,1817,964,31.68
62629,426,1421,46.68
82040,914,1998,65.68
82040,998,1998,65.68
82040,1801,1725,56.68
82040,1898,1968,64.68
78699,298,1452,47.68
78699,428,2394,78.68
78699,1801,1421,46.68
51684,305,964,31.68
77263,202,1146,37.68
77263,1701,2760,90.68
77263,1798,2333,76.68
77263,1898,2638,86.68
35240,1812,6200,203.68
35240,1901,4708,154.68
60137,798,1268,41.68
60137,1113,1025,33.68
69523,410,1421,46.68
69523,412,1268,41.68
69523,1622,1360,44.68
82535,201,1238,40.68
82535,298,1238,40.68
22559,426,964,31.68
95085,708,2302,75.68
95085,1112,1786,58.68
95085,1113,1786,58.68
39509,1898,3125,102.68
90260,305,1360,44.68
90260,306,1391,45.68
90260,426,2425,79.68
12429,202,1998,65.68
12429,803,2060,67.68
96783,101,5347,175.68
96783,104,4282,140.68
96783,106,2029,66.68
96783,201,5347,175.68
96783,101,4982,163.68
96783,104,4617,151.68
96783,112,2791,91.68
96783,205,4982,163.68
96783,305,4525,148.68
96783,398,4525,148.68
96783,405,1937,63.68
96783,412,1937,63.68
96783,1216,2333,76.68
62153,202,3398,111.68
62153,205,1146,37.68
62153,1110,1511,49.68
62153,1113,1511,49.68
62153,1198,1511,49.68
62153,1617,2455,80.68
39117,304,994,32.68
39117,423,2425,79.68
39117,1198,2210,72.68
39117,1817,964,31.68
39117,1898,2302,75.68
91218,1812,1786,58.68
3609,304,902,29.68
3609,306,902,29.68
3609,1601,1756,57.68
3609,1609,4068,133.68
3609,1617,4068,133.68
3609,1701,2638,86.68
3609,1703,1817,59.68
3609,1801,1511,49.68
76964,915,3612,118.68
76964,916,2882,94.68
76964,1637,2791,91.68
95183,1105,1511,49.68
95183,1108,902,29.68
78782,304,2668,87.68
78782,306,2394,78.68
78782,428,2913,95.68
78782,915,1421,46.68
78782,916,1421,46.68
78782,998,1421,46.68
78782,1803,2241,73.68
37606,102,1786,58.68
37606,205,994,32.68
37606,304,1268,41.68
37606,305,1268,41.68
37606,411,1086,35.68
37606,608,2516,82.68
37606,1113,1055,34.68
37606,1211,2516,82.68
45323,405,1725,56.68
45323,410,1452,47.68
45323,426,1725,56.68
45323,712,2210,72.68
45323,1110,1756,57.68
5227,101,3855,126.68
5227,198,1238,40.68
5227,1616,2972,97.68
37725,107,1725,56.68
37725,116,1725,56.68
37725,411,4555,149.68
37725,432,4555,149.68
37725,1701,5104,167.68
37725,1810,3278,107.68
84524,1817,872,28.68
95675,202,902,29.68
95675,304,811,26.68
95675,305,2151,70.68
95675,405,660,21.68
95675,421,660,21.68
95675,423,902,29.68
95675,1112,1299,42.68
95675,1609,3916,128.68
95675,1634,3916,128.68
93554,405,2852,93.68
93554,407,2060,67.68
93554,426,1299,42.68
93554,1617,2576,84.68
93554,1628,2060,67.68
89085,304,3398,111.68
89085,306,3398,111.68
89085,406,6534,214.68
89085,407,1664,54.68
89085,432,4890,160.68
89085,605,994,32.68
89085,803,1299,42.68
89085,1110,6624,217.68
89085,1112,1817,59.68
89085,1113,5012,164.68
89085,1312,5132,168.68
89085,1627,5621,184.68
89085,1801,4647,152.68
45960,1105,1207,39.68
59356,1619,1695,55.68
67481,306,3521,115.68
67481,411,3156,103.68
67481,705,2791,91.68
67481,1703,3521,115.68
17898,109,3186,104.68
17898,202,3551,116.68
17898,304,4160,136.68
17898,313,4160,136.68
17898,405,2882,94.68
17898,426,2455,80.68
17898,498,2090,68.68
17898,714,3217,105.68
17898,1113,1452,47.68
17898,1305,1360,44.68
17898,1709,1572,51.68
17220,405,964,31.68
102750,112,1115,36.68
102750,708,568,18.68
102750,1609,902,29.68
102750,1617,902,29.68
52376,1898,2455,80.68
25301,1801,2791,91.68
52666,104,1876,61.68
52666,1703,1268,41.68
46285,304,4767,156.68
46285,305,4767,156.68
46285,306,4767,156.68
46285,307,4767,156.68
46285,504,4068,133.68
46285,512,2913,95.68
46285,519,2913,95.68
46285,598,2486,81.68
46285,705,2607,85.68
46285,908,3337,109.68
46285,1111,4037,132.68
46285,1117,4798,157.68
46285,1210,4037,132.68
46285,1609,6412,210.68
46285,1617,6412,210.68
46285,1634,6412,210.68
46285,1812,5408,177.68
1609,109,1025,33.68
1609,198,1299,42.68
1609,407,902,29.68
1609,426,1786,58.68
1609,601,933,30.68
1609,1008,3521,115.68
1609,1801,933,30.68
32821,1701,1876,61.68
74333,313,1968,64.68
74333,705,1664,54.68
74333,1015,1452,47.68
74333,1605,1876,61.68
74333,1609,933,30.68
74333,1704,1207,39.68
74333,1817,1695,55.68
16908,101,4555,149.68
16908,112,3551,116.68
16908,412,4555,149.68
16908,428,2090,68.68
16908,705,3186,104.68
16908,809,1268,41.68
16908,915,3551,116.68
16908,1113,1876,61.68
16908,1801,2302,75.68
80426,1017,3490,114.68
80426,1708,1452,47.68
85594,201,1025,33.68
85594,1105,902,29.68
73237,1634,1421,46.68
86048,304,1756,57.68
86048,305,1725,56.68
86048,307,1756,57.68
86048,398,1756,57.68
7009,426,2760,90.68
7009,498,3033,99.68
7009,1014,4037,132.68
7009,1609,1115,36.68
7009,1622,4037,132.68
7009,1637,3947,129.68
7009,1640,4037,132.68
80096,1113,1756,57.68
80096,1298,1391,45.68
80096,1617,3033,99.68
80096,1701,964,31.68
57945,202,1360,44.68
99832,1113,994,32.68
99832,1801,1756,57.68
55573,798,1238,40.68
55573,1811,1330,43.68
74037,305,1695,55.68
74037,306,1695,55.68
74037,1105,841,27.68
74037,1112,3125,102.68
74037,1710,3186,104.68
74037,1798,3582,117.68
22244,198,1725,56.68
22244,305,1817,59.68
22244,406,5043,165.68
22244,423,5285,173.68
22244,498,1817,59.68
22244,1106,841,27.68
22244,1701,6504,213.68
22835,1898,1299,42.68
41029,304,1786,58.68
41029,307,1786,58.68
41029,504,3186,104.68
41029,705,4525,148.68
41029,1637,1055,34.68
45171,305,1998,65.68
45171,428,933,30.68
89720,1498,5408,177.68
89720,510,902,29.68
89720,1113,2821,92.68
89720,1416,5408,177.68
89720,1812,2791,91.68
50920,304,1391,45.68
26885,423,933,30.68
90053,114,1421,46.68
90053,1215,1177,38.68
90053,1637,3702,121.68
90053,1817,902,29.68
18244,423,1330,43.68
57672,1701,1542,50.68
57672,1816,1025,33.68
14897,201,2821,92.68
14897,498,2821,92.68
14897,1105,3551,116.68
14897,1117,5012,164.68
14897,1704,4008,131.68
14897,1801,1725,56.68
14897,1898,3459,113.68
34730,423,1055,34.68
34730,426,1086,35.68
34730,798,964,31.68
16600,406,3429,112.68
16600,426,3429,112.68
16600,712,3429,112.68
16600,798,2363,77.68
16600,1113,3094,101.68
16600,1117,3429,112.68
20728,426,3278,107.68
20728,504,1695,55.68
20728,1801,3671,120.68
12304,305,902,29.68
12304,411,2791,91.68
12304,1637,2791,91.68
12304,1703,872,28.68
44939,414,2729,89.68
44939,798,1695,55.68
44939,1622,1115,36.68
26602,410,4586,150.68
26602,1312,1421,46.68
85425,305,2151,70.68
85425,1113,1786,58.68
85425,1215,4037,132.68
81577,306,2516,82.68
81577,405,1603,52.68
81577,916,2272,74.68
81577,1015,1786,58.68
81577,1817,2151,70.68
82142,905,1725,56.68
87017,498,872,28.68
86748,108,872,28.68
86748,306,2941,96.68
80847,1813,1207,39.68
20655,198,994,32.68
20655,406,1480,48.68
20655,411,1480,48.68
20655,1812,1115,36.68
65561,306,2638,86.68
65561,1816,2638,86.68
32098,306,933,30.68
32098,915,2182,71.68
32098,1112,1055,34.68
32098,1801,1146,37.68
32098,1810,1817,59.68
15809,102,1238,40.68
15809,428,1086,35.68
29496,423,2486,81.68
29496,428,749,24.68
66690,408,933,30.68
89652,203,2029,66.68
89652,206,1268,41.68
89652,708,2607,85.68
89652,1112,2791,91.68
89652,1118,2090,68.68
89652,1312,3886,127.68
89652,1616,3551,116.68
50596,1801,2090,68.68
3358,116,2151,70.68
3358,1812,2791,91.68
90539,108,841,27.68
90539,202,2607,85.68
90539,426,2760,90.68
90539,714,1330,43.68
90539,1709,2425,79.68
58948,1617,1633,53.68
22585,415,1238,40.68
22585,1601,3247,106.68
35544,307,1238,40.68
35544,1617,1603,52.68
48234,102,1786,58.68
48234,201,1817,59.68
48234,414,3886,127.68
48234,498,3582,117.68
48234,1113,1937,63.68
48234,1630,5863,192.68
48234,1809,5863,192.68
48234,1817,4586,150.68
34854,1701,902,29.68
34854,1703,1299,42.68
31961,108,1115,36.68
31961,705,872,28.68
31961,1215,841,27.68
31961,1637,1907,62.68
31961,1813,2455,80.68
98105,1105,2029,66.68
76863,1305,1055,34.68
76863,1815,1025,33.68
88433,304,933,30.68
88433,405,1817,59.68
90472,713,1845,60.68
72437,1108,1025,33.68
29899,428,1391,45.68
29899,705,1817,59.68
29899,713,3033,99.68
29899,1801,1330,43.68
29899,1815,3582,117.68
12565,305,3337,109.68
12565,1801,3977,130.68
12565,1817,4402,144.68
89232,1105,994,32.68
89232,1304,2210,72.68
89232,1622,964,31.68
89232,1634,964,31.68
58371,1110,1695,55.68
73170,198,1330,43.68
73170,109,1330,43.68
73170,112,1330,43.68
73170,415,1330,43.68
73170,423,1330,43.68
73170,1622,1421,46.68
73170,1703,994,32.68
73170,1812,872,28.68
11654,202,2210,72.68
11654,407,2210,72.68
11654,408,2210,72.68
11654,415,2210,72.68
11654,426,2210,72.68
11654,798,811,26.68
11654,1634,3156,103.68
99033,304,1360,44.68
99033,305,721,23.68
99033,432,660,21.68
99033,1817,690,22.68
99033,1898,721,23.68
296,1605,1146,37.68
57996,108,933,30.68
57996,1617,1572,51.68
57996,1701,1937,63.68
57996,1801,1725,56.68
57996,1813,1756,57.68
72737,916,1146,37.68
1116,408,2852,93.68
1116,426,2852,93.68
1116,798,2791,91.68
1116,1111,1146,37.68
3085,116,1876,61.68
3085,202,3886,127.68
3085,304,2607,85.68
3085,305,1146,37.68
3085,405,3886,127.68
3085,407,3886,127.68
3085,411,964,31.68
3085,412,3886,127.68
3085,426,3886,127.68
3085,429,3886,127.68
3085,712,3886,127.68
3085,1312,3886,127.68
37480,498,1756,57.68
37480,1801,2486,81.68
91783,202,2363,77.68
91783,310,2668,87.68
91783,406,2333,76.68
91783,415,2333,76.68
91783,426,2333,76.68
91783,906,2151,70.68
91783,1626,2151,70.68
64589,1898,1177,38.68
26592,432,872,28.68
26592,498,902,29.68
26592,1703,1115,36.68
26592,1704,994,32.68
76829,201,1299,42.68
76829,608,2090,68.68
76829,803,2090,68.68
76829,908,2090,68.68
76829,1211,2090,68.68
78604,108,1330,43.68
78604,1816,1391,45.68
29800,198,1480,48.68
29800,304,994,32.68
29800,1113,1480,48.68
29800,1215,3916,128.68
35169,914,964,31.68
35169,915,6259,205.68
35169,1105,2029,66.68
35169,1703,1633,53.68
54618,412,933,30.68
54618,1634,3156,103.68
54618,1898,1542,50.68
51539,304,3186,104.68
62447,108,1664,54.68
62447,1627,2272,74.68
62447,1812,872,28.68
72570,304,1146,37.68
72570,305,2241,73.68
72570,307,2241,73.68
72570,1801,2241,73.68
69210,1633,2486,81.68
69210,1801,4647,152.68
38381,205,1086,35.68
38381,304,1876,61.68
38381,428,1725,56.68
38381,1112,1086,35.68
90076,708,933,30.68
17741,307,994,32.68
17741,411,1695,55.68
17741,504,1360,44.68
17741,1622,1695,55.68
7008,432,1391,45.68
7008,1617,1756,57.68
7008,1803,1299,42.68
15200,1817,1146,37.68
89358,1116,1603,52.68
88557,202,933,30.68
88557,423,841,27.68
75496,1898,1391,45.68
73186,1105,1572,51.68
47965,1598,1695,55.68
47965,914,1695,55.68
47965,1634,1756,57.68
39653,426,1055,34.68
39653,916,933,30.68
39653,1619,1845,60.68
39653,1622,1845,60.68
39653,1634,1845,60.68
39653,1637,1845,60.68
79027,425,5043,165.68
79027,708,1086,35.68
79027,915,872,28.68
79027,916,872,28.68
79027,1312,872,28.68
79437,206,933,30.68
79437,305,933,30.68
79437,306,933,30.68
79437,1215,3977,130.68
79437,1701,3916,128.68
79437,1704,2638,86.68
4805,424,1330,43.68
4805,1703,1299,42.68
24073,411,1664,54.68
24073,916,1207,39.68
24073,1015,1207,39.68
24073,1113,2241,73.68
24073,1637,1115,36.68
27023,101,1146,37.68
27023,104,2241,73.68
27023,305,2241,73.68
27023,412,4617,151.68
27023,908,2576,84.68
27023,1106,1115,36.68
27023,1605,4951,162.68
27023,1617,1177,38.68
27023,1627,4008,131.68
88581,313,933,30.68
88581,1117,933,30.68
83555,108,3824,125.68
83555,411,3977,130.68
83555,432,3977,130.68
83555,1810,3306,108.68
87878,698,1207,39.68
87878,1108,3977,130.68
87878,1113,2760,90.68
87878,1305,1055,34.68
87878,1801,5804,190.68
87878,1802,3733,122.68
87878,1898,4221,138.68
10269,405,3064,100.68
10269,915,5498,180.68
80799,304,1391,45.68
80799,305,1391,45.68
80799,307,1391,45.68
80799,698,4313,141.68
80799,1117,3278,107.68
80799,1898,994,32.68
41548,304,1238,40.68
41548,307,1238,40.68
41548,1801,1876,61.68
41548,1812,3094,101.68
41548,1817,2882,94.68
43553,1801,1937,63.68
81249,798,1330,43.68
51253,304,2852,93.68
51253,407,1299,42.68
51253,809,2821,92.68
51253,1112,2486,81.68
86006,108,811,26.68
86006,1114,2029,66.68
13679,202,964,31.68
13679,305,1360,44.68
13679,306,4647,152.68
13679,1804,5498,180.68
13679,1810,5498,180.68
1321,798,1268,41.68
36263,1105,841,27.68
5429,108,2486,81.68
5429,304,1207,39.68
5429,305,2060,67.68
5429,306,2060,67.68
5429,406,841,27.68
5429,1110,1207,39.68
5429,1616,2090,68.68
5429,1617,2090,68.68
5429,1898,2060,67.68
53965,407,1452,47.68
53965,915,2394,78.68
53965,1118,2182,71.68
22425,1617,1330,43.68
22425,1634,1391,45.68
22425,1803,1025,33.68
20262,916,1421,46.68
64568,426,2394,78.68
79146,304,1025,33.68
79146,798,1025,33.68
74506,202,4525,148.68
74506,705,841,27.68
74506,1701,1480,48.68
74506,1805,2852,93.68
87573,1627,2182,71.68
87573,1706,2486,81.68
87573,1813,994,32.68
87573,1817,1725,56.68
93367,306,1207,39.68
93367,1605,1542,50.68
93367,1609,933,30.68
93367,1622,1268,41.68
93367,1801,1572,51.68
73757,202,1025,33.68
57242,305,2425,79.68
57242,610,5163,169.68
57242,712,5163,169.68
57242,898,2425,79.68
57242,914,3521,115.68
57242,916,3521,115.68
57242,1015,3521,115.68
57242,1105,1664,54.68
57242,1407,1330,43.68
57242,1412,1330,43.68
57242,1605,5163,169.68
19601,108,1299,42.68
19601,426,2151,70.68
27203,198,1360,44.68
27203,306,1968,64.68
27203,426,1421,46.68
27203,1110,1937,63.68
27203,1619,1968,64.68
27203,1801,1115,36.68
27203,1817,841,27.68
71470,405,2547,83.68
71470,406,2090,68.68
71470,1617,2151,70.68
78562,423,3064,100.68
78562,713,2576,84.68
83538,202,1786,58.68
97061,1616,780,25.68
82797,306,3551,116.68
82797,1105,3247,106.68
82797,1198,2182,71.68
82797,1817,2182,71.68
35294,403,5316,174.68
35294,304,4190,137.68
35294,305,2882,94.68
35294,498,1391,45.68
35294,1637,2791,91.68
35294,1710,5316,174.68
43284,305,1055,34.68
43284,1117,2821,92.68
6047,306,994,32.68
6047,404,1511,49.68
6047,915,1025,33.68
39684,424,1177,38.68
39684,1605,1360,44.68
39684,1812,2455,80.68
99255,304,1511,49.68
99255,612,2729,89.68
99255,705,2607,85.68
88863,313,2852,93.68
77079,412,1330,43.68
77079,423,1330,43.68
77079,1812,1025,33.68
24544,426,1299,42.68
24544,432,841,27.68
24544,712,1603,52.68
24544,1601,811,26.68
24544,1708,2272,74.68
6704,108,964,31.68
6704,412,1086,35.68
6704,426,1360,44.68
6704,916,1238,40.68
6704,1605,1330,43.68
6704,1616,1238,40.68
6704,1637,1452,47.68
6704,1801,1238,40.68
21526,202,4099,134.68
21526,304,1238,40.68
21526,1616,4099,134.68
21526,1622,4099,134.68
21526,1634,4099,134.68
21526,1640,4099,134.68
21526,1805,2121,69.68
43225,1798,1695,55.68
43225,1801,1268,41.68
63272,102,2210,72.68
63272,304,1756,57.68
63272,411,1633,53.68
63272,1612,4160,136.68
63272,1634,5743,188.68
63272,1709,3459,113.68
63272,1898,2394,78.68
100026,198,3429,112.68
100026,1802,3429,112.68
100026,1810,3671,120.68
38875,1812,1115,36.68
48336,504,5224,171.68
48336,305,994,32.68
48336,306,994,32.68
48336,504,5224,171.68
48336,1701,4282,140.68
48336,1801,3916,128.68
84612,1810,3033,99.68
9321,102,872,28.68
9321,304,2090,68.68
9321,311,1845,60.68
9321,504,933,30.68
9321,1113,1086,35.68
9321,1705,1542,50.68
95414,198,2210,72.68
95414,1112,1511,49.68
95414,1813,1572,51.68
95414,1998,2210,72.68
6726,1617,1603,52.68
4875,1708,3368,110.68
47380,304,1421,46.68
87469,1605,1207,39.68
41823,798,1146,37.68
87420,304,1268,41.68
87420,305,1786,58.68
87420,423,1876,61.68
87420,1312,1542,50.68
87420,1407,994,32.68
87420,1615,994,32.68
87420,1998,994,32.68
27492,202,1268,41.68
27492,1617,2241,73.68
14698,407,4494,147.68
14698,428,1603,52.68
17336,205,1146,37.68
17336,304,933,30.68
17336,432,964,31.68
17336,708,5377,176.68
17336,1112,933,30.68
17336,1119,2060,67.68
17336,1627,3459,113.68
17336,1703,1542,50.68
17336,1801,1115,36.68
69703,1105,1786,58.68
69703,1110,2547,83.68
69703,1801,1360,44.68
93968,1637,1603,52.68
12539,1605,1542,50.68
44373,202,2060,67.68
44373,406,2060,67.68
44373,1601,2060,67.68
44373,1617,1542,50.68
64118,198,1299,42.68
64118,1601,1299,42.68
64118,1627,1299,42.68
16746,423,4068,133.68
16746,428,4798,157.68
16746,705,3947,129.68
16746,1106,4068,133.68
16746,1110,4068,133.68
16746,1812,1299,42.68
69845,1198,2090,68.68
15932,708,1756,57.68
15932,1110,3217,105.68
15932,1708,2121,69.68
92443,915,902,29.68
92443,1640,1330,43.68
92443,1705,1786,58.68
92443,1898,1452,47.68
19612,423,1299,42.68
19612,713,1330,43.68
19612,914,1511,49.68
50647,1801,2699,88.68
6268,205,1146,37.68
6268,305,1207,39.68
6268,1105,2852,93.68
6268,1113,994,32.68
6268,1205,994,32.68
6268,1617,1207,39.68
6268,1710,1086,35.68
68276,1616,2121,69.68
68276,1701,1907,62.68
68276,1703,1207,39.68
68276,1801,994,32.68
95824,412,749,24.68
95824,415,749,24.68
33460,1005,1756,57.68
33460,1801,3217,105.68
75584,504,2516,82.68
75584,298,2486,81.68
75584,405,2486,81.68
75584,408,2486,81.68
75584,504,2547,83.68
75584,1110,1391,45.68
19376,498,1330,43.68
19376,1112,1572,51.68
67959,713,1603,52.68
67959,1616,1025,33.68
80927,202,5377,176.68
80927,914,1511,49.68
80927,1801,2821,92.68
80927,1817,2121,69.68
82770,304,3337,109.68
19777,411,3794,124.68
19777,423,2941,96.68
19777,432,3582,117.68
19777,1634,3794,124.68
19777,1803,3582,117.68
19777,1812,1025,33.68
19777,1815,3003,98.68
19777,1816,2394,78.68
12972,1215,2425,79.68
12972,1898,1086,35.68
32597,203,1025,33.68
4624,203,3247,106.68
4624,432,1360,44.68
4624,1605,3033,99.68
4624,1634,3094,101.68
21098,1619,1025,33.68
59379,307,1146,37.68
59379,798,1146,37.68
59379,809,1146,37.68
59379,916,1146,37.68
59379,1113,1146,37.68
59379,1809,3886,127.68
93589,1812,1695,55.68
35477,404,902,29.68
35477,405,902,29.68
35477,426,902,29.68
35477,1634,1542,50.68
35477,1898,1391,45.68
3623,202,2882,94.68
3623,304,1299,42.68
3623,428,749,24.68
3623,1407,964,31.68
3623,1610,964,31.68
3623,1637,2060,67.68
3623,1709,2668,87.68
47777,712,3094,101.68
47777,914,1603,52.68
47777,916,1238,40.68
47777,1112,1330,43.68
18787,304,599,19.68
18787,1627,5621,184.68
18787,1801,1086,35.68
9412,102,1937,63.68
9412,306,3763,123.68
9412,307,4617,151.68
9412,1112,3186,104.68
9412,1113,2791,91.68
9412,1617,3855,126.68
9412,1809,5347,175.68
84527,704,2394,78.68
84527,1701,1845,60.68
3012,304,2607,85.68
3012,305,2607,85.68
3012,307,2607,85.68
3012,408,3612,118.68
3012,410,3612,118.68
3012,411,3582,117.68
3012,423,2607,85.68
3012,698,3702,121.68
3012,705,2913,95.68
3012,1113,1511,49.68
12059,304,1876,61.68
12059,306,1876,61.68
60976,305,2852,93.68
8137,205,1633,53.68
8137,304,4798,157.68
8137,305,1391,45.68
8137,306,1391,45.68
8137,307,2121,69.68
8137,1113,1633,53.68
8137,1215,5043,165.68
8137,1216,1664,54.68
8137,1309,3702,121.68
8137,1312,1391,45.68
8137,1812,3459,113.68
80675,1801,3671,120.68
80675,1807,3671,120.68
76734,1622,1177,38.68
76734,1634,1177,38.68
92082,1701,1115,36.68
49251,202,1695,55.68
49251,408,1817,59.68
90387,304,964,31.68
90387,1801,2486,81.68
100177,304,5163,169.68
100177,306,3916,128.68
100177,504,2791,91.68
100177,512,994,32.68
100177,519,2791,91.68
100177,610,5529,181.68
100177,908,1391,45.68
100177,1106,3916,128.68
100177,1205,1511,49.68
100177,1312,1391,45.68
100177,1623,5529,181.68
100177,1801,5408,177.68
100177,1808,3947,129.68
100177,1809,3064,100.68
69167,307,1480,48.68
215,109,1025,33.68
215,305,1086,35.68
215,504,1786,58.68
215,1701,1937,63.68
215,1805,2121,69.68
215,1816,3186,104.68
215,1817,2060,67.68
74233,101,1845,60.68
74233,198,1845,60.68
74233,305,994,32.68
74233,1619,1907,62.68
88877,304,1786,58.68
88877,305,1330,43.68
88877,306,964,31.68
88877,398,1330,43.68
88877,426,1725,56.68
88877,504,964,31.68
72568,202,3977,130.68
72568,304,2090,68.68
72568,310,4739,155.68
72568,406,2121,69.68
72568,407,2121,69.68
72568,412,2121,69.68
72568,426,2121,69.68
39378,713,1786,58.68
39378,1612,2882,94.68
39378,1634,2882,94.68
28434,304,1907,62.68
28434,408,1268,41.68
67843,1609,3217,105.68
67843,1634,3217,105.68
67843,1803,872,28.68
41720,504,1817,59.68
41720,519,1817,59.68
41720,1117,2333,76.68
41720,1898,2333,76.68
93603,1637,872,28.68
94056,403,1177,38.68
94056,704,1177,38.68
94056,424,933,30.68
94056,1617,1207,39.68
94056,1624,1207,39.68
94056,1801,1115,36.68
84089,415,2363,77.68
84089,1703,902,29.68
5881,1198,1725,56.68
5881,304,933,30.68
5881,412,1695,55.68
5881,426,2090,68.68
5881,1817,933,30.68
5881,1998,1725,56.68
53183,423,1968,64.68
53183,708,2151,70.68
53183,1198,2972,97.68
8843,203,2121,69.68
8843,307,902,29.68
8843,411,1299,42.68
8843,1117,1238,40.68
8843,1801,1725,56.68
63983,306,1238,40.68
63983,1617,4374,143.68
83734,1708,1421,46.68
88477,916,994,32.68
88477,1709,1055,34.68
50242,101,1177,38.68
50242,102,1238,40.68
50242,201,1146,37.68
50242,205,1146,37.68
50242,305,4374,143.68
50242,309,4313,141.68
50242,713,3733,122.68
50242,915,1086,35.68
50242,998,1146,37.68
50242,1109,4374,143.68
50242,1112,4374,143.68
50242,1117,4313,141.68
50242,1205,1146,37.68
50242,1298,1238,40.68
50242,1803,964,31.68
50242,1804,6381,209.68
51241,428,1086,35.68
51241,612,2182,71.68
29820,1616,3156,103.68
29820,1619,3156,103.68
85354,423,933,30.68
85354,1105,1695,55.68
85354,1898,1695,55.68
13781,504,1238,40.68
13781,1619,4920,161.68
48709,102,964,31.68
48709,304,1480,48.68
48709,305,1480,48.68
48709,426,964,31.68
48709,498,964,31.68
82026,405,3398,111.68
82026,705,3186,104.68
82026,1622,3398,111.68
82026,1634,3398,111.68
82026,1637,3398,111.68
82026,1640,3398,111.68
82026,1816,3398,111.68
39414,1105,994,32.68
39414,1803,994,32.68
12749,1817,1817,59.68
88691,302,2913,95.68
88691,104,1725,56.68
88691,405,1725,56.68
88151,1215,1360,44.68
86371,101,1664,54.68
86371,1105,1907,62.68
86371,1307,1664,54.68
11634,704,2607,85.68
11634,304,1452,47.68
11634,1605,1603,52.68
92725,412,1146,37.68
92725,1617,1177,38.68
20621,708,1998,65.68
20621,1704,1968,64.68
63968,714,1115,36.68
63968,1622,1330,43.68
63968,1703,1115,36.68
63968,1798,1115,36.68
56341,1117,1998,65.68
56341,1637,1968,64.68
78236,304,994,32.68
78236,1703,933,30.68
74121,206,3671,120.68
74121,426,3947,129.68
74121,809,4433,145.68
74121,1106,964,31.68
74121,1116,4829,158.68
25614,202,4555,149.68
25614,432,994,32.68
25614,712,2913,95.68
25614,719,4525,148.68
25614,1710,1146,37.68
25614,1801,1268,41.68
25614,1803,964,31.68
25614,1812,1391,45.68
94889,1598,841,27.68
94889,1105,721,23.68
83343,1609,1480,48.68
69629,306,3643,119.68
69629,713,3459,113.68
69629,1105,1817,59.68
69629,1108,3551,116.68
69629,1198,1572,51.68
69629,1701,3337,109.68
69629,1817,2241,73.68
69629,1898,3551,116.68
2785,304,1452,47.68
2785,305,1452,47.68
2785,398,1452,47.68
2785,428,964,31.68
2785,713,1207,39.68
2785,1812,1330,43.68
97756,432,1086,35.68
97756,1007,1146,37.68
25755,108,1086,35.68
51685,108,964,31.68
51685,1605,1330,43.68
84155,1708,1299,42.68
84155,1815,1360,44.68
101883,304,2121,69.68
101883,415,1968,64.68
101883,798,2333,76.68
101883,1210,2182,71.68
101883,1801,3156,103.68
101883,1805,4890,160.68
101883,1810,4890,160.68
11161,304,933,30.68
48573,305,2302,75.68
48573,307,2302,75.68
25385,202,4708,154.68
25385,1198,1055,34.68
70804,119,2241,73.68
70804,198,1055,34.68
6238,406,2029,66.68
6238,407,2029,66.68
6238,705,2638,86.68
6238,1698,2455,80.68
78514,1813,1086,35.68
85309,305,1664,54.68
85309,426,3855,126.68
85309,606,2029,66.68
85309,1105,2760,90.68
85309,1111,2060,67.68
85309,1210,2060,67.68
85309,1898,2760,90.68
49323,1801,2791,91.68
49323,1817,4708,154.68
27020,428,3702,121.68
27020,915,2607,85.68
27020,1105,2241,73.68
94974,304,1086,35.68
94974,914,3490,114.68
94974,1801,2821,92.68
4018,1812,1511,49.68
4018,1816,1086,35.68
29554,198,749,24.68
10282,408,2882,94.68
39370,108,1207,39.68
39370,202,1207,39.68
39370,1617,1937,63.68
89642,1998,1238,40.68
3535,412,3398,111.68
3535,426,3398,111.68
3535,809,933,30.68
3535,1605,2607,85.68
27284,201,1299,42.68
27284,803,1238,40.68
27284,1105,5316,174.68
27284,1113,1907,62.68
27284,1216,1115,36.68
27284,1627,2394,78.68
27284,1801,2241,73.68
91185,415,2882,94.68
91185,708,3671,120.68
91185,1113,1725,56.68
91185,1614,4221,138.68
26033,116,1480,48.68
26033,304,2576,84.68
26033,305,2576,84.68
26033,307,1330,43.68
26033,423,872,28.68
26033,428,1725,56.68
26033,708,1086,35.68
26033,709,2455,80.68
26033,798,933,30.68
26033,809,2363,77.68
26033,914,1055,34.68
26033,916,1055,34.68
26033,1111,2363,77.68
26033,1203,2363,77.68
26033,1210,2363,77.68
91597,305,811,26.68
91597,311,1086,35.68
34349,428,2821,92.68
34349,1105,1055,34.68
3696,101,1391,45.68
3696,102,1391,45.68
3696,304,2029,66.68
3696,305,2029,66.68
3696,428,4221,138.68
3696,510,4221,138.68
3696,1119,2121,69.68
853,114,1452,47.68
93010,407,1695,55.68
97032,1622,994,32.68
97032,1706,749,24.68
82418,408,1817,59.68
82418,426,2913,95.68
82418,428,3702,121.68
82418,513,2182,71.68
82418,1312,2913,95.68
82418,1617,4555,149.68
82418,1801,1025,33.68
82418,1898,1238,40.68
54559,1109,1055,34.68
54559,1801,872,28.68
54559,1817,964,31.68
39532,102,2821,92.68
39532,205,994,32.68
39532,304,2821,92.68
39532,1105,5163,169.68
39532,1215,1238,40.68
39532,1617,5285,173.68
39532,1637,5285,173.68
39532,1817,3855,126.68
412,104,1025,33.68
412,108,1421,46.68
412,304,1055,34.68
412,305,4555,149.68
412,307,1055,34.68
412,405,994,32.68
412,411,933,30.68
412,426,994,32.68
412,514,1055,34.68
412,715,2333,76.68
412,801,4767,156.68
412,910,4798,157.68
412,1216,1055,34.68
412,1630,6078,199.68
412,1817,1025,33.68
412,1998,1817,59.68
95751,1801,811,26.68
7035,1605,2821,92.68
7035,1801,3247,106.68
52563,1701,1238,40.68
60337,1617,1452,47.68
60337,1640,1452,47.68
60337,1701,933,30.68
60337,1704,994,32.68
94724,411,721,23.68
94724,708,721,23.68
94724,1616,721,23.68
94724,1617,721,23.68
94724,1634,721,23.68
48376,712,2333,76.68
48376,1622,1055,34.68
48376,1634,1055,34.68
48376,1637,1055,34.68
48376,1815,1268,41.68
48376,1898,2333,76.68
1060,1617,1330,43.68
9519,1812,2333,76.68
7148,102,902,29.68
7148,304,1633,53.68
7148,307,1633,53.68
7148,1111,4555,149.68
2026,108,3306,108.68
2026,304,964,31.68
2026,312,964,31.68
2026,408,1025,33.68
2026,709,1817,59.68
2026,1617,3398,111.68
3537,428,1238,40.68
3537,504,964,31.68
3537,1617,2363,77.68
92712,798,1421,46.68
8739,415,1055,34.68
48346,202,4037,132.68
48346,206,3612,118.68
48346,708,2760,90.68
97506,1898,2516,82.68
10484,809,1756,57.68
20881,304,1055,34.68
20881,305,1055,34.68
20881,406,3368,110.68
20881,423,3368,110.68
20881,915,3368,110.68
20881,1215,1603,52.68
13760,428,902,29.68
13760,432,1299,42.68
13760,1215,3521,115.68
13760,1801,2455,80.68
79959,305,1360,44.68
79959,309,1360,44.68
79959,404,1360,44.68
33971,305,1452,47.68
33971,424,1055,34.68
33971,714,3156,103.68
33971,1616,1330,43.68
71261,411,2394,78.68
71261,425,2394,78.68
71261,1810,2333,76.68
80321,304,1086,35.68
80321,306,1756,57.68
80321,406,2547,83.68
80321,1305,1086,35.68
80321,1312,1817,59.68
80321,1605,5804,190.68
80321,1622,1452,47.68
80321,1634,1452,47.68
80321,1640,1452,47.68
80321,1798,4678,153.68
62790,305,1207,39.68
26343,198,1238,40.68
26343,408,902,29.68
26343,1605,2607,85.68
324,313,1695,55.68
324,1701,1299,42.68
33662,102,1511,49.68
33662,304,1146,37.68
33662,504,1146,37.68
33662,713,2151,70.68
33662,1813,1603,52.68
42407,411,2516,82.68
42407,426,2882,94.68
72997,426,2029,66.68
72997,1619,1664,54.68
6227,102,1146,37.68
6227,103,2121,69.68
8019,102,1511,49.68
8019,304,4647,152.68
8019,1118,1391,45.68
8019,1704,2029,66.68
8019,1813,4647,152.68
96515,412,1452,47.68
96313,202,780,25.68
96313,1198,1695,55.68
96313,1701,2638,86.68
96313,1801,933,30.68
82443,306,1115,36.68
82443,1615,2638,86.68
82443,1617,1421,46.68
55113,713,3824,125.68
55113,1311,3824,125.68
55113,1709,3763,123.68
55113,1802,4433,145.68
55113,1898,4433,145.68
92311,108,1086,35.68
92311,304,1817,59.68
92311,306,4798,157.68
92311,406,811,26.68
92311,411,6443,211.68
92311,426,6443,211.68
92311,605,4739,155.68
92311,606,4739,155.68
92311,610,2241,73.68
92311,711,811,26.68
92311,1106,1452,47.68
92311,1118,1452,47.68
92311,1205,1452,47.68
92311,1637,6169,202.68
19336,306,1268,41.68
19336,426,1786,58.68
19336,914,1268,41.68
19336,1801,2455,80.68
75472,202,964,31.68
75472,307,1603,52.68
75472,1215,1633,53.68
75472,1617,1695,55.68
75472,1634,1817,59.68
61101,202,872,28.68
93511,798,2090,68.68
93511,1817,1695,55.68
21277,426,994,32.68
21277,1617,1299,42.68
21277,1810,1268,41.68
53807,498,1177,38.68
53807,1622,1786,58.68
53807,1701,1086,35.68
53807,1817,811,26.68
53807,1998,1177,38.68
40768,504,1756,57.68
40768,504,1756,57.68
40768,1812,2607,85.68
43960,432,1025,33.68
43960,1215,1360,44.68
19939,102,1876,61.68
19939,305,964,31.68
19939,1117,5347,175.68
84483,304,4678,153.68
84483,398,994,32.68
84483,916,994,32.68
66099,202,1330,43.68
66099,426,1695,55.68
66099,1813,1633,53.68
40523,305,1268,41.68
40523,1801,1786,58.68
40523,1817,1055,34.68
68000,1198,2760,90.68
68000,1110,2760,90.68
68000,1801,1207,39.68
68000,1812,2882,94.68
45030,1704,1115,36.68
70739,107,4920,161.68
70739,305,2547,83.68
70739,504,1268,41.68
70739,519,1207,39.68
70739,1105,2668,87.68
70739,1898,2668,87.68
11284,412,2760,90.68
11284,1312,2760,90.68
65570,108,1756,57.68
65570,201,2241,73.68
65570,304,4617,151.68
65570,305,4617,151.68
65570,1205,2060,67.68
65570,1637,2791,91.68
68371,1803,1360,44.68
68371,1812,1360,44.68
12116,1617,2090,68.68
12116,1705,2210,72.68
22654,407,2182,71.68
22654,412,2182,71.68
22654,426,2182,71.68
22654,712,2182,71.68
22654,1007,2060,67.68
50188,304,1511,49.68
50188,307,1511,49.68
50188,423,1330,43.68
50188,710,1452,47.68
50188,1617,1664,54.68
66427,304,1207,39.68
66427,305,1207,39.68
66427,306,1207,39.68
66427,426,3125,102.68
66427,428,1207,39.68
66427,1614,902,29.68
6092,1813,1695,55.68
10765,426,721,23.68
10765,1622,2760,90.68
10765,1637,2941,96.68
79269,306,1633,53.68
79269,1215,1055,34.68
91136,1605,1268,41.68
19847,102,1876,61.68
19847,304,1146,37.68
19847,602,1115,36.68
19847,1113,2972,97.68
36244,1637,5469,179.68
85026,1605,872,28.68
85026,1617,872,28.68
81642,313,3337,109.68
81642,916,3278,107.68
81642,1113,2607,85.68
81642,1634,1146,37.68
81642,1817,2941,96.68
26200,102,1268,41.68
26200,998,3217,105.68
26200,1817,3459,113.68
32492,405,2151,70.68
32492,1703,1725,56.68
44588,198,933,30.68
44588,304,933,30.68
44588,428,933,30.68
44588,1113,933,30.68
44588,1627,5408,177.68
44588,1803,1268,41.68
89859,414,964,31.68
89859,712,841,27.68
89859,1617,3398,111.68
89859,1816,3125,102.68
97015,406,2060,67.68
97015,415,2060,67.68
99122,1801,749,24.68
99122,1805,2516,82.68
40721,101,3551,116.68
40721,1215,3125,102.68
42991,202,1695,55.68
42991,705,1452,47.68
42991,709,1268,41.68
42991,1813,1603,52.68
65523,1198,3521,115.68
65523,1609,5347,175.68
65523,1617,5347,175.68
65523,1630,5347,175.68
38143,612,1725,56.68
67414,504,6534,214.68
67414,102,1542,50.68
67414,201,1937,63.68
67414,305,2699,88.68
67414,504,6534,214.68
67414,1205,1756,57.68
67414,1810,6381,209.68
7072,101,1330,43.68
7072,102,1330,43.68
7072,202,5621,184.68
7072,205,1146,37.68
7072,304,1086,35.68
7072,306,2029,66.68
7072,405,5651,185.68
7072,407,5651,185.68
7072,423,5713,187.68
7072,426,5713,187.68
7072,504,1146,37.68
7072,1105,2486,81.68
7072,1112,2486,81.68
7072,1312,2821,92.68
19513,305,1146,37.68
19513,1698,3643,119.68
32924,202,1998,65.68
32924,305,2060,67.68
95802,504,749,24.68
38687,305,1025,33.68
38687,306,1025,33.68
38687,1110,2699,88.68
67594,428,1086,35.68
67594,705,1511,49.68
67594,712,811,26.68
67594,1615,994,32.68
67594,1617,1572,51.68
34164,1802,1177,38.68
98944,504,3186,104.68
98944,304,994,32.68
98944,504,3186,104.68
14381,519,964,31.68
7194,1614,3824,125.68
79014,712,1511,49.68
79014,1605,1695,55.68
79014,1617,1572,51.68
17766,610,1998,65.68
17766,719,1937,63.68
17766,809,1937,63.68
17766,1801,1603,52.68
85762,1801,841,27.68
25990,102,1511,49.68
25990,304,2972,97.68
25990,305,1511,49.68
25990,306,1511,49.68
25990,427,1876,61.68
25990,428,1511,49.68
25990,1113,1876,61.68
25990,1701,4160,136.68
84615,1605,933,30.68
64343,424,2272,74.68
64343,428,1937,63.68
64343,610,2638,86.68
56054,504,2852,93.68
56054,504,2852,93.68
84609,202,2090,68.68
84609,405,2090,68.68
84609,423,2090,68.68
84609,426,2090,68.68
84609,432,1968,64.68
84609,498,2090,68.68
84609,708,2333,76.68
84609,714,2333,76.68
84609,798,1845,60.68
84609,1616,2363,77.68
84609,1617,2363,77.68
84609,1637,2363,77.68
84609,1798,933,30.68
84609,1898,872,28.68
42112,202,1756,57.68
42112,713,2121,69.68
42112,1605,1998,65.68
73592,304,2972,97.68
79314,108,1330,43.68
79314,202,1452,47.68
79314,405,1452,47.68
79314,407,1452,47.68
79314,423,1452,47.68
79314,713,1268,41.68
79314,798,1268,41.68
79314,1801,994,32.68
79314,1813,994,32.68
83673,205,1542,50.68
83673,1617,4982,163.68
82351,1617,1238,40.68
82351,1637,1086,35.68
35527,709,1055,34.68
35527,805,1055,34.68
35527,1312,1055,34.68
76920,202,2760,90.68
76920,498,2363,77.68
76920,1634,3064,100.68
76920,1704,1299,42.68
76920,1998,1330,43.68
56336,101,1115,36.68
56336,426,994,32.68
56336,809,2182,71.68
56336,1113,1876,61.68
56336,1616,2210,72.68
56336,1637,2151,70.68
56336,1898,1238,40.68
70090,305,1452,47.68
70090,428,994,32.68
70090,707,4586,150.68
102059,202,1695,55.68
102059,408,1511,49.68
102059,426,1511,49.68
102059,1609,1511,49.68
91068,108,964,31.68
91068,313,2607,85.68
25805,202,964,31.68
25805,304,1907,62.68
25805,412,1238,40.68
25805,426,2121,69.68
25805,1605,2882,94.68
25805,1626,2668,87.68
87044,916,1360,44.68
14477,108,1207,39.68
14477,202,2029,66.68
14477,423,1207,39.68
14477,1601,2425,79.68
14477,1701,1177,38.68
14477,1705,2638,86.68
4408,305,2941,96.68
4408,428,2941,96.68
4408,914,1817,59.68
4408,915,1633,53.68
4408,1616,1845,60.68
4408,1627,1756,57.68
4408,1816,1025,33.68
64123,1634,1756,57.68
81094,198,994,32.68
81094,411,1542,50.68
81094,798,1511,49.68
81094,1312,964,31.68
81094,1617,1572,51.68
81094,1622,1511,49.68
83095,428,1756,57.68
81208,1617,2182,71.68
13902,425,4647,152.68
13902,1110,4252,139.68
13902,1310,1542,50.68
13902,1801,4708,154.68
78564,426,933,30.68
39435,203,3217,105.68
39435,410,3824,125.68
39435,412,3794,124.68
39435,423,3824,125.68
39435,426,3794,124.68
39435,498,3763,123.68
11910,109,749,24.68
11910,914,872,28.68
11910,1312,3186,104.68
27323,406,1177,38.68
27323,1898,933,30.68
80862,298,1086,35.68
80862,1612,1115,36.68
80862,1617,1086,35.68
94465,307,1360,44.68
94465,410,1603,52.68
94465,1617,1664,54.68
99663,304,933,30.68
99663,306,1299,42.68
99663,426,1998,65.68
99663,1801,3278,107.68
39412,205,2729,89.68
39412,1801,872,28.68
1088,306,3763,123.68
688,104,1115,36.68
688,1106,2607,85.68
688,1110,5894,193.68
688,1198,1998,65.68
688,1627,3886,127.68
688,1804,5894,193.68
95834,116,1025,33.68
95834,304,1055,34.68
95834,305,1055,34.68
95834,306,1055,34.68
95834,307,1055,34.68
95834,423,2882,94.68
95834,898,1115,36.68
95834,1701,811,26.68
82821,107,5529,181.68
82821,298,1664,54.68
82821,412,1177,38.68
82821,504,2486,81.68
82821,519,1664,54.68
82821,608,1238,40.68
82821,712,1177,38.68
82821,1111,1542,50.68
82821,1211,1238,40.68
82821,1312,3094,101.68
82821,1617,3186,104.68
82821,1703,3612,118.68
82821,1705,1480,48.68
82821,1801,4068,133.68
82821,1898,1542,50.68
90463,102,1452,47.68
90463,205,1146,37.68
90463,304,872,28.68
90463,605,994,32.68
90463,898,994,32.68
90463,914,2760,90.68
90463,1113,994,32.68
90463,1617,1055,34.68
90463,1710,2852,93.68
97432,306,1511,49.68
97432,426,690,22.68
97432,998,721,23.68
97432,1619,4494,147.68
24556,107,2882,94.68
24556,1898,1695,55.68
66197,1801,2394,78.68
58295,1703,841,27.68
99093,1634,3156,103.68
31645,1617,2882,94.68
31645,1805,1086,35.68
54962,1630,3429,112.68
54962,1803,3429,112.68
97248,108,2607,85.68
97248,202,2972,97.68
97248,306,690,22.68
97248,412,4433,145.68
97248,803,902,29.68
97248,1110,1299,42.68
97248,1637,1786,58.68
74867,304,1177,38.68
74867,1117,1146,37.68
74867,1614,3551,116.68
74867,1815,1330,43.68
7028,704,2607,85.68
7028,914,2547,83.68
97387,304,2394,78.68
97387,305,2394,78.68
97387,306,2394,78.68
97387,404,994,32.68
97387,415,994,32.68
59354,108,2699,88.68
59354,304,1876,61.68
59354,1701,1207,39.68
55585,202,1664,54.68
55585,1622,2060,67.68
55585,1637,2060,67.68
41220,101,994,32.68
41220,104,994,32.68
41220,118,994,32.68
41220,120,994,32.68
41220,203,4190,137.68
41220,304,933,30.68
41220,306,933,30.68
41220,1304,3217,105.68
41220,1812,4008,131.68
25076,430,2302,75.68
25076,713,1725,56.68
25076,1105,1876,61.68
25076,1108,1876,61.68
25076,1113,1876,61.68
47287,202,6593,216.68
46133,1605,1452,47.68
46133,1627,2668,87.68
50985,102,994,32.68
50985,898,964,31.68
4859,1627,1025,33.68
53569,705,1756,57.68
86308,102,1268,41.68
86308,304,2486,81.68
86308,1634,2486,81.68
86308,1698,2455,80.68
31102,198,2394,78.68
31102,203,2394,78.68
31102,305,2363,77.68
31102,410,1695,55.68
31102,1615,1725,56.68
31102,1801,2455,80.68
44935,202,2090,68.68
44935,1312,2090,68.68
4654,305,1146,37.68
4654,915,3947,129.68
4654,916,4160,136.68
4654,1617,4160,136.68
88257,1634,1664,54.68
88257,1801,1207,39.68
88257,1802,1664,54.68
93272,1118,1268,41.68
99695,504,872,28.68
99695,1198,4433,145.68
99695,305,4252,139.68
99695,307,2516,82.68
99695,398,1603,52.68
99695,428,872,28.68
99695,504,872,28.68
99695,1109,4433,145.68
99695,1113,4433,145.68
91482,705,994,32.68
91482,1113,1421,46.68
91482,1812,3156,103.68
91482,1817,994,32.68
19828,403,3306,108.68
19828,202,3186,104.68
19828,705,3217,105.68
19828,713,3368,110.68
19828,1801,2852,93.68
96009,304,1876,61.68
96009,1614,1725,56.68
97932,1102,1177,38.68
97932,1198,1330,43.68
97932,426,660,21.68
97932,1109,1177,38.68
97932,1198,1330,43.68
97932,1609,1360,44.68
67043,426,1055,34.68
67043,428,1299,42.68
67043,1701,1421,46.68
41559,713,1695,55.68
41559,1198,2425,79.68
51780,305,2852,93.68
51780,306,2852,93.68
51780,426,2852,93.68
51780,1015,1086,35.68
34493,1198,3671,120.68
34493,304,933,30.68
34493,305,933,30.68
34493,410,2852,93.68
34493,411,3671,120.68
34493,412,1480,48.68
34493,428,3521,115.68
34493,429,3521,115.68
34493,712,1480,48.68
34493,1117,3671,120.68
34493,1619,3671,120.68
34493,1622,3671,120.68
34493,1634,3671,120.68
41486,205,1786,58.68
41486,305,2547,83.68
41486,415,1421,46.68
41486,1705,2090,68.68
14221,305,2760,90.68
14221,306,2760,90.68
14221,798,1360,44.68
14221,998,2516,82.68
14221,1801,1330,43.68
70949,306,1725,56.68
70949,713,2852,93.68
70949,1801,3794,124.68
16129,298,2302,75.68
16129,713,2302,75.68
16129,898,1086,35.68
16129,1812,2302,75.68
22776,198,1603,52.68
22776,305,2516,82.68
22776,428,1360,44.68
22776,504,1756,57.68
22776,512,1055,34.68
22776,610,933,30.68
22776,898,1421,46.68
22776,1198,3064,100.68
22776,1304,4951,162.68
22776,1609,4951,162.68
22776,1813,1360,44.68
22776,1815,2090,68.68
75986,202,933,30.68
75986,304,2029,66.68
75986,1298,1299,42.68
75986,1607,1725,56.68
72701,202,3125,102.68
72701,205,1177,38.68
72701,304,1421,46.68
72701,305,1421,46.68
72701,306,3125,102.68
72701,404,1664,54.68
72701,412,1633,53.68
72701,415,1664,54.68
72701,423,1633,53.68
72701,915,1603,52.68
72701,916,1998,65.68
72701,1111,1725,56.68
72701,1615,1786,58.68
72701,1701,2151,70.68
92024,108,872,28.68
92024,1627,872,28.68
92024,1634,872,28.68
17322,915,872,28.68
17322,1801,1452,47.68
8862,414,3582,117.68
8862,906,2394,78.68
8862,914,2210,72.68
8862,1637,3733,122.68
8862,1802,4739,155.68
53101,1706,1207,39.68
48821,1698,1421,46.68
48821,1898,1238,40.68
45798,423,994,32.68
65526,304,1572,51.68
87584,423,994,32.68
87584,432,1725,56.68
87584,708,2182,71.68
14701,412,2455,80.68
14701,432,1421,46.68
53275,1809,1299,42.68
102296,809,780,25.68
56831,898,1025,33.68
56831,898,1025,33.68
86863,305,1146,37.68
86863,306,1998,65.68
86863,1105,994,32.68
86863,1812,1146,37.68
86863,1817,3186,104.68
91889,504,2972,97.68
91889,605,1360,44.68
91889,713,1725,56.68
91889,1111,1603,52.68
91889,1210,1603,52.68
91889,1798,1725,56.68
31131,408,1756,57.68
85756,432,1025,33.68
85756,1998,1238,40.68
85805,102,2607,85.68
85805,198,4433,145.68
85805,205,2607,85.68
85805,305,1330,43.68
85805,306,4920,161.68
85805,608,1968,64.68
85805,1708,5955,195.68
85805,1898,4433,145.68
70325,713,1177,38.68
70325,1617,2241,73.68
70325,1801,1968,64.68
85718,428,1572,51.68
73480,425,1876,61.68
73480,1605,1695,55.68
73480,1630,1876,61.68
102311,1710,2363,77.68
102311,1817,994,32.68
19932,809,1207,39.68
19932,1105,1146,37.68
19932,1798,1207,39.68
6956,306,2516,82.68
6956,498,2516,82.68
6956,1627,994,32.68
78332,304,1845,60.68
78332,423,1268,41.68
78332,1701,2210,72.68
78332,1812,4190,137.68
44401,304,1421,46.68
44401,423,1452,47.68
47065,1801,994,32.68
47065,1817,8726,286.68
31583,1598,5469,179.68
31583,304,3094,101.68
31583,305,3094,101.68
31583,428,2607,85.68
31583,1111,3947,129.68
31583,1605,2760,90.68
31583,1798,5408,177.68
35975,104,507,16.68
35975,305,1452,47.68
35975,512,1452,47.68
90452,202,841,27.68
90452,405,811,26.68
90452,426,872,28.68
90452,916,933,30.68
28519,1817,2791,91.68
14654,504,6808,223.68
14654,102,2029,66.68
14654,205,1664,54.68
14654,305,3429,112.68
14654,406,3490,114.68
14654,428,2547,83.68
14654,504,6808,223.68
14654,909,1452,47.68
14654,916,1452,47.68
80271,198,1360,44.68
80271,298,4555,149.68
80271,428,3429,112.68
80271,1118,933,30.68
62680,510,1238,40.68
62680,605,841,27.68
62680,804,4190,137.68
62680,1627,4920,161.68
83709,202,933,30.68
55435,1617,1937,63.68
55435,1705,1572,51.68
69969,102,1603,52.68
69969,109,1603,52.68
69969,201,1603,52.68
69969,304,2394,78.68
69969,305,2394,78.68
69969,306,2394,78.68
69969,411,2791,91.68
69969,412,2760,90.68
69969,504,1603,52.68
69969,608,3824,125.68
69969,1105,2394,78.68
69969,1113,2394,78.68
69969,1211,3824,125.68
69969,1214,1603,52.68
69969,1215,1695,55.68
69969,1637,2394,78.68
69969,1701,1542,50.68
69969,1703,1511,49.68
69969,1798,1998,65.68
69969,1817,2394,78.68
88097,102,1786,58.68
88097,201,1786,58.68
88097,304,1786,58.68
88097,404,1786,58.68
88097,605,1786,58.68
88097,898,1360,44.68
49352,1803,1633,53.68
39333,1622,1542,50.68
22393,108,507,16.68
22393,202,476,15.68
22393,203,476,15.68
22393,205,1876,61.68
22393,298,476,15.68
22393,405,599,19.68
22393,406,599,19.68
22393,408,599,19.68
22393,909,994,32.68
22393,1106,599,19.68
22393,1113,599,19.68
22393,1605,629,20.68
22393,1817,3306,108.68
10363,1804,3886,127.68
65253,305,1360,44.68
88852,1012,872,28.68
70319,108,3186,104.68
70319,202,964,31.68
70319,405,4678,153.68
70319,424,2668,87.68
70319,916,902,29.68
70319,1105,872,28.68
70319,1119,872,28.68
40486,101,1146,37.68
40486,118,1146,37.68
40486,198,1146,37.68
40486,201,1511,49.68
40486,713,1511,49.68
40486,1105,2852,93.68
40486,1312,2607,85.68
68212,1110,2729,89.68
68212,1709,2394,78.68
86742,305,1299,42.68
84520,307,2090,68.68
84520,1627,1360,44.68
84520,1801,1299,42.68
85077,407,2455,80.68
85077,428,2394,78.68
85077,708,902,29.68
72277,205,1086,35.68
72277,304,2972,97.68
72277,305,1511,49.68
72277,313,4890,160.68
31837,202,964,31.68
31837,298,964,31.68
31837,406,994,32.68
31837,712,1511,49.68
31837,913,994,32.68
31837,1198,964,31.68
31837,1627,3886,127.68
86108,914,1299,42.68
86108,998,1299,42.68
86108,1710,902,29.68
57064,428,1207,39.68
57064,1105,1115,36.68
57064,1701,1998,65.68
48012,1113,2607,85.68
96796,202,1452,47.68
96796,709,1845,60.68
96796,1815,1998,65.68
76638,202,2455,80.68
76638,406,1330,43.68
76638,1118,8299,272.68
76638,1312,1421,46.68
48458,304,3186,104.68
48458,916,2363,77.68
48458,1809,2029,66.68
48458,1898,2699,88.68
65494,1105,2486,81.68
65494,1113,2972,97.68
65494,1117,2486,81.68
65494,1805,2151,70.68
57761,414,872,28.68
57761,915,933,30.68
25035,306,3064,100.68
25035,1627,2791,91.68
25035,1704,2668,87.68
37022,1634,2029,66.68
100813,1801,660,21.68
82512,304,1086,35.68
82512,504,1086,35.68
21269,432,1025,33.68
21269,1617,1360,44.68
21269,1701,2182,71.68
21269,1803,2791,91.68
91088,709,1025,33.68
92842,498,1360,44.68
92842,1637,1360,44.68
62597,112,1421,46.68
62597,114,2729,89.68
62597,306,3582,117.68
62597,698,902,29.68
62597,713,4798,157.68
62597,1217,964,31.68
62597,1627,5377,176.68
55185,1012,1238,40.68
57428,423,933,30.68
57428,1617,1542,50.68
75738,102,2090,68.68
78233,114,964,31.68
78233,1705,1664,54.68
81738,310,1086,35.68
81738,313,1086,35.68
81738,706,902,29.68
81738,1617,1055,34.68
81738,1817,933,30.68
14260,1627,1299,42.68
53579,313,3094,101.68
45987,304,5469,179.68
45987,305,5469,179.68
45987,906,1542,50.68
45987,1605,7689,252.68
45987,1627,6139,201.68
45987,1701,6473,212.68
4820,1801,1055,34.68
72009,306,1360,44.68
72009,916,1268,41.68
68252,202,1115,36.68
68252,415,1115,36.68
68252,426,1086,35.68
68252,1609,1391,45.68
68252,1617,1391,45.68
68252,1704,1330,43.68
88242,405,1786,58.68
88242,408,1786,58.68
88242,412,1725,56.68
23104,304,1207,39.68
23104,305,1207,39.68
23104,1801,3064,100.68
88043,1598,2882,94.68
88043,313,2882,94.68
88043,412,2576,84.68
88043,1709,2882,94.68
31286,304,1115,36.68
78497,108,3186,104.68
78497,305,1452,47.68
78497,306,1452,47.68
78497,408,1998,65.68
78497,410,3156,103.68
78497,412,1998,65.68
78497,426,1268,41.68
78497,432,964,31.68
78497,708,994,32.68
78497,709,1907,62.68
78497,712,1998,65.68
78497,1105,1238,40.68
78497,1113,1238,40.68
78497,1617,3217,105.68
78497,1801,1268,41.68
91204,1113,1998,65.68
14321,504,3337,109.68
14321,1105,1511,49.68
59412,109,933,30.68
59412,412,964,31.68
59412,712,964,31.68
59412,1617,3643,119.68
77155,1198,2210,72.68
68718,304,2699,88.68
68718,307,2699,88.68
68718,432,2638,86.68
68718,1112,3033,99.68
68718,1634,2972,97.68
68718,1802,1968,64.68
68718,1812,3278,107.68
68718,1898,1603,52.68
38530,1898,1177,38.68
51343,1801,1603,52.68
51343,1805,3003,98.68
51343,1810,3003,98.68
72233,713,1146,37.68
72233,1014,2941,96.68
72233,1105,1055,34.68
40995,305,2455,80.68
40995,306,2425,79.68
40995,1011,1725,56.68
40995,1812,1725,56.68
97709,304,1268,41.68
97709,1107,2882,94.68
97709,1609,2852,93.68
97709,1634,2852,93.68
97709,1637,2852,93.68
95902,424,1146,37.68
90299,116,1360,44.68
90299,306,2486,81.68
90299,1112,1391,45.68
90299,1801,3337,109.68
86403,1110,1115,36.68
38646,1106,2486,81.68
38646,1110,2486,81.68
38646,1113,2486,81.68
38646,1801,2913,95.68
103337,1204,994,32.68
103337,1215,1146,37.68
103337,1312,1511,49.68
103337,1609,4221,138.68
103337,1622,4221,138.68
5098,410,1299,42.68
22285,426,2791,91.68
22285,610,2090,68.68
22285,1605,2060,67.68
16586,202,1330,43.68
16586,798,1725,56.68
16586,1605,1968,64.68
62839,304,2486,81.68
62839,305,2486,81.68
62839,809,933,30.68
103109,202,568,18.68
103109,305,1086,35.68
103109,405,568,18.68
103109,406,568,18.68
103109,1312,2333,76.68
6777,908,1268,41.68
6777,1113,2394,78.68
36503,305,1756,57.68
36503,1701,4068,133.68
36503,1801,2060,67.68
92960,1811,1086,35.68
92960,1812,841,27.68
66735,198,1664,54.68
66735,112,1664,54.68
66735,198,1664,54.68
66735,426,872,28.68
57824,307,1146,37.68
54509,102,1452,47.68
54509,305,1633,53.68
54509,407,2607,85.68
54509,412,2607,85.68
54509,426,4798,157.68
54509,1118,1115,36.68
54509,1801,1542,50.68
22060,411,5347,175.68
22060,415,4617,151.68
22060,1108,4068,133.68
22060,1705,4008,131.68
22060,1801,964,31.68
82315,428,1330,43.68
82315,1617,1695,55.68
82315,1812,1480,48.68
5275,306,1055,34.68
5275,426,1238,40.68
48168,202,2821,92.68
48168,406,902,29.68
48168,1805,4008,131.68
53155,304,1421,46.68
53155,398,1421,46.68
53155,423,872,28.68
53155,1111,1603,52.68
53155,1210,1603,52.68
46054,406,2913,95.68
46054,412,2913,95.68
46054,1809,3186,104.68
18151,1298,1968,64.68
88454,304,1299,42.68
88454,498,1299,42.68
88454,504,1360,44.68
88454,998,1299,42.68
69733,1812,1115,36.68
51947,107,2699,88.68
51947,305,2699,88.68
51947,1802,2333,76.68
2496,304,1786,58.68
2496,306,1786,58.68
2496,307,1786,58.68
2496,1215,4008,131.68
72209,305,933,30.68
103065,1617,476,15.68
51287,407,1207,39.68
51287,1110,1511,49.68
51287,1113,1511,49.68
51287,1627,2668,87.68
5114,304,1086,35.68
5114,305,2121,69.68
5114,398,2121,69.68
5114,424,3217,105.68
5114,426,1756,57.68
5114,715,1845,60.68
5114,1698,3094,101.68
29940,201,1511,49.68
29940,304,1511,49.68
29940,498,5529,181.68
29940,512,1511,49.68
29940,915,1511,49.68
29940,1110,3643,119.68
29940,1605,3582,117.68
29940,1705,4464,146.68
29940,1817,5438,178.68
48137,428,1299,42.68
48786,202,5408,177.68
48786,304,1146,37.68
48786,305,2029,66.68
48786,1801,3490,114.68
48786,1810,4617,151.68
29798,1617,1633,53.68
64377,305,1086,35.68
64377,306,1115,36.68
2375,305,2729,89.68
2375,602,1633,53.68
2375,1105,2060,67.68
2375,1117,2060,67.68
2375,1605,1572,51.68
2375,1617,4221,138.68
6593,306,994,32.68
6593,405,1391,45.68
6593,1813,2363,77.68
94172,498,749,24.68
94172,915,780,25.68
94172,1617,3306,108.68
73303,915,1268,41.68
73303,1105,1177,38.68
73303,1698,3337,109.68
73303,1817,1664,54.68
14323,198,3247,106.68
14323,112,3247,106.68
93838,305,1146,37.68
93838,311,1146,37.68
93838,398,964,31.68
93838,405,964,31.68
93838,407,872,28.68
93838,412,749,24.68
93838,423,749,24.68
93838,424,872,28.68
93838,426,1268,41.68
93838,498,1115,36.68
93838,705,1146,37.68
93838,708,749,24.68
93838,712,749,24.68
93838,1215,1055,34.68
5622,102,2210,72.68
5622,305,2210,72.68
5622,1812,2821,92.68
46870,305,933,30.68
8932,202,1998,65.68
8932,304,2425,79.68
8932,428,1695,55.68
8932,1817,1998,65.68
95926,1215,902,29.68
95926,1704,902,29.68
31735,1617,2182,71.68
31735,1619,2241,73.68
85568,104,1025,33.68
85568,201,1025,33.68
85568,202,1025,33.68
85568,205,1025,33.68
85568,708,902,29.68
85568,712,2151,70.68
85568,719,1025,33.68
85568,1105,1633,53.68
85568,1215,1025,33.68
91157,1098,1146,37.68
85640,205,994,32.68
85640,306,3551,116.68
85640,423,2821,92.68
85640,1113,2090,68.68
85640,1817,4282,140.68
70059,426,2455,80.68
70059,1701,2210,72.68
33555,202,1025,33.68
33555,307,902,29.68
33555,1617,2029,66.68
33555,1798,1572,51.68
66572,307,1086,35.68
66572,1617,1725,56.68
66572,1801,1633,53.68
66572,1810,1480,48.68
66572,1812,1756,57.68
37112,307,811,26.68
37112,914,811,26.68
37112,1705,2151,70.68
1209,504,2852,93.68
1209,512,2852,93.68
1209,519,2852,93.68
1209,914,1998,65.68
1209,1312,3186,104.68
78339,705,902,29.68
78339,714,8969,294.68
78339,898,902,29.68
44205,1898,2151,70.68
94823,306,1086,35.68
94823,1601,2729,89.68
23801,101,721,23.68
23801,207,780,25.68
23801,307,1511,49.68
23801,605,721,23.68
23801,608,780,25.68
58262,408,1055,34.68
58262,1298,1756,57.68
58262,1627,1542,50.68
84531,1898,1695,55.68
14803,1598,3643,119.68
14803,306,2182,71.68
14803,415,3156,103.68
14803,426,3186,104.68
14803,1110,3643,119.68
14803,1112,2821,92.68
14803,1798,1695,55.68
14803,1898,3643,119.68
96679,406,933,30.68
90120,202,933,30.68
51561,202,1207,39.68
51561,298,1207,39.68
51561,705,1207,39.68
91909,205,721,23.68
91909,305,690,22.68
91909,306,5043,165.68
91909,1113,721,23.68
91909,1704,4767,156.68
91909,1813,3794,124.68
29823,304,994,32.68
29823,407,3763,123.68
29823,426,994,32.68
29823,1105,1907,62.68
29823,1801,1664,54.68
30247,102,1756,57.68
30247,205,1756,57.68
30247,306,1756,57.68
30247,406,3977,130.68
30247,414,3247,106.68
30247,426,4708,154.68
30247,1113,2882,94.68
30247,1801,1725,56.68
65447,104,2241,73.68
65447,108,2241,73.68
65447,202,2394,78.68
65447,415,3306,108.68
65447,709,1360,44.68
65447,1113,1207,39.68
65447,1627,4008,131.68
44176,304,933,30.68
44176,426,1330,43.68
13815,307,1299,42.68
13815,706,2547,83.68
13815,1634,3186,104.68
73084,713,1845,60.68
73084,1414,1480,48.68
73084,1634,1511,49.68
96536,798,1268,41.68
96536,1709,1268,41.68
43660,304,1115,36.68
43660,415,964,31.68
43660,421,933,30.68
43660,601,3156,103.68
43660,607,3156,103.68
43660,705,2486,81.68
43660,1817,2791,91.68
34432,1898,2029,66.68
83999,713,964,31.68
83999,1108,872,28.68
83999,1110,872,28.68
83999,1114,872,28.68
36725,398,3733,122.68
36725,202,2455,80.68
36725,304,933,30.68
36725,313,3733,122.68
36725,423,1695,55.68
36725,426,1695,55.68
36725,604,1633,53.68
36725,1312,2090,68.68
10417,305,902,29.68
10417,1705,1025,33.68
2000,426,2486,81.68
2000,1312,2029,66.68
2000,1802,2090,68.68
15818,104,2638,86.68
15818,304,1391,45.68
15818,305,1391,45.68
31455,304,1998,65.68
31455,305,2913,95.68
31455,306,2913,95.68
31455,313,4586,150.68
31455,1605,3612,118.68
31455,1701,2272,74.68
31455,1705,1907,62.68
31455,1801,994,32.68
13240,1617,1511,49.68
93338,304,3794,124.68
93338,305,3794,124.68
93338,898,749,24.68
93338,1111,3824,125.68
93338,1210,3824,125.68
93338,1806,3156,103.68
93338,1816,964,31.68
60615,202,3278,107.68
60615,504,1238,40.68
60615,1812,3186,104.68
60615,1817,3612,118.68
77468,411,1968,64.68
77468,426,1025,33.68
77468,432,2455,80.68
77468,914,2241,73.68
77468,1112,1299,42.68
77468,1617,1330,43.68
77468,1801,902,29.68
24018,405,1664,54.68
24018,1113,2029,66.68
24018,1813,4678,153.68
87745,108,1207,39.68
87745,305,1207,39.68
87745,424,1207,39.68
87745,1117,2425,79.68
85943,201,841,27.68
85943,202,841,27.68
85943,1105,2852,93.68
85943,1634,3855,126.68
31646,404,2913,95.68
31646,1801,1452,47.68
12664,305,2090,68.68
12664,306,4647,152.68
12664,1113,1725,56.68
12664,1119,1360,44.68
32289,109,994,32.68
32289,198,994,32.68
32289,304,994,32.68
32289,313,4647,152.68
32289,404,4767,156.68
32289,411,1695,55.68
32289,412,2852,93.68
32289,504,1786,58.68
32289,713,3643,119.68
32289,1312,2486,81.68
32289,1637,1756,57.68
32289,1801,3186,104.68
32289,1812,2913,95.68
32289,1817,1330,43.68
102851,1605,841,27.68
102851,1898,507,16.68
33106,1627,2821,92.68
91483,202,2182,71.68
91483,1012,2210,72.68
91483,1605,2363,77.68
91483,1617,1664,54.68
91483,1817,811,26.68
17144,898,1146,37.68
17144,1701,2699,88.68
47193,305,3612,118.68
47193,313,3278,107.68
47193,1117,2151,70.68
47193,1809,3612,118.68
47193,1816,3612,118.68
72506,1105,1025,33.68
55204,304,1480,48.68
55204,305,1480,48.68
55204,424,1633,53.68
43193,305,2425,79.68
43193,306,2425,79.68
43193,1817,902,29.68
34657,102,2455,80.68
34657,305,2210,72.68
56687,206,1299,42.68
56687,405,3490,114.68
56687,1810,3459,113.68
54467,432,994,32.68
54467,1708,1725,56.68
74993,102,964,31.68
74993,304,4402,144.68
74993,305,4402,144.68
74993,1601,964,31.68
74993,1805,5621,184.68
2866,915,2852,93.68
2866,916,721,23.68
616,1627,1664,54.68
616,1704,2699,88.68
97878,102,780,25.68
70724,1812,1786,58.68
59393,705,994,32.68
54591,404,2272,74.68
54591,498,2272,74.68
31743,426,1391,45.68
31743,510,1633,53.68
31743,1614,1603,52.68
1838,101,1664,54.68
1838,104,2760,90.68
1838,298,1452,47.68
1838,305,3278,107.68
1838,406,1086,35.68
1838,423,1452,47.68
1838,604,1452,47.68
1838,713,1177,38.68
1838,916,933,30.68
1838,1110,933,30.68
12627,201,1542,50.68
12627,304,2425,79.68
12627,305,2425,79.68
12627,711,1146,37.68
12627,915,1086,35.68
12627,1112,1391,45.68
12627,1304,2882,94.68
12627,1798,1299,42.68
12627,1802,1998,65.68
56757,305,1115,36.68
63411,1810,1542,50.68
93705,1105,933,30.68
49783,1801,4252,139.68
9413,107,1391,45.68
9413,202,2852,93.68
9413,426,2852,93.68
9413,1117,2486,81.68
9413,1801,1086,35.68
16579,102,1511,49.68
16579,205,1511,49.68
16579,430,5925,194.68
16579,498,2547,83.68
16579,1113,2241,73.68
16579,1804,5925,194.68
16579,1809,5925,194.68
16579,1810,5925,194.68
16579,1816,3156,103.68
97547,403,1542,50.68
97547,1598,1452,47.68
97547,430,1299,42.68
97547,1016,1452,47.68
97547,1109,902,29.68
97547,1111,902,29.68
97547,1215,902,29.68
97547,1698,1299,42.68
79737,1812,1146,37.68
98107,111,2272,74.68
98107,112,2272,74.68
98107,304,1086,35.68
98107,432,660,21.68
98107,717,1207,39.68
98107,720,1207,39.68
98107,914,721,23.68
98107,1205,660,21.68
98107,1214,660,21.68
98107,1215,1817,59.68
98107,1312,1907,62.68
98107,1605,2547,83.68
98107,1801,811,26.68
98107,1809,1664,54.68
98107,1817,1695,55.68
79018,108,2272,74.68
79018,1622,2333,76.68
79018,1701,2272,74.68
8971,1102,5285,173.68
8971,304,933,30.68
8971,307,933,30.68
8971,1106,2121,69.68
8971,1113,1756,57.68
62146,412,2182,71.68
62146,426,2182,71.68
62146,1105,1360,44.68
62146,1605,1695,55.68
62146,1817,2272,74.68
20545,305,2090,68.68
20545,306,5224,171.68
20545,410,5043,165.68
20545,1111,3733,122.68
69909,498,2060,67.68
69909,719,2060,67.68
69909,1108,2791,91.68
69909,1637,3551,116.68
34746,423,2302,75.68
34746,1105,1511,49.68
34746,1614,3156,103.68
34746,1622,3824,125.68
34746,1637,3824,125.68
34746,1812,3733,122.68
34746,1898,1511,49.68
8126,432,1664,54.68
8126,498,1725,56.68
8126,915,2516,82.68
8126,916,2363,77.68
48088,111,1299,42.68
48088,304,660,21.68
37497,1102,2913,95.68
37497,707,2882,94.68
37497,1106,2882,94.68
37497,1198,3278,107.68
68892,915,3702,121.68
68892,998,3702,121.68
71930,305,1633,53.68
92695,1106,2363,77.68
92695,1108,2363,77.68
92695,1112,2363,77.68
93451,305,1207,39.68
58945,304,2729,89.68
58945,405,3217,105.68
58945,412,2486,81.68
58945,426,2486,81.68
58945,712,2486,81.68
58945,1312,1391,45.68
58945,1619,3217,105.68
58945,1798,1177,38.68
40359,304,1876,61.68
40359,411,994,32.68
40359,713,4252,139.68
40359,1612,4798,157.68
88975,202,841,27.68
51003,305,811,26.68
77156,102,1664,54.68
77156,305,1633,53.68
77156,504,964,31.68
82824,198,994,32.68
82824,198,994,32.68
91914,298,841,27.68
91914,498,1330,43.68
91914,1614,872,28.68
91914,1622,2182,71.68
91914,1634,2182,71.68
70890,201,1055,34.68
70890,304,4678,153.68
70890,602,1299,42.68
70890,908,1360,44.68
70890,1113,1876,61.68
70890,1801,5408,177.68
47778,426,1391,45.68
47778,610,1998,65.68
47778,713,1786,58.68
47778,915,1725,56.68
80903,116,2121,69.68
80903,426,6473,212.68
80903,504,1786,58.68
80903,1111,2121,69.68
80903,1210,2121,69.68
80903,1215,1238,40.68
80903,1622,6351,208.68
80903,1637,6351,208.68
80903,1801,3217,105.68
87715,305,2394,78.68
70099,204,5408,177.68
70099,915,1299,42.68
70099,1601,1998,65.68
70099,1627,1998,65.68
62963,426,2516,82.68
62963,1105,1695,55.68
41113,304,1115,36.68
41113,305,1115,36.68
41113,311,1115,36.68
41113,411,2029,66.68
41113,1617,1756,57.68
90468,107,1146,37.68
90468,1619,1146,37.68
95810,1622,994,32.68
95810,1812,690,22.68
95727,307,721,23.68
95727,1198,1055,34.68
95727,1627,933,30.68
76559,203,2151,70.68
76559,305,2729,89.68
76559,1118,1786,58.68
76559,1312,3368,110.68
76559,1801,2638,86.68
14876,1798,1756,57.68
14876,1816,1115,36.68
78749,432,2394,78.68
78749,1614,1360,44.68
78749,1801,2210,72.68
78749,1898,2182,71.68
11573,107,2852,93.68
11573,305,1055,34.68
11573,1215,1572,51.68
11573,1708,2516,82.68
29145,1701,446,14.68
18005,423,1937,63.68
18005,1614,933,30.68
18005,1704,1725,56.68
26097,1198,1299,42.68
26097,1701,811,26.68
45048,504,933,30.68
45048,1622,1452,47.68
56303,1801,1299,42.68
57317,1215,1817,59.68
57317,1709,2425,79.68
57317,1815,1664,54.68
15002,915,994,32.68
15002,1110,1876,61.68
73953,306,994,32.68
73953,914,1299,42.68
85359,202,3156,103.68
85359,498,4617,151.68
85359,809,2760,90.68
85359,1113,1421,46.68
19898,110,1115,36.68
19898,305,1452,47.68
19898,306,1452,47.68
19898,717,1268,41.68
19898,1616,1817,59.68
19898,1617,1817,59.68
19898,1704,1391,45.68
102402,410,2029,66.68
102402,1812,2182,71.68
70445,1801,1817,59.68
70445,1812,1876,61.68
35646,108,1480,48.68
35646,304,1786,58.68
35646,305,1786,58.68
35646,1612,933,30.68
894,202,2182,71.68
894,206,2182,71.68
894,304,2638,86.68
894,306,2547,83.68
894,311,3398,111.68
894,1112,2547,83.68
46605,1105,1086,35.68
46605,1605,3733,122.68
46605,1801,3217,105.68
46605,1898,1086,35.68
76628,304,1025,33.68
76628,311,2182,71.68
76628,498,994,32.68
27660,1108,1238,40.68
27660,1617,1511,49.68
93703,426,1268,41.68
93703,1105,1330,43.68
93703,1817,1817,59.68
24881,1703,1480,48.68
24881,1804,2455,80.68
4736,309,1115,36.68
4736,406,2607,85.68
4736,1617,2455,80.68
4736,1812,2090,68.68
60011,305,1633,53.68
60011,1810,3429,112.68
58020,916,1603,52.68
58020,1105,3794,124.68
58020,1113,3702,121.68
47781,304,2821,92.68
47781,311,4678,153.68
47781,1812,4282,140.68
47781,1817,1845,60.68
24784,101,1268,41.68
24784,102,2241,73.68
24784,108,1268,41.68
24784,109,1268,41.68
24784,116,1268,41.68
24784,118,1268,41.68
24784,304,1268,41.68
24784,305,1268,41.68
24784,307,1268,41.68
24784,398,6899,226.68
24784,406,6838,224.68
24784,426,6838,224.68
24784,1305,2791,91.68
83318,1617,1845,60.68
83318,1706,933,30.68
83318,1801,1268,41.68
83318,1817,1998,65.68
14319,102,1268,41.68
14319,432,841,27.68
14319,504,1633,53.68
14319,512,1633,53.68
14319,612,1633,53.68
14319,705,841,27.68
14319,1113,841,27.68
14319,1703,5255,172.68
14319,1704,2455,80.68
70980,498,1542,50.68
70980,1634,1756,57.68
70980,1637,1756,57.68
98195,1622,2760,90.68
98195,1634,3156,103.68
40487,423,902,29.68
40487,712,1055,34.68
85870,102,1817,59.68
85870,104,1876,61.68
85870,109,841,27.68
85870,304,1421,46.68
85870,306,872,28.68
85870,412,2182,71.68
85870,423,3247,106.68
85870,426,3247,106.68
85870,798,1786,58.68
85870,1307,1756,57.68
13977,1630,1480,48.68
30952,504,1055,34.68
10455,1105,2090,68.68
10455,1617,3247,106.68
10455,1801,2791,91.68
43141,407,994,32.68
3386,205,1086,35.68
3386,504,2182,71.68
3386,713,5529,181.68
91805,428,2547,83.68
91805,498,1086,35.68
91805,1627,3125,102.68
91805,1813,3916,128.68
91805,1817,3612,118.68
84734,102,1937,63.68
84734,304,2882,94.68
84734,306,4282,140.68
84734,411,3855,126.68
84734,432,933,30.68
84734,712,4037,132.68
84734,1803,2455,80.68
84734,1905,3064,100.68
33816,1698,1633,53.68
94213,305,1603,52.68
19646,1117,2182,71.68
90462,304,841,27.68
90462,305,841,27.68
90462,307,841,27.68
37187,305,1115,36.68
37187,306,1115,36.68
97404,304,1542,50.68
67077,202,1480,48.68
67077,304,1480,48.68
67077,305,1480,48.68
91412,107,2210,72.68
91412,1198,3247,106.68
48181,423,1664,54.68
48181,426,1664,54.68
48181,709,1480,48.68
48181,713,3763,123.68
48181,1801,1725,56.68
89338,425,2486,81.68
56479,426,2090,68.68
64656,202,872,28.68
64656,1622,2821,92.68
64656,1637,2821,92.68
47848,426,2029,66.68
62519,411,1025,33.68
90556,103,1876,61.68
90556,205,1511,49.68
90556,305,1542,50.68
90556,809,872,28.68
90556,1113,841,27.68
90556,1701,1817,59.68
80664,109,1603,52.68
80664,1013,1146,37.68
82320,1804,4647,152.68
82320,1898,4708,154.68
1842,411,2791,91.68
61663,1817,994,32.68
85341,304,1146,37.68
85341,717,1146,37.68
62148,107,2760,90.68
62148,304,2302,75.68
62148,307,2668,87.68
62148,1113,2760,90.68
62148,1619,2760,90.68
90591,304,902,29.68
70413,421,964,31.68
70413,1619,1572,51.68
44916,1801,1115,36.68
44916,1817,1633,53.68
61278,1113,1268,41.68
61278,1605,1452,47.68
61278,1804,1511,49.68
61278,1810,1511,49.68
61278,1898,1511,49.68
90060,101,1086,35.68
90060,102,1086,35.68
90060,202,5224,171.68
90060,408,5224,171.68
90060,412,5224,171.68
90060,1112,902,29.68
90060,1198,902,29.68
90060,1634,3763,123.68
90060,1802,1664,54.68
10146,101,1146,37.68
10146,201,1480,48.68
10146,304,1480,48.68
10146,306,2121,69.68
10146,1113,2760,90.68
10146,1215,1603,52.68
10146,1617,2394,78.68
10146,1801,4037,132.68
65672,198,2941,96.68
65672,401,3521,115.68
65672,1198,3733,122.68
65672,428,3521,115.68
65672,1110,3368,110.68
98256,426,2455,80.68
98256,712,1725,56.68
98256,1809,2425,79.68
68906,906,2455,80.68
68906,1112,1937,63.68
29967,1801,1086,35.68
101008,1617,1177,38.68
101008,1801,1542,50.68
57555,202,841,27.68
57555,205,1177,38.68
57555,305,1360,44.68
57555,306,1360,44.68
57555,412,841,27.68
57555,504,1542,50.68
3466,428,2972,97.68
3466,519,1756,57.68
3466,608,1725,56.68
3466,1111,3125,102.68
3466,1112,3125,102.68
3466,1212,3125,102.68
3466,1605,4586,150.68
3466,1609,5651,185.68
3466,1617,5498,180.68
3466,1801,4160,136.68
16849,313,4099,134.68
56919,101,1086,35.68
56919,102,1086,35.68
56919,201,1086,35.68
56919,202,1086,35.68
56919,398,933,30.68
56919,605,1025,33.68
56919,612,1086,35.68
56919,1110,933,30.68
56919,1698,933,30.68
43575,1110,1207,39.68
96156,304,780,25.68
76679,101,4464,146.68
76679,201,4464,146.68
76679,115,4464,146.68
76679,205,4464,146.68
76679,1205,1268,41.68
76679,1637,1360,44.68
37578,203,1360,44.68
37578,305,1360,44.68
37578,411,1360,44.68
37578,1622,1025,33.68
48544,415,2425,79.68
64490,304,4252,139.68
64490,305,4252,139.68
64490,313,4374,143.68
64490,1627,1360,44.68
6046,414,2241,73.68
6046,426,2972,97.68
79758,798,1786,58.68
84997,1605,1238,40.68
89034,1630,1756,57.68
93427,305,1086,35.68
93427,426,902,29.68
93427,432,1025,33.68
93427,915,721,23.68
93427,1205,780,25.68
93427,1801,4402,144.68
50185,304,1817,59.68
50185,305,2913,95.68
50185,412,4647,152.68
50185,1117,4859,159.68
30108,1634,1330,43.68
75249,1215,994,32.68
75249,1801,1421,46.68
24942,201,1055,34.68
24942,305,1115,36.68
24942,504,2090,68.68
24942,512,2090,68.68
24942,514,964,31.68
24942,908,902,29.68
24942,1110,4708,154.68
23721,202,1817,59.68
23721,708,1115,36.68
23721,709,1115,36.68
23721,712,1238,40.68
23721,715,1115,36.68
23721,1616,2241,73.68
23721,1637,2090,68.68
23721,1705,1542,50.68
32621,305,2210,72.68
32621,705,1330,43.68
77459,916,2029,66.68
77459,1616,1238,40.68
50297,305,1421,46.68
50297,1612,2090,68.68
50297,1898,2852,93.68
62594,411,1299,42.68
62594,1801,933,30.68
62594,1898,1177,38.68
38297,108,1146,37.68
38297,411,1786,58.68
38297,432,1360,44.68
38297,1619,1786,58.68
38297,1634,1452,47.68
38297,1637,1452,47.68
38297,1801,1664,54.68
38297,1804,1452,47.68
38297,1805,1452,47.68
38297,1898,1786,58.68
4900,305,994,32.68
4900,313,5925,194.68
4900,407,1756,57.68
4900,426,1756,57.68
4900,598,1299,42.68
4900,1113,1603,52.68
4900,1407,964,31.68
4900,1898,1603,52.68
30266,304,2760,90.68
30266,305,2760,90.68
30266,310,4739,155.68
30266,612,902,29.68
30266,708,1542,50.68
65545,198,1756,57.68
65545,1215,1845,60.68
65545,1798,811,26.68
13659,304,1330,43.68
13659,305,1330,43.68
13659,307,1330,43.68
13659,512,1086,35.68
13659,714,1025,33.68
13659,1111,1603,52.68
13659,1210,1603,52.68
60118,202,933,30.68
60118,712,1452,47.68
9023,411,4708,154.68
9023,425,5104,167.68
9023,1605,5073,166.68
9023,1698,5104,167.68
39377,304,1207,39.68
39377,307,1207,39.68
22754,428,1452,47.68
89949,1598,1937,63.68
87401,1110,2576,84.68
96467,1015,3094,101.68
96467,1605,1817,59.68
96467,1812,2576,84.68
31310,305,2241,73.68
31310,1304,2547,83.68
31310,1898,1695,55.68
43378,406,3125,102.68
43378,1605,2272,74.68
39447,1110,994,32.68
39447,1627,1146,37.68
68216,1622,2363,77.68
68216,1634,2363,77.68
68216,1640,2363,77.68
93197,205,780,25.68
93197,305,2394,78.68
93197,1113,1452,47.68
93197,1801,2272,74.68
88525,411,1146,37.68
93879,108,3490,114.68
93879,304,1633,53.68
93879,305,1633,53.68
93879,306,1633,53.68
93879,307,1633,53.68
93879,898,1633,53.68
93879,1305,964,31.68
93879,1617,1542,50.68
8577,426,1391,45.68
8577,1605,3855,126.68
8577,1801,3003,98.68
4821,108,1207,39.68
4821,426,2972,97.68
4821,916,1876,61.68
4821,1698,2699,88.68
102944,104,2913,95.68
102944,202,1177,38.68
102944,205,446,14.68
102944,304,660,21.68
102944,305,537,17.68
102944,404,2060,67.68
102944,405,2060,67.68
102944,407,2060,67.68
102944,412,2791,91.68
102944,426,1542,50.68
102944,712,2791,91.68
102944,719,1542,50.68
102944,1012,721,23.68
102944,1111,1177,38.68
102944,1198,507,16.68
102944,1622,4068,133.68
102944,1634,4068,133.68
2745,304,2394,78.68
2745,305,1664,54.68
2745,306,2394,78.68
2745,1105,1664,54.68
2745,1798,1086,35.68
62953,1112,902,29.68
62953,1817,872,28.68
4708,102,1055,34.68
4708,205,690,22.68
4708,304,4678,153.68
4708,305,4678,153.68
4708,306,3582,117.68
4708,313,6565,215.68
4708,411,5590,183.68
95737,109,721,23.68
95737,305,1330,43.68
95737,1113,1480,48.68
95737,1705,2151,70.68
95737,1801,4008,131.68
94705,1105,872,28.68
69301,410,1452,47.68
69301,411,1452,47.68
72555,209,933,30.68
72555,304,4252,139.68
72555,305,1391,45.68
72555,313,4252,139.68
72555,1898,4252,139.68
59615,202,3186,104.68
34676,202,2821,92.68
34676,1111,1937,63.68
34676,1601,3125,102.68
34676,1627,2852,93.68
34676,1708,3551,116.68
99995,1014,1786,58.68
99995,1802,660,21.68
99995,1813,3794,124.68
23464,998,1664,54.68
23464,1817,1299,42.68
80016,298,933,30.68
80016,1113,1876,61.68
96917,305,1480,48.68
90358,304,1876,61.68
90358,313,4402,144.68
90358,1615,629,20.68
90358,1616,2821,92.68
47401,1105,1086,35.68
47401,1110,1086,35.68
83748,102,964,31.68
83748,304,994,32.68
83748,305,994,32.68
83748,1605,6078,199.68
80623,405,994,32.68
98142,202,811,26.68
98142,406,660,21.68
98142,412,964,31.68
98142,426,660,21.68
98142,1609,2607,85.68
98142,1616,2607,85.68
98142,1617,2607,85.68
77502,412,2090,68.68
77502,712,2090,68.68
77502,1801,2333,76.68
78353,306,1603,52.68
78353,915,6108,200.68
78353,1619,6381,209.68
31495,412,2972,97.68
98681,209,2121,69.68
98681,498,2182,71.68
98681,605,1725,56.68
98681,1798,2090,68.68
68013,1804,2852,93.68
99490,1803,629,20.68
91522,1598,2941,96.68
91522,498,2852,93.68
91522,1117,2941,96.68
19390,1627,1695,55.68
19390,1701,1177,38.68
19390,1703,1177,38.68
48331,306,2516,82.68
48331,313,2516,82.68
48331,410,2516,82.68
48331,423,2425,79.68
48331,425,2516,82.68
48331,809,2060,67.68
48331,1215,2455,80.68
48331,1619,2516,82.68
13260,305,1238,40.68
13260,1117,3643,119.68
31905,205,2607,85.68
103022,411,507,16.68
103022,1801,2516,82.68
103022,1816,749,24.68
25220,1105,1360,44.68
22671,1801,994,32.68
39056,101,1268,41.68
39056,198,2241,73.68
39056,1113,1511,49.68
39056,1312,3337,109.68
39056,1803,841,27.68
76079,709,3094,101.68
76079,712,3094,101.68
76079,1105,1055,34.68
76079,1898,1055,34.68
26603,102,1177,38.68
26603,205,1177,38.68
26603,304,1876,61.68
26603,406,3368,110.68
26603,428,2913,95.68
26603,809,1664,54.68
26603,1105,1025,33.68
26603,1113,1177,38.68
26603,1215,2182,71.68
26603,1216,1268,41.68
26603,1627,3459,113.68
26603,1640,5377,176.68
26603,1812,4008,131.68
26603,1816,1025,33.68
90277,304,4068,133.68
90277,1605,2151,70.68
36106,305,933,30.68
36106,306,933,30.68
36106,498,1725,56.68
36106,798,2090,68.68
36106,809,4374,143.68
36106,1105,2272,74.68
36106,1112,2363,77.68
36106,1113,2241,73.68
36106,1114,4252,139.68
36106,1614,4252,139.68
36106,1617,1817,59.68
36106,1898,2272,74.68
39577,202,1299,42.68
26443,504,3064,100.68
26443,610,2699,88.68
12857,102,1876,61.68
12857,304,1876,61.68
12857,605,1146,37.68
87592,203,1603,52.68
87592,408,1268,41.68
87592,428,2302,75.68
87592,1627,2302,75.68
37954,423,4890,160.68
37954,504,933,30.68
37954,711,1421,46.68
37954,1014,933,30.68
37954,1113,2455,80.68
100806,107,933,30.68
100806,305,964,31.68
49067,1117,3551,116.68
73963,411,1664,54.68
73963,698,1572,51.68
73963,1801,1299,42.68
78608,116,2333,76.68
78608,405,4343,142.68
78608,809,2760,90.68
78608,906,4313,141.68
78608,1113,2668,87.68
78608,1701,3794,124.68
78608,1798,4313,141.68
78608,1801,1633,53.68
93908,1617,872,28.68
45214,102,964,31.68
7018,304,1421,46.68
7018,305,1421,46.68
7018,498,1421,46.68
83982,104,1115,36.68
83982,108,841,27.68
83982,408,1115,36.68
34666,598,1207,39.68
34666,712,4099,134.68
34666,916,994,32.68
34666,1198,3217,105.68
34666,1605,4129,135.68
11311,1619,3551,116.68
82397,498,1817,59.68
89796,304,964,31.68
89796,705,933,30.68
89796,1801,1115,36.68
48366,108,2363,77.68
45364,304,933,30.68
11190,708,1268,41.68
11190,1617,964,31.68
11190,1704,1025,33.68
11190,1801,1360,44.68
56276,1801,2302,75.68
61330,426,1025,33.68
79666,432,902,29.68
79666,706,872,28.68
79666,1605,1146,37.68
79666,1619,964,31.68
99067,411,2760,90.68
99067,1098,2760,90.68
99067,1605,1360,44.68
99067,1619,2394,78.68
99067,1622,2760,90.68
99067,1634,2760,90.68
99067,1801,1786,58.68
43699,1812,2241,73.68
43699,1817,1177,38.68
25169,305,1025,33.68
25169,1813,1146,37.68
74560,1634,1633,53.68
88611,202,1330,43.68
88611,1215,1177,38.68
88611,1622,2029,66.68
15049,304,902,29.68
19576,404,1086,35.68
19576,498,1086,35.68
19576,711,1146,37.68
19576,798,1146,37.68
19576,916,1177,38.68
12538,109,1511,49.68
12538,202,4068,133.68
12538,205,1268,41.68
12538,1204,1207,39.68
12538,1703,3521,115.68
12538,1704,3459,113.68
12538,1898,2394,78.68
84607,424,1146,37.68
84607,428,1115,36.68
84607,898,964,31.68
84607,998,964,31.68
84607,1617,4829,158.68
84607,1801,1238,40.68
84607,1813,2241,73.68
84607,1816,1937,63.68
12642,1801,1268,41.68
39112,916,1817,59.68
39112,1015,1817,59.68
36436,108,2516,82.68
36436,1609,2791,91.68
36436,1634,1177,38.68
36436,1812,1360,44.68
99666,1307,780,25.68
96163,1605,3916,128.68
96163,1617,4282,140.68
96163,1622,1633,53.68
88244,304,1055,34.68
88244,305,1055,34.68
88244,1622,1055,34.68
88244,1640,1055,34.68
88872,298,3459,113.68
88872,605,3521,115.68
88872,698,3490,114.68
62569,423,1330,43.68
62569,1801,1055,34.68
3402,1617,3125,102.68
3402,1801,3278,107.68
18649,414,1299,42.68
18649,1106,2852,93.68
18649,1307,1055,34.68
18649,1801,3916,128.68
31145,1627,2090,68.68
31145,1801,1756,57.68
98966,102,1817,59.68
98966,203,2182,71.68
98966,306,690,22.68
98966,307,690,22.68
98966,605,2182,71.68
98966,908,964,31.68
98966,911,964,31.68
98966,1113,690,22.68
98966,1619,1998,65.68
82114,305,1786,58.68
82114,306,994,32.68
82114,1701,2576,84.68
82114,1704,2821,92.68
82114,1804,5560,182.68
82114,1817,2060,67.68
75453,426,1664,54.68
75453,712,1725,56.68
75453,1805,1177,38.68
45612,1817,1633,53.68
45612,1898,2121,69.68
100687,307,568,18.68
100687,1105,568,18.68
100687,1813,1937,63.68
100687,1817,749,24.68
100687,1911,660,21.68
40146,1705,1268,41.68
31988,305,1421,46.68
31988,432,1817,59.68
31988,498,933,30.68
31988,1105,6169,202.68
31988,1106,1115,36.68
31988,1118,1391,45.68
85825,1605,1360,44.68
90294,1198,1330,43.68
58128,102,1786,58.68
58128,305,1603,52.68
58128,914,1968,64.68
25803,306,3855,126.68
25803,1617,3521,115.68
25803,1640,2791,91.68
96850,1098,2121,69.68
96850,1113,1542,50.68
96656,116,1268,41.68
96656,304,721,23.68
96656,305,902,29.68
96656,306,902,29.68
96656,405,721,23.68
96656,412,2576,84.68
96656,1111,1845,60.68
96656,1113,1268,41.68
96656,1210,1845,60.68
65804,304,1421,46.68
65804,305,1421,46.68
65804,307,1421,46.68
65804,504,1421,46.68
65804,708,1238,40.68
65804,809,1572,51.68
72405,411,933,30.68
72405,712,1937,63.68
72405,1619,1572,51.68
34261,111,2241,73.68
34261,809,3763,123.68
85497,423,2972,97.68
85497,1801,1299,42.68
85497,1802,902,29.68
85497,1817,1725,56.68
88278,205,902,29.68
88278,305,2972,97.68
88278,708,1876,61.68
88278,1801,5012,164.68
88278,1802,4343,142.68
88278,1812,5377,176.68
75187,1801,1086,35.68
53973,406,2547,83.68
53973,426,2547,83.68
51697,109,1086,35.68
51697,705,2272,74.68
51697,798,933,30.68
51697,1113,902,29.68
51697,1198,933,30.68
51697,1801,1207,39.68
51697,1898,4890,160.68
80020,1609,1177,38.68
80020,1617,1480,48.68
10772,510,1207,39.68
10772,1616,1207,39.68
69003,102,1391,45.68
69003,305,3156,103.68
69003,1817,1480,48.68
86946,102,1115,36.68
86946,205,1115,36.68
86946,304,1115,36.68
86946,612,841,27.68
93532,304,994,32.68
80818,304,2121,69.68
80818,305,1756,57.68
80818,498,2121,69.68
80818,1622,2090,68.68
80818,1812,1786,58.68
19380,102,1025,33.68
19380,201,1480,48.68
19380,307,690,22.68
19380,504,2882,94.68
19380,519,2882,94.68
19380,1113,1421,46.68
19380,1617,660,21.68
19380,1627,1695,55.68
19380,1634,6108,200.68
19380,1701,5651,185.68
19380,1705,2151,70.68
19380,1801,3855,126.68
19380,1803,5012,164.68
36108,1015,2121,69.68
71824,109,1695,55.68
71824,304,841,27.68
71824,1105,1845,60.68
2780,1619,1421,46.68
71474,1105,2516,82.68
71474,1110,2121,69.68
71474,1407,3582,117.68
71474,1414,3582,117.68
71474,1601,3582,117.68
71474,1603,3582,117.68
71474,1614,3582,117.68
71474,1627,1633,53.68
35677,304,1421,46.68
35677,305,1391,45.68
35677,306,1421,46.68
35677,414,2547,83.68
35677,423,1452,47.68
35677,1618,2547,83.68
35677,1640,4037,132.68
60430,914,1115,36.68
60430,1113,1146,37.68
44090,202,933,30.68
44090,432,872,28.68
44090,1634,1330,43.68
50745,423,1664,54.68
9316,304,1845,60.68
62305,108,1268,41.68
62305,202,1299,42.68
62305,426,1086,35.68
62305,1616,1664,54.68
102143,1812,507,16.68
70455,202,902,29.68
70455,1114,2210,72.68
70455,1617,2182,71.68
70455,1812,2090,68.68
70455,1817,2090,68.68
57550,1098,3459,113.68
57550,426,1055,34.68
57550,498,1055,34.68
57550,713,1480,48.68
57550,1898,3156,103.68
27704,1898,2913,95.68
59607,304,1511,49.68
59607,898,1542,50.68
59607,1305,1542,50.68
59607,1306,1238,40.68
59607,1498,1542,50.68
62660,202,1511,49.68
62660,1605,1391,45.68
52346,202,2333,76.68
52346,204,4982,163.68
52346,305,1268,41.68
52346,306,1268,41.68
52346,406,994,32.68
52346,1416,4982,163.68
52346,1617,3278,107.68
52346,1817,1725,56.68
21858,1801,872,28.68
45377,410,1055,34.68
45377,1105,2363,77.68
45377,1637,1633,53.68
45377,1701,2272,74.68
45377,1704,3582,117.68
45377,1801,2821,92.68
19764,1198,1207,39.68
4663,202,1086,35.68
4663,304,1238,40.68
4663,809,2516,82.68
4663,1798,2516,82.68
25991,102,994,32.68
25991,406,994,32.68
25991,426,5986,196.68
25991,1310,994,32.68
28059,304,1786,58.68
28059,1117,2151,70.68
28059,1801,1968,64.68
90168,304,994,32.68
90168,714,1177,38.68
90168,1215,2425,79.68
90168,1615,933,30.68
49625,304,2852,93.68
37061,504,1968,64.68
76666,608,1055,34.68
76666,1112,2241,73.68
17034,803,1115,36.68
17034,809,1086,35.68
69972,412,1998,65.68
32663,305,2210,72.68
35331,426,1452,47.68
35331,1614,4037,132.68
87026,1637,1238,40.68
87026,1804,1330,43.68
48337,1801,933,30.68
48337,1817,872,28.68
52589,1598,3125,102.68
52589,1305,2760,90.68
52589,1801,1391,45.68
214,305,1480,48.68
214,1108,1876,61.68
30822,118,902,29.68
30822,198,3306,108.68
30822,202,2121,69.68
30822,412,1725,56.68
30822,504,3490,114.68
30822,708,872,28.68
30822,1112,1360,44.68
30822,1617,1452,47.68
96782,304,660,21.68
96782,709,2241,73.68
96782,1112,2516,82.68
96782,1113,2272,74.68
96782,1198,2516,82.68
96782,1612,1664,54.68
96782,1704,780,25.68
96782,1804,2516,82.68
96782,1805,2516,82.68
96782,1810,2516,82.68
25090,201,1756,57.68
25090,202,1756,57.68
96585,398,2333,76.68
96585,305,2333,76.68
96585,310,2425,79.68
96585,707,1177,38.68
29719,102,1207,39.68
29719,304,3763,123.68
29719,407,1937,63.68
29719,1801,3217,105.68
89360,304,902,29.68
89360,408,2516,82.68
89360,504,2699,88.68
89360,1112,1360,44.68
89360,1704,2394,78.68
99902,1898,1330,43.68
40548,898,4221,138.68
40548,305,2486,81.68
40548,307,2486,81.68
40548,808,4221,138.68
66336,202,872,28.68
66336,305,2029,66.68
66336,407,1268,41.68
66336,708,2029,66.68
96842,1817,1633,53.68
96842,1898,2182,71.68
77739,704,3824,125.68
77739,304,3459,113.68
77739,305,1330,43.68
77739,1801,1633,53.68
83170,102,1664,54.68
83170,205,1511,49.68
83170,407,2852,93.68
83170,1098,3916,128.68
79684,202,1177,38.68
79684,708,1086,35.68
31438,304,1115,36.68
31438,1117,1177,38.68
31438,1898,1177,38.68
83966,504,1115,36.68
83966,504,1115,36.68
39347,504,1695,55.68
39347,504,1695,55.68
39347,1627,3521,115.68
39347,1801,1603,52.68
11898,202,811,26.68
11898,423,1572,51.68
11898,1617,1115,36.68
12395,504,2791,91.68
12395,1117,2791,91.68
97333,504,811,26.68
4006,304,1633,53.68
4006,426,2121,69.68
4006,1215,2638,86.68
4006,1610,2210,72.68
4006,1812,3702,121.68
60500,1013,1299,42.68
32318,304,1025,33.68
32318,1113,1025,33.68
32318,1627,1025,33.68
45063,114,1207,39.68
45063,708,1330,43.68
42161,102,1391,45.68
42161,202,1511,49.68
42161,510,1025,33.68
42161,511,1025,33.68
42161,512,1025,33.68
42161,1216,933,30.68
42161,1801,6838,224.68
81054,202,1542,50.68
81054,405,1360,44.68
81054,412,994,32.68
81054,426,994,32.68
81054,712,994,32.68
81054,713,933,30.68
72337,304,1055,34.68
72337,1113,1086,35.68
72337,1798,4678,153.68
29604,108,1177,38.68
29604,203,1238,40.68
29604,412,1177,38.68
29604,708,1146,37.68
29604,1013,994,32.68
31050,305,1480,48.68
31050,432,2455,80.68
31050,708,1360,44.68
31050,898,994,32.68
31050,1298,1876,61.68
83018,1622,964,31.68
38494,104,2607,85.68
38494,612,1786,58.68
38494,1305,1086,35.68
38494,1637,4982,163.68
38494,1898,4282,140.68
64487,202,2121,69.68
64487,423,2121,69.68
56226,304,1025,33.68
56226,1637,2121,69.68
82844,406,1055,34.68
82844,423,1055,34.68
13162,305,933,30.68
35982,1619,3337,109.68
33789,708,1360,44.68
33789,1812,1268,41.68
55746,307,1360,44.68
55746,405,1360,44.68
55746,407,1360,44.68
55746,423,1725,56.68
55746,426,1725,56.68
55746,915,1146,37.68
55746,998,1146,37.68
55746,1305,1146,37.68
83406,305,1421,46.68
83406,306,3064,100.68
83406,498,2729,89.68
44690,432,1055,34.68
1796,1106,1786,58.68
50050,412,2638,86.68
50050,915,1330,43.68
50050,1817,1725,56.68
5908,305,2607,85.68
5908,306,2607,85.68
91321,305,1421,46.68
91321,311,2425,79.68
91321,1117,2547,83.68
91321,1601,1695,55.68
91321,1627,1695,55.68
60069,498,1330,43.68
57138,415,1238,40.68
57138,1801,1025,33.68
93433,423,2029,66.68
93433,914,2852,93.68
93433,1112,1177,38.68
93433,1817,994,32.68
5562,1801,2791,91.68
34888,1107,1937,63.68
34888,1605,1572,51.68
34888,1813,1299,42.68
100296,305,780,25.68
100296,915,2425,79.68
44530,305,1207,39.68
44530,306,1207,39.68
44530,1113,933,30.68
56086,714,3429,112.68
20605,915,5377,176.68
20605,1617,2455,80.68
20605,1709,1055,34.68
20605,1813,5316,174.68
5334,1803,1360,44.68
5334,1804,1391,45.68
86728,1801,1360,44.68
44794,505,2090,68.68
44794,305,2210,72.68
101093,432,690,22.68
101093,1637,3551,116.68
101093,1812,3217,105.68
101093,1817,629,20.68
5182,1198,1542,50.68
5182,1898,1542,50.68
80125,1605,1968,64.68
80712,205,1238,40.68
80712,304,1146,37.68
80712,305,1876,61.68
80712,504,2090,68.68
80712,514,2090,68.68
80712,708,6412,210.68
80712,1637,4982,163.68
62603,915,3337,109.68
62603,1637,1360,44.68
62603,1812,1633,53.68
49479,110,3033,99.68
49479,304,1268,41.68
49479,1413,1299,42.68
78446,1617,811,26.68
14316,102,1268,41.68
14316,202,1086,35.68
14316,304,2210,72.68
14316,407,2760,90.68
14316,426,1756,57.68
14316,428,994,32.68
14316,713,3916,128.68
14316,803,933,30.68
14316,809,1633,53.68
14316,914,2455,80.68
14316,916,2972,97.68
14316,1113,2821,92.68
14316,1312,2821,92.68
14316,1605,2760,90.68
14316,1622,6473,212.68
14316,1898,3916,128.68
81825,202,3490,114.68
81825,304,3490,114.68
81825,306,2972,97.68
81825,411,2760,90.68
81825,432,3490,114.68
81825,705,3459,113.68
81825,714,1177,38.68
81825,1113,2090,68.68
81825,1605,2913,95.68
94892,202,1480,48.68
94892,405,1998,65.68
94892,407,1998,65.68
94892,412,1421,46.68
94892,424,1756,57.68
94892,504,2151,70.68
94892,712,1421,46.68
94892,1110,1845,60.68
94892,1610,994,32.68
89213,713,1115,36.68
17381,108,964,31.68
17381,406,933,30.68
17381,407,933,30.68
17381,426,1998,65.68
17381,510,1998,65.68
17381,1110,4525,148.68
17381,1312,4890,160.68
17381,1617,2607,85.68
91861,1112,1299,42.68
91861,1805,1786,58.68
91861,1816,1299,42.68
89577,305,2852,93.68
89577,1805,1391,45.68
81012,428,933,30.68
81012,1118,964,31.68
81012,1798,1391,45.68
81012,1801,1055,34.68
102587,304,1207,39.68
102587,305,1207,39.68
71645,403,2547,83.68
71645,504,2455,80.68
71645,704,2547,83.68
71645,504,2455,80.68
71645,1616,2394,78.68
36386,304,1998,65.68
99938,311,690,22.68
99938,504,749,24.68
99938,1609,749,24.68
6658,202,4068,133.68
6658,1108,2972,97.68
46317,307,1480,48.68
62477,415,1360,44.68
62477,432,964,31.68
62477,1704,1845,60.68
45202,1298,4313,141.68
45202,1298,4313,141.68
45202,1813,1572,51.68
46174,1105,3278,107.68
46174,1817,3306,108.68
75293,304,1086,35.68
75293,305,1086,35.68
75293,307,1055,34.68
75293,311,3733,122.68
19032,1617,1786,58.68
19032,1813,1391,45.68
19032,1816,902,29.68
52240,305,1086,35.68
52240,1108,3125,102.68
52240,1113,1725,56.68
98235,304,2272,74.68
98235,410,1055,34.68
98235,911,721,23.68
98235,1605,1542,50.68
98235,1616,933,30.68
98235,1805,1299,42.68
98235,1812,1086,35.68
98235,1898,3429,112.68
44870,104,2913,95.68
44870,109,3490,114.68
91648,1616,1299,42.68
91648,1617,1207,39.68
101673,1605,568,18.68
102359,1198,6047,198.68
102359,304,780,25.68
102359,305,3582,117.68
102359,307,3582,117.68
102359,313,6259,205.68
102359,398,507,16.68
102359,415,1633,53.68
102359,510,1330,43.68
102359,514,1330,43.68
102359,598,1330,43.68
102359,1111,6047,198.68
102359,1205,1146,37.68
102359,1398,537,17.68
102359,1801,1330,43.68
102359,1898,5743,188.68
96419,998,690,22.68
88199,405,1817,59.68
88199,1622,1421,46.68
88199,1802,1845,60.68
31393,110,1786,58.68
31393,205,1876,61.68
31393,310,10034,329.68
31393,1622,3186,104.68
31393,1634,2699,88.68
8948,102,1360,44.68
8948,1630,4647,152.68
66123,102,1207,39.68
66123,116,1876,61.68
66123,202,4008,131.68
66123,306,2607,85.68
66123,398,2241,73.68
66123,412,3702,121.68
66123,712,3702,121.68
66123,809,6259,205.68
66123,910,933,30.68
66123,1198,5377,176.68
66123,1210,2607,85.68
66123,1310,1086,35.68
66123,1627,2029,66.68
66123,1898,4494,147.68
80606,1609,1360,44.68
80606,1817,1511,49.68
13959,1622,2941,96.68
13959,1637,2941,96.68
88630,198,1756,57.68
88630,415,2151,70.68
88630,705,1025,33.68
88630,719,1025,33.68
88630,1801,4525,148.68
88630,1898,3886,127.68
41019,304,964,31.68
63090,304,1146,37.68
63090,305,1146,37.68
63090,405,2972,97.68
63090,406,2972,97.68
63090,408,2972,97.68
95494,304,1664,54.68
95494,305,1664,54.68
95494,306,1664,54.68
95494,1812,2060,67.68
44449,202,1480,48.68
57336,426,964,31.68
92444,198,2029,66.68
92444,112,2029,66.68
92444,202,964,31.68
92444,1812,1238,40.68
52002,1703,902,29.68
55050,1622,1633,53.68
55050,1710,1086,35.68
72948,1617,1146,37.68
93804,405,994,32.68
93804,421,749,24.68
93804,423,994,32.68
93804,498,749,24.68
93804,915,1146,37.68
93804,998,1146,37.68
93804,1605,2060,67.68
70773,202,4798,157.68
70773,208,1360,44.68
70773,304,1299,42.68
70773,307,1299,42.68
70773,432,1360,44.68
70773,707,2941,96.68
70773,798,2576,84.68
70773,1710,1845,60.68
70773,1998,1633,53.68
73088,809,1786,58.68
6728,1612,1968,64.68
6728,1615,1817,59.68
6728,1801,1633,53.68
6728,1810,1421,46.68
100634,108,841,27.68
90220,304,3247,106.68
90220,305,3247,106.68
10767,102,1603,52.68
10767,428,2363,77.68
10767,498,2394,78.68
10767,512,1664,54.68
10767,598,1664,54.68
10767,1098,1603,52.68
10767,1198,1268,41.68
10767,1205,1299,42.68
10767,1498,1299,42.68
10767,1605,3612,118.68
10767,1698,2760,90.68
10767,1701,3643,119.68
10767,1703,3459,113.68
10767,1798,5012,164.68
10767,1801,2760,90.68
10767,1809,2760,90.68
10767,1817,4586,150.68
75241,998,1025,33.68
75241,1198,1330,43.68
75241,1209,2121,69.68
75241,1614,2060,67.68
99689,1815,629,20.68
50538,1617,2029,66.68
60556,206,902,29.68
60556,915,1786,58.68
60556,1113,964,31.68
60556,1798,1330,43.68
19509,1627,3064,100.68
19509,1634,3612,118.68
19509,1810,3612,118.68
3884,1001,2516,82.68
3884,1301,1756,57.68
3884,198,933,30.68
3884,310,2516,82.68
3884,705,1876,61.68
3884,1312,1756,57.68
3884,1616,2638,86.68
3884,1802,1725,56.68
76187,411,902,29.68
76187,432,1055,34.68
76187,798,1115,36.68
76187,1605,1480,48.68
102297,202,1695,55.68
102297,305,2852,93.68
102297,306,2852,93.68
102297,426,507,16.68
102297,1798,1360,44.68
13441,108,1055,34.68
13441,202,1025,33.68
13441,405,1086,35.68
35598,304,1207,39.68
35598,1108,5894,193.68
35598,1215,6624,217.68
35598,1704,1207,39.68
13942,304,1391,45.68
13942,708,1907,62.68
13942,1212,2090,68.68
13942,1617,1633,53.68
76021,305,1845,60.68
5633,1110,933,30.68
38517,423,2547,83.68
85789,304,1055,34.68
85789,406,1480,48.68
85789,432,964,31.68
85789,1113,1786,58.68
85789,1805,2151,70.68
85789,1810,2151,70.68
85789,1898,2151,70.68
61166,1801,1725,56.68
95849,112,2029,66.68
95849,304,749,24.68
95849,1623,1845,60.68
95849,1703,690,22.68
48523,305,1725,56.68
48523,1801,2882,94.68
8659,1630,2576,84.68
36009,116,1146,37.68
36009,205,1146,37.68
36009,304,1146,37.68
36009,803,1146,37.68
36009,1898,1146,37.68
95217,1634,2210,72.68
95217,1710,1756,57.68
38576,426,2516,82.68
38576,915,1238,40.68
38576,1810,2547,83.68
38576,1816,2121,69.68
49643,1103,4282,140.68
49643,424,1177,38.68
49643,605,4282,140.68
49643,1628,1572,51.68
49643,1701,3612,118.68
58649,403,3156,103.68
58649,1817,1480,48.68
93313,304,994,32.68
93313,1617,2241,73.68
93313,1703,2151,70.68
9817,202,994,32.68
9817,305,1907,62.68
9817,398,1025,33.68
9817,407,2029,66.68
9817,412,2029,66.68
9817,708,1207,39.68
9817,713,1330,43.68
9817,1106,1146,37.68
9817,1605,2029,66.68
35785,202,2941,96.68
35785,504,2272,74.68
35785,513,2272,74.68
35785,516,2272,74.68
35785,719,3733,122.68
35785,1117,5073,166.68
35785,1305,1177,38.68
89754,108,841,27.68
89754,405,872,28.68
89754,1801,2821,92.68
12628,498,933,30.68
88987,428,2638,86.68
88987,1198,2241,73.68
19529,305,1207,39.68
19529,404,933,30.68
80482,104,2607,85.68
80482,1215,2607,85.68
66096,102,2607,85.68
66096,304,5529,181.68
66096,305,1055,34.68
66096,306,6473,212.68
66096,1105,4374,143.68
66096,1701,4708,154.68
66096,1801,1603,52.68
66096,1817,3916,128.68
1781,1215,2151,70.68
1671,108,4433,145.68
1671,304,2913,95.68
1671,411,1664,54.68
1671,432,2363,77.68
1671,1605,2394,78.68
1671,1801,2699,88.68
97619,298,933,30.68
97619,305,1725,56.68
97619,404,2760,90.68
97619,705,2029,66.68
97619,1798,721,23.68
90014,116,2090,68.68
90014,205,964,31.68
90014,304,5012,164.68
90014,1609,2090,68.68
90014,1614,5438,178.68
90014,1622,2090,68.68
40195,202,994,32.68
40195,405,994,32.68
40195,423,994,32.68
40195,498,1146,37.68
40195,709,1146,37.68
12551,1801,1360,44.68
2122,414,872,28.68
2122,421,872,28.68
2122,1812,1086,35.68
8423,306,3003,98.68
68611,1704,1146,37.68
83987,1801,2060,67.68
3786,304,994,32.68
3786,307,994,32.68
3786,398,994,32.68
18015,307,964,31.68
18015,426,4982,163.68
18015,429,3824,125.68
18015,604,1695,55.68
18015,809,933,30.68
18015,1617,5285,173.68
18015,1813,2638,86.68
18015,1817,3521,115.68
73572,504,4678,153.68
73572,101,1115,36.68
73572,304,1968,64.68
73572,504,4678,153.68
73572,1709,5377,176.68
73572,1813,5560,182.68
78185,304,933,30.68
78185,612,1299,42.68
78185,1117,1299,42.68
76089,713,3824,125.68
76089,1617,3886,127.68
6681,498,2029,66.68
6681,1605,1299,42.68
79652,708,1756,57.68
15191,305,1664,54.68
99091,432,3094,101.68
99091,1112,1146,37.68
99091,1113,1146,37.68
99091,1614,3186,104.68
99091,1617,2241,73.68
99091,1816,1998,65.68
10236,102,811,26.68
10236,1113,1238,40.68
10236,1812,5743,188.68
55352,298,2972,97.68
55352,304,2791,91.68
55352,305,1695,55.68
55352,512,1695,55.68
55352,605,4617,151.68
55352,809,3855,126.68
55352,1701,1146,37.68
20266,1803,1238,40.68
59733,426,1998,65.68
59733,1634,2791,91.68
94442,426,749,24.68
48597,202,4829,158.68
48597,304,1664,54.68
48597,305,1542,50.68
48597,432,964,31.68
48597,1611,1845,60.68
24686,398,872,28.68
24686,410,1360,44.68
24686,713,2090,68.68
49304,1701,933,30.68
59263,104,4464,146.68
59263,202,2363,77.68
59263,407,1025,33.68
59263,504,1025,33.68
59263,705,4798,157.68
59263,809,2394,78.68
59263,915,994,32.68
59263,998,994,32.68
37318,1801,1725,56.68
93588,109,780,25.68
93588,714,1055,34.68
93588,1609,3916,128.68
93588,1616,933,30.68
86702,306,1725,56.68
29015,203,2455,80.68
29015,498,1572,51.68
29015,504,2516,82.68
29015,1605,2455,80.68
29015,1609,3247,106.68
29015,1630,2913,95.68
29015,1801,811,26.68
86635,1801,1055,34.68
71875,306,1146,37.68
71875,406,3186,104.68
71875,1015,3337,109.68
71875,1113,1238,40.68
71875,1215,1238,40.68
71875,1701,4160,136.68
71875,1801,3977,130.68
71875,1805,1268,41.68
71875,1812,2060,67.68
71875,1817,1452,47.68
70344,498,2121,69.68
70344,304,1725,56.68
70344,1607,1480,48.68
70344,1617,2486,81.68
83371,202,3490,114.68
83371,304,1633,53.68
83371,426,2516,82.68
40001,108,1633,53.68
40001,305,2576,84.68
40001,426,2821,92.68
40001,809,1664,54.68
59338,298,4708,154.68
59338,306,1603,52.68
59338,426,5012,164.68
59338,1801,4920,161.68
59338,1816,1330,43.68
77689,426,1725,56.68
77689,1612,1146,37.68
31532,103,1511,49.68
31532,202,994,32.68
31532,305,1421,46.68
57025,205,994,32.68
57025,407,4647,152.68
57025,423,3947,129.68
57025,1113,1207,39.68
57025,1215,1207,39.68
56411,1634,1146,37.68
80615,102,1421,46.68
80615,304,872,28.68
80615,705,872,28.68
80615,908,1238,40.68
80615,1117,1238,40.68
91260,304,2972,97.68
91260,1215,4068,133.68
6331,1609,1725,56.68
75257,423,1177,38.68
75257,426,1177,38.68
32510,1701,872,28.68
32510,1801,1360,44.68
44793,1627,1115,36.68
18687,306,4525,148.68
18687,1113,2760,90.68
18687,1812,1725,56.68
81552,1614,1603,52.68
81552,1633,1603,52.68
88855,201,1025,33.68
88855,915,1146,37.68
88855,1609,2516,82.68
32277,1703,1146,37.68
92751,1622,872,28.68
100671,307,1876,61.68
100671,709,2972,97.68
75852,408,3186,104.68
75852,414,1238,40.68
75852,510,2182,71.68
75852,511,2182,71.68
75852,1801,2852,93.68
82373,705,1725,56.68
78483,1617,2090,68.68
78483,1637,2029,66.68
78483,1801,1998,65.68
78483,1812,1786,58.68
78483,1817,1360,44.68
85752,304,902,29.68
85752,305,1845,60.68
85752,411,902,29.68
77486,198,2852,93.68
77486,601,2760,90.68
77486,698,902,29.68
77486,798,933,30.68
77486,112,933,30.68
77486,202,964,31.68
77486,607,964,31.68
77486,1637,1086,35.68
95189,118,2090,68.68
95189,304,2913,95.68
95189,1622,4617,151.68
95684,407,1756,57.68
95684,1105,1115,36.68
95684,1698,1756,57.68
95684,1817,1511,49.68
3930,198,933,30.68
99782,712,2821,92.68
99782,1616,1725,56.68
99782,1817,2455,80.68
54620,1817,964,31.68
99890,1634,749,24.68
52872,1198,9000,295.68
52872,1108,8665,284.68
3853,411,1055,34.68
3853,1198,4829,158.68
3853,1801,1725,56.68
3853,1810,4829,158.68
199,104,1511,49.68
18518,504,3702,121.68
18518,512,1725,56.68
18518,915,3306,108.68
18518,1117,4708,154.68
18518,1698,933,30.68
77863,410,8269,271.68
77863,411,8665,284.68
77863,412,8146,267.68
88188,305,841,27.68
51545,1804,1603,52.68
51545,1810,1603,52.68
51545,1812,1055,34.68
51545,1813,1603,52.68
82149,1105,2060,67.68
82149,1816,3247,106.68
82149,1898,2425,79.68
81754,304,2029,66.68
81754,305,2029,66.68
55420,305,5043,165.68
55420,426,2852,93.68
55420,1215,3824,125.68
77883,108,933,30.68
77883,405,1330,43.68
77883,412,1330,43.68
54698,108,1360,44.68
54698,198,1115,36.68
54698,605,1238,40.68
54698,1113,1876,61.68
39967,304,4374,143.68
39967,411,4982,163.68
39967,914,3977,130.68
39967,1634,5863,192.68
27397,914,1845,60.68
27397,916,1845,60.68
27397,1801,1207,39.68
62319,304,1146,37.68
62319,305,1146,37.68
62319,306,1146,37.68
62319,504,1207,39.68
62319,914,902,29.68
62319,1619,2668,87.68
91951,1817,933,30.68
57621,428,2302,75.68
57621,498,1480,48.68
57621,898,1330,43.68
57621,1098,1907,62.68
802,198,1177,38.68
802,1622,1391,45.68
64906,412,1421,46.68
64906,1637,1360,44.68
48918,411,964,31.68
82659,109,1786,58.68
82659,426,902,29.68
82659,1627,2821,92.68
85687,205,1511,49.68
85687,504,1876,61.68
55957,1307,2121,69.68
88394,198,872,28.68
88394,298,902,29.68
88394,504,1542,50.68
88394,510,1542,50.68
88394,511,1542,50.68
88394,513,1542,50.68
88394,898,872,28.68
88394,998,1238,40.68
5496,306,1025,33.68
5496,1706,2090,68.68
51831,1113,1817,59.68
77480,305,1817,59.68
77480,306,1421,46.68
77480,313,3977,130.68
77480,514,1299,42.68
77480,1117,3003,98.68
77480,1810,2913,95.68
36023,108,1695,55.68
36023,109,1695,55.68
36023,116,1330,43.68
36023,198,4982,163.68
36023,202,2425,79.68
36023,304,1268,41.68
36023,307,1572,51.68
36023,405,2791,91.68
36023,414,3156,103.68
36023,423,2791,91.68
36023,510,1998,65.68
36023,511,1391,45.68
36023,605,1542,50.68
36023,714,2121,69.68
36023,718,1603,52.68
36023,898,1572,51.68
36023,908,2060,67.68
36023,911,1695,55.68
36023,1106,1786,58.68
36023,1108,1238,40.68
36023,1110,1786,58.68
36023,1111,1786,58.68
36023,1113,1786,58.68
36023,1119,1786,58.68
36023,1407,1207,39.68
36023,1498,1572,51.68
36023,1812,4617,151.68
36023,1817,3521,115.68
22865,915,1299,42.68
11095,1113,1756,57.68
11095,1616,1360,44.68
11095,1898,3459,113.68
92534,205,902,29.68
92534,1113,4555,149.68
92534,1898,6078,199.68
90285,305,1207,39.68
90285,311,3459,113.68
90285,1609,3459,113.68
90285,1634,2363,77.68
90285,1802,2210,72.68
18181,1617,2210,72.68
18181,1704,1664,54.68
53202,708,1603,52.68
53202,915,1603,52.68
53202,1109,5651,185.68
53202,1113,5651,185.68
53202,1305,1603,52.68
89901,304,1360,44.68
89901,426,2913,95.68
86740,104,1391,45.68
86740,298,1391,45.68
86740,998,1391,45.68
55959,430,4402,144.68
55959,914,3490,114.68
55959,916,3490,114.68
55959,1105,994,32.68
79932,403,1845,60.68
79932,704,1845,60.68
79932,428,1025,33.68
79932,1605,1238,40.68
79932,1616,1756,57.68
79932,1617,1756,57.68
67785,102,2455,80.68
67785,205,1391,45.68
67785,998,3217,105.68
67785,1098,3217,105.68
67785,1701,5925,194.68
67785,1803,2699,88.68
56416,1698,2272,74.68
56416,1705,1845,60.68
56416,1898,2182,71.68
7354,403,3551,116.68
7354,304,2607,85.68
7354,305,2455,80.68
7354,1898,1664,54.68
13389,304,2302,75.68
13389,305,1572,51.68
13389,1801,2882,94.68
1595,916,964,31.68
87304,1801,1086,35.68
12316,102,1268,41.68
12316,201,1268,41.68
12316,304,902,29.68
97906,1113,933,30.68
80023,304,1055,34.68
80023,411,1452,47.68
46701,198,2241,73.68
46701,1110,3337,109.68
46701,1113,2241,73.68
46701,1998,1725,56.68
96686,109,1238,40.68
96686,1605,2363,77.68
96686,1811,2182,71.68
96686,1898,1238,40.68
70832,1113,2182,71.68
70832,1614,2760,90.68
70832,1817,2516,82.68
87574,1605,1360,44.68
87574,1630,1360,44.68
53717,1117,933,30.68
17310,1813,2699,88.68
94815,305,2882,94.68
21888,406,2210,72.68
21888,426,2210,72.68
21888,708,1055,34.68
21888,709,1055,34.68
21888,1622,2791,91.68
21888,1634,2791,91.68
21888,1815,1998,65.68
75039,304,3247,106.68
75039,305,1542,50.68
75039,311,4798,157.68
75039,504,1542,50.68
75039,1105,1330,43.68
1729,304,2272,74.68
1729,307,2272,74.68
1729,1198,2151,70.68
19242,406,994,32.68
14971,304,2394,78.68
14971,305,2394,78.68
14971,705,3217,105.68
14971,1617,3551,116.68
14971,1701,2272,74.68
14971,1704,4343,142.68
5850,205,1511,49.68
5850,304,1268,41.68
5850,305,1268,41.68
5850,608,1238,40.68
5850,1215,1146,37.68
5850,1801,1695,55.68
18688,198,1055,34.68
36312,202,1876,61.68
36312,305,1633,53.68
36312,306,1633,53.68
36312,712,1998,65.68
36312,719,1998,65.68
36312,1619,2090,68.68
36312,1805,2607,85.68
36312,1813,2090,68.68
91560,306,1299,42.68
91560,423,1268,41.68
6805,304,2210,72.68
6805,305,2210,72.68
6805,809,964,31.68
6805,906,964,31.68
6805,908,964,31.68
6805,916,994,32.68
6805,1111,964,31.68
6805,1113,964,31.68
6805,1407,872,28.68
6805,1617,2516,82.68
88985,202,1633,53.68
88985,304,933,30.68
88985,307,933,30.68
82053,205,1146,37.68
82053,306,4374,143.68
82053,414,1907,62.68
82053,415,4647,152.68
82053,1113,1238,40.68
82053,1198,1725,56.68
82053,1215,1968,64.68
82053,1312,1817,59.68
82053,1619,5438,178.68
82053,1640,4617,151.68
82053,1817,933,30.68
82053,1898,1725,56.68
48641,898,1360,44.68
48641,1202,5285,173.68
48641,110,6108,200.68
48641,304,1360,44.68
48641,305,1360,44.68
48641,808,5377,176.68
48641,1117,4647,152.68
48641,1215,1633,53.68
48641,1312,4313,141.68
62815,498,1268,41.68
19554,101,1146,37.68
19554,102,1452,47.68
19554,201,1330,43.68
19554,305,4008,131.68
19554,512,1452,47.68
91453,202,872,28.68
91453,423,1480,48.68
91453,1112,2852,93.68
30299,1617,1268,41.68
30299,1798,994,32.68
30299,1803,1207,39.68
28874,1801,1086,35.68
87386,101,994,32.68
87386,304,1055,34.68
87386,498,2151,70.68
87386,914,2516,82.68
87386,916,2516,82.68
87386,1113,2151,70.68
82120,916,1330,43.68
30234,305,6473,212.68
88033,915,902,29.68
88033,1705,1299,42.68
87751,432,872,28.68
87751,1627,1786,58.68
87751,1812,994,32.68
8488,705,902,29.68
8488,1817,1542,50.68
58390,202,2363,77.68
58390,1110,1511,49.68
29184,398,1845,60.68
29184,398,1845,60.68
29184,406,1511,49.68
29184,714,1330,43.68
29184,1703,964,31.68
29184,1816,1115,36.68
87858,305,902,29.68
87858,404,2972,97.68
87858,405,2699,88.68
87858,426,2699,88.68
87858,1108,1786,58.68
87858,1198,3702,121.68
11854,406,1330,43.68
68569,102,1876,61.68
68569,108,1876,61.68
68569,202,4798,157.68
68569,205,1511,49.68
68569,304,1876,61.68
68569,504,1146,37.68
68569,510,1146,37.68
68569,698,1146,37.68
68569,707,4494,147.68
68569,708,902,29.68
68569,712,4798,157.68
13317,304,1633,53.68
13317,305,1633,53.68
13317,1603,1633,53.68
13317,1627,1633,53.68
7762,107,2941,96.68
7762,202,2791,91.68
7762,406,2791,91.68
7762,407,2791,91.68
7762,412,2791,91.68
7762,423,2791,91.68
7762,424,2791,91.68
7762,426,2791,91.68
7762,708,2121,69.68
7762,712,2791,91.68
7762,1998,2791,91.68
68468,411,2394,78.68
68468,713,1146,37.68
68468,1215,1907,62.68
68468,1809,2394,78.68
68468,1810,2394,78.68
68468,1812,2394,78.68
91514,405,1725,56.68
91514,798,1360,44.68
91514,1617,1360,44.68
91514,1701,1177,38.68
47408,1817,1025,33.68
34632,115,3094,101.68
34632,406,2302,75.68
34632,409,2547,83.68
34632,425,3125,102.68
34632,426,2760,90.68
34632,712,3094,101.68
34632,1407,3125,102.68
34632,1605,2791,91.68
34632,1616,3125,102.68
34632,1637,3125,102.68
34632,1801,1695,55.68
34632,1902,2302,75.68
530,408,1725,56.68
530,1801,1207,39.68
91225,305,1725,56.68
91225,1605,1480,48.68
18863,411,2821,92.68
18863,428,1177,38.68
18863,705,933,30.68
18863,710,1086,35.68
18863,916,994,32.68
18863,1622,3094,101.68
26500,107,1360,44.68
26500,1113,1360,44.68
7096,305,1391,45.68
7096,1698,841,27.68
50756,712,872,28.68
50756,1310,841,27.68
50756,1703,3125,102.68
90381,712,933,30.68
90381,916,1146,37.68
90381,1605,1268,41.68
90381,1816,1391,45.68
20022,304,1572,51.68
38115,1215,1786,58.68
55494,1617,4008,131.68
55494,1705,1725,56.68
55494,1801,3186,104.68
21753,304,1664,54.68
21753,305,1664,54.68
21753,504,872,28.68
21753,1801,2821,92.68
27389,504,5012,164.68
27389,304,5163,169.68
27389,306,1146,37.68
27389,428,1360,44.68
27389,504,2821,92.68
27389,1117,4647,152.68
11852,202,4068,133.68
11852,304,1907,62.68
11852,406,3217,105.68
11852,1113,1542,50.68
11852,1616,4555,149.68
11852,1617,4555,149.68
11852,1622,4555,149.68
11852,1637,4555,149.68
11852,1801,3886,127.68
84449,708,1360,44.68
84449,713,2182,71.68
84449,915,994,32.68
29921,104,1360,44.68
29921,205,2241,73.68
29921,304,1664,54.68
29921,305,1664,54.68
29921,313,6624,217.68
29921,428,1664,54.68
29921,1205,2607,85.68
29921,1634,3125,102.68
29921,1640,3125,102.68
103078,1598,568,18.68
103078,1108,568,18.68
103078,1617,690,22.68
103078,1710,476,15.68
85075,705,3947,129.68
85075,707,4647,152.68
85075,1113,1146,37.68
18061,423,3643,119.68
18061,426,3643,119.68
18061,432,3886,127.68
18061,504,964,31.68
18061,1605,3886,127.68
98433,412,1633,53.68
98433,712,1633,53.68
98433,1817,749,24.68
102239,304,629,20.68
102239,1637,629,20.68
102239,1801,1998,65.68
81005,307,933,30.68
81005,608,2547,83.68
81005,1113,1633,53.68
81005,1898,7720,253.68
13002,498,2241,73.68
13002,1701,2699,88.68
86096,408,872,28.68
86096,410,872,28.68
86096,605,7934,260.68
86096,612,7934,260.68
86096,1108,7934,260.68
79567,412,1695,55.68
79567,414,933,30.68
79567,424,1756,57.68
79567,1111,2272,74.68
79567,1113,2272,74.68
79567,1119,2272,74.68
79567,1312,3398,111.68
69247,404,3278,107.68
69247,407,1480,48.68
69247,798,1391,45.68
69247,1112,2852,93.68
69247,1119,2151,70.68
27222,305,1299,42.68
27222,411,1725,56.68
39955,798,841,27.68
39955,1609,1330,43.68
32000,1117,4160,136.68
90994,304,902,29.68
90994,612,1299,42.68
90994,705,964,31.68
90994,1622,2455,80.68
50848,305,1055,34.68
50848,498,1086,35.68
50848,1609,1756,57.68
50848,1617,2121,69.68
50848,1634,2121,69.68
55806,1812,2516,82.68
55806,1816,3033,99.68
30190,1801,1115,36.68
19117,305,1603,52.68
19117,612,1177,38.68
19117,1117,1511,49.68
43052,304,2972,97.68
33885,202,994,32.68
33885,1312,2455,80.68
48460,202,2455,80.68
48460,305,2821,92.68
23073,1605,3064,100.68
23073,1617,3368,110.68
23073,1705,2852,93.68
97837,1008,1633,53.68
25563,1598,4190,137.68
25563,426,3977,130.68
25563,705,4099,134.68
25563,1110,3612,118.68
25563,1622,3794,124.68
25563,1815,3490,114.68
3525,116,2607,85.68
3525,205,1268,41.68
3525,304,5285,173.68
3525,305,1177,38.68
3525,405,5408,177.68
3525,410,5774,189.68
3525,612,5408,177.68
3525,706,4798,157.68
3525,809,1542,50.68
3525,914,5043,165.68
3525,1113,2852,93.68
3525,1205,1633,53.68
3525,1801,1391,45.68
66055,1110,2090,68.68
66055,1617,1268,41.68
66055,1701,2241,73.68
720,306,1695,55.68
720,423,1695,55.68
720,606,1695,55.68
720,1617,1695,55.68
90047,102,2121,69.68
90047,205,1756,57.68
90047,504,2121,69.68
90047,512,1511,49.68
90047,1216,2029,66.68
90047,1605,7477,245.68
82470,202,994,32.68
82470,1640,1845,60.68
16026,1617,1238,40.68
48488,298,964,31.68
48488,1798,1725,56.68
98222,1098,811,26.68
98222,405,660,21.68
98222,426,690,22.68
98222,1015,811,26.68
95796,1605,994,32.68
95796,1616,690,22.68
95796,1637,690,22.68
95796,1805,1360,44.68
57847,107,1817,59.68
57847,1105,1421,46.68
57847,1701,2333,76.68
57847,1703,1633,53.68
50590,305,1391,45.68
50590,310,3033,99.68
50590,311,3003,98.68
50590,1805,2638,86.68
67578,305,1268,41.68
67578,423,933,30.68
67578,430,3916,128.68
67578,708,3824,125.68
67578,1616,3886,127.68
67578,1634,3886,127.68
67578,1637,3886,127.68
67578,1801,2486,81.68
12648,705,1207,39.68
12648,1617,1177,38.68
59833,432,994,32.68
59833,707,1086,35.68
59833,809,1025,33.68
59833,916,1207,39.68
59833,1708,1177,38.68
66050,102,1086,35.68
66050,1215,1086,35.68
99930,1813,721,23.68
45016,1801,5012,164.68
75441,1118,1055,34.68
75441,1630,4433,145.68
75441,1802,2060,67.68
61441,1801,1055,34.68
85839,304,1086,35.68
68135,108,1786,58.68
68135,398,994,32.68
68135,426,2151,70.68
68135,498,599,19.68
68135,1112,811,26.68
68135,1617,2547,83.68
25490,1627,2029,66.68
25490,1813,1756,57.68
83670,107,1968,64.68
83670,426,872,28.68
83670,711,1055,34.68
48011,202,1146,37.68
48011,408,1756,57.68
48011,410,1146,37.68
48011,710,4374,143.68
70541,1009,872,28.68
70541,1801,933,30.68
1692,406,2425,79.68
1692,1617,2394,78.68
1692,1898,2121,69.68
6165,298,994,32.68
6165,1801,1330,43.68
61748,108,1998,65.68
61748,1640,1603,52.68
11093,426,5743,188.68
11093,707,1786,58.68
11093,1898,2913,95.68
90293,432,841,27.68
72447,426,2182,71.68
89154,426,2425,79.68
89154,1801,1786,58.68
100767,712,568,18.68
78274,1704,1268,41.68
32935,1898,1115,36.68
83575,307,1207,39.68
83575,406,1086,35.68
30877,201,1330,43.68
30877,202,1330,43.68
30877,306,5012,164.68
30877,428,5012,164.68
30877,1708,3763,123.68
30877,1811,5774,189.68
30877,1817,1299,42.68
36136,708,1421,46.68
36136,916,1207,39.68
69526,305,2060,67.68
69526,398,2060,67.68
69526,498,3855,126.68
93649,1634,872,28.68
51129,1110,1845,60.68
17358,405,4282,140.68
66863,304,1480,48.68
66863,305,1480,48.68
66863,306,3947,129.68
66863,1709,4252,139.68
129,202,1055,34.68
30103,426,4313,141.68
30103,1105,1817,59.68
30103,1215,4221,138.68
30103,1802,2791,91.68
30103,1812,4252,139.68
30103,1816,3855,126.68
30103,1817,3490,114.68
67358,304,872,28.68
67358,307,872,28.68
34146,305,3643,119.68
34146,1117,3643,119.68
34146,1307,1330,43.68
44011,423,1055,34.68
44011,1703,1480,48.68
26547,202,1238,40.68
26547,432,1207,39.68
50436,426,1542,50.68
50436,498,1086,35.68
50436,1605,1299,42.68
719,1627,2821,92.68
719,1801,1542,50.68
719,1802,2425,79.68
719,1817,1452,47.68
90254,1816,1391,45.68
97385,698,1268,41.68
97385,1617,3306,108.68
88393,102,1391,45.68
97577,102,2121,69.68
97577,306,933,30.68
97577,998,933,30.68
32216,306,1115,36.68
32216,415,1817,59.68
32216,601,1115,36.68
32216,1815,2455,80.68
24760,510,964,31.68
24760,1619,2821,92.68
45815,102,2090,68.68
45815,304,1238,40.68
45815,809,1756,57.68
45815,906,1146,37.68
45815,1113,4282,140.68
45815,1216,1238,40.68
45815,1312,1391,45.68
61189,707,1086,35.68
61189,712,1146,37.68
61189,713,1725,56.68
61189,915,1115,36.68
3390,1701,2668,87.68
69949,698,3306,108.68
69949,202,2821,92.68
87299,398,4798,157.68
87299,313,4798,157.68
87299,411,5347,175.68
87299,428,902,29.68
50328,304,994,32.68
50328,305,1207,39.68
5684,202,2668,87.68
5684,203,2668,87.68
5684,405,1817,59.68
5684,407,1817,59.68
5684,408,1817,59.68
5684,428,2607,85.68
5684,1407,1299,42.68
58452,304,933,30.68
58452,305,933,30.68
58452,1612,933,30.68
10453,202,1025,33.68
78715,406,1511,49.68
78715,432,2090,68.68
78715,1637,1360,44.68
78715,1801,2151,70.68
78715,1813,1480,48.68
52562,1701,1817,59.68
8702,202,994,32.68
8702,304,933,30.68
8702,305,2121,69.68
8702,405,3671,120.68
8702,406,3671,120.68
8702,407,3671,120.68
8702,408,3671,120.68
8702,423,3671,120.68
8702,424,1391,45.68
8702,914,1025,33.68
8702,916,1025,33.68
8702,1110,4313,141.68
8702,1637,2121,69.68
8702,1801,1421,46.68
8702,1813,2729,89.68
8702,1817,2455,80.68
33852,198,2516,82.68
21020,1105,1968,64.68
21020,1809,3916,128.68
87027,101,1542,50.68
87027,102,1542,50.68
87027,304,841,27.68
92319,428,2090,68.68
92319,1105,2363,77.68
92319,1106,1268,41.68
101993,1113,1633,53.68
101993,1698,2182,71.68
101993,1802,1725,56.68
101993,1812,1907,62.68
34815,202,1421,46.68
34815,304,4037,132.68
34815,305,2576,84.68
34815,411,2455,80.68
34815,426,994,32.68
34815,504,2210,72.68
34815,708,811,26.68
34815,809,5438,178.68
34815,914,6047,198.68
34815,1215,3702,121.68
29288,304,1845,60.68
29288,1108,3702,121.68
66703,313,2668,87.68
66703,426,2760,90.68
66703,712,2760,90.68
66703,1110,2486,81.68
66703,1117,2486,81.68
66703,1812,1025,33.68
45883,202,1633,53.68
45883,412,994,32.68
78791,412,1268,41.68
78791,712,1268,41.68
78791,1703,1086,35.68
25021,1622,1330,43.68
102062,304,994,32.68
102062,411,1268,41.68
102062,1312,1055,34.68
83171,915,1845,60.68
83171,1801,1391,45.68
78168,102,1207,39.68
78168,108,6169,202.68
78168,198,1845,60.68
78168,426,5925,194.68
78168,428,2121,69.68
78168,711,2363,77.68
63848,1215,1177,38.68
42356,504,4008,131.68
25161,1110,1146,37.68
82993,306,2333,76.68
82993,712,2363,77.68
23166,112,1360,44.68
23166,708,1177,38.68
23166,713,1086,35.68
23166,714,1391,45.68
23166,1105,902,29.68
17745,305,1025,33.68
17745,309,1025,33.68
93493,1704,1115,36.68
21842,102,2241,73.68
21842,305,1330,43.68
21842,313,4433,145.68
21842,1312,3916,128.68
21842,1698,4767,156.68
21842,1801,1330,43.68
20628,304,1786,58.68
20628,426,1786,58.68
20628,504,1968,64.68
20628,511,1480,48.68
20628,713,1360,44.68
20628,1198,1968,64.68
20628,1703,1421,46.68
102304,426,476,15.68
82489,108,1695,55.68
82489,306,1299,42.68
82489,428,1330,43.68
82489,1605,2425,79.68
82489,1701,2668,87.68
82489,1703,1725,56.68
97886,1609,1146,37.68
14196,916,2699,88.68
14196,1634,2668,87.68
14196,1813,1268,41.68
78573,1701,3186,104.68
23444,304,933,30.68
23444,426,933,30.68
56906,303,4920,161.68
56906,1598,4920,161.68
56906,405,4708,154.68
56906,412,4343,142.68
56906,424,3855,126.68
56906,608,1025,33.68
56906,712,4343,142.68
56906,809,1876,61.68
56906,1105,2241,73.68
56906,1110,4343,142.68
56906,1113,3094,101.68
56906,1117,4920,161.68
56906,1211,1025,33.68
56906,1605,3094,101.68
56906,1801,1025,33.68
49291,120,1572,51.68
49291,206,2516,82.68
49291,304,4037,132.68
49291,432,3521,115.68
49291,1119,1177,38.68
49291,1210,1177,38.68
11612,1617,1998,65.68
26374,109,2210,72.68
26374,304,1480,48.68
26374,305,1480,48.68
26374,423,933,30.68
26374,428,933,30.68
21176,198,2333,76.68
21176,108,1480,48.68
21176,198,2333,76.68
21176,298,1572,51.68
21176,304,933,30.68
21176,1634,1876,61.68
21176,1816,1786,58.68
21176,1898,1115,36.68
3539,305,1086,35.68
3539,1619,5438,178.68
76710,1598,5408,177.68
76710,202,1360,44.68
76710,205,1360,44.68
76710,298,1633,53.68
76710,305,1452,47.68
76710,306,1452,47.68
76710,498,4617,151.68
76710,608,1452,47.68
76710,713,2668,87.68
76710,1110,5408,177.68
76710,1113,3582,117.68
76710,1211,1452,47.68
84477,202,872,28.68
84477,407,872,28.68
84477,1704,2455,80.68
84477,1801,902,29.68
84477,1898,2699,88.68
93693,305,1968,64.68
93693,311,1968,64.68
93693,698,1633,53.68
93693,713,1238,40.68
93693,1106,1937,63.68
93693,1113,1937,63.68
93693,1117,1937,63.68
93693,1312,2486,81.68
93693,1801,2852,93.68
48515,1102,1725,56.68
48515,1109,1725,56.68
48515,1616,1725,56.68
48515,1637,1725,56.68
42633,305,841,27.68
42633,306,2972,97.68
42633,426,1756,57.68
42633,809,3337,109.68
42633,1801,2394,78.68
74805,304,964,31.68
74805,306,964,31.68
74805,708,1146,37.68
74805,709,1146,37.68
62664,406,2210,72.68
62664,411,2394,78.68
41590,428,1572,51.68
89083,412,1572,51.68
89083,423,1572,51.68
87002,304,1055,34.68
87002,305,1055,34.68
87002,311,3551,116.68
87002,1106,2882,94.68
99029,304,1115,36.68
83872,1601,902,29.68
55370,304,841,27.68
41766,305,1845,60.68
41766,425,5986,196.68
41766,516,2821,92.68
41766,604,2455,80.68
41766,705,2272,74.68
98451,202,872,28.68
11519,1798,902,29.68
52144,1106,2972,97.68
75804,1817,933,30.68
100001,304,780,25.68
100001,305,780,25.68
100001,306,780,25.68
92255,1815,1025,33.68
50937,104,2516,82.68
50937,915,2760,90.68
90641,304,1146,37.68
90641,408,2394,78.68
90641,412,2576,84.68
90641,916,2272,74.68
28266,1801,3003,98.68
33325,1801,1968,64.68
65098,202,4798,157.68
65098,305,2607,85.68
65098,809,1055,34.68
65098,1111,1086,35.68
65098,1210,1086,35.68
65098,1812,2576,84.68
65098,1817,2486,81.68
51243,116,1511,49.68
51243,304,872,28.68
51243,305,872,28.68
51243,306,872,28.68
51243,311,4494,147.68
51243,1105,2638,86.68
51243,1605,6534,214.68
51243,1801,1238,40.68
51243,1812,1115,36.68
42007,205,1330,43.68
42007,423,2029,66.68
42007,1118,902,29.68
42007,1804,872,28.68
49521,304,3398,111.68
49521,305,2729,89.68
49521,307,2729,89.68
49521,1637,3306,108.68
79010,403,2729,89.68
79010,704,2729,89.68
79010,411,1299,42.68
79010,1605,2060,67.68
50224,306,1480,48.68
32251,306,2455,80.68
32251,712,2699,88.68
62621,426,2425,79.68
47711,304,1452,47.68
47711,305,1452,47.68
47711,423,4160,136.68
47711,1305,1452,47.68
47711,1801,2394,78.68
95066,426,721,23.68
95066,605,780,25.68
95066,1703,721,23.68
95066,1803,749,24.68
91205,713,1572,51.68
91205,1614,1177,38.68
91205,1698,2272,74.68
91015,306,1511,49.68
91015,421,2852,93.68
91015,424,1756,57.68
91015,713,902,29.68
91015,906,1452,47.68
91015,909,1086,35.68
91015,1414,902,29.68
91015,1704,1452,47.68
59848,712,1876,61.68
59848,1105,933,30.68
59848,1810,2060,67.68
59848,1817,1664,54.68
20559,1811,1086,35.68
41848,306,1603,52.68
41848,798,1603,52.68
41848,1110,841,27.68
41848,1809,1603,52.68
41848,1898,1603,52.68
17536,605,2210,72.68
17536,1214,2210,72.68
48828,107,1421,46.68
48828,705,964,31.68
30005,205,1725,56.68
30005,304,2121,69.68
30005,307,2121,69.68
30005,504,902,29.68
98197,306,2972,97.68
98197,898,4068,133.68
76697,304,1845,60.68
76697,305,1845,60.68
76697,307,1845,60.68
76697,426,2121,69.68
76697,432,1268,41.68
44603,306,2241,73.68
44603,1412,1146,37.68
44534,298,1391,45.68
44534,1617,1542,50.68
44534,1898,933,30.68
88597,1609,841,27.68
97587,411,2791,91.68
97587,432,3125,102.68
97587,1014,4129,135.68
97587,1801,2363,77.68
48582,202,2029,66.68
48582,1113,964,31.68
48582,1801,1725,56.68
69666,305,1360,44.68
93478,206,1268,41.68
93478,1016,1603,52.68
93478,1898,1633,53.68
89043,504,1725,56.68
89043,519,1725,56.68
37052,1801,2486,81.68
92786,109,1542,50.68
92786,198,1421,46.68
92786,1630,4920,161.68
60553,705,964,31.68
60553,1615,1968,64.68
60553,1998,2060,67.68
57217,709,1452,47.68
8510,102,1633,53.68
8510,198,1207,39.68
8510,202,1025,33.68
8510,304,1207,39.68
8510,307,1664,54.68
8510,411,1086,35.68
8510,504,1633,53.68
8510,708,2090,68.68
8510,711,2090,68.68
8510,1110,1511,49.68
8510,1113,1511,49.68
8510,1209,1633,53.68
8510,1616,5743,188.68
8510,1701,1695,55.68
22143,107,1572,51.68
22143,306,1207,39.68
22143,398,1207,39.68
22143,498,1207,39.68
22143,898,1299,42.68
22143,1215,1299,42.68
26881,908,1330,43.68
26881,1619,3490,114.68
26881,1801,2182,71.68
31709,504,964,31.68
31709,514,964,31.68
31709,610,5438,178.68
31709,712,4343,142.68
75126,102,2455,80.68
75126,109,1845,60.68
75126,205,2607,85.68
75126,305,2121,69.68
75126,510,841,27.68
75126,803,1330,43.68
75126,908,1330,43.68
19022,198,1146,37.68
19022,1605,5073,166.68
19022,1816,1207,39.68
19022,1817,2547,83.68
5138,1627,902,29.68
47111,101,1115,36.68
47111,103,1238,40.68
47111,202,1360,44.68
47111,305,1115,36.68
47111,412,4647,152.68
47111,426,4617,151.68
47111,1098,1238,40.68
12343,1605,1207,39.68
83991,101,1299,42.68
83991,103,1299,42.68
83991,106,1299,42.68
83991,103,1299,42.68
71324,705,902,29.68
5403,101,780,25.68
5403,102,994,32.68
5403,118,994,32.68
5403,1705,4313,141.68
34942,1298,3916,128.68
34942,1598,1238,40.68
34942,298,1238,40.68
34942,705,1360,44.68
34942,1215,3916,128.68
34942,1817,2821,92.68
36030,405,3643,119.68
36030,407,1664,54.68
36030,424,3643,119.68
36030,432,964,31.68
36030,713,3459,113.68
36030,1616,3643,119.68
36030,1617,1055,34.68
846,102,994,32.68
846,304,2516,82.68
846,612,3217,105.68
846,803,2486,81.68
846,1113,1876,61.68
66093,1616,1756,57.68
66093,1698,1756,57.68
83806,1108,1055,34.68
83806,1813,1968,64.68
93388,306,1480,48.68
93388,311,2302,75.68
93388,428,2121,69.68
93388,706,1845,60.68
93388,1637,2029,66.68
93388,1811,1238,40.68
90921,498,1025,33.68
90921,916,1146,37.68
90921,1898,994,32.68
25850,304,902,29.68
25850,306,2607,85.68
25850,1110,1360,44.68
25850,1113,1360,44.68
25850,1119,933,30.68
25850,1801,902,29.68
75450,406,3916,128.68
75450,1619,3643,119.68
606,305,1756,57.68
606,307,1756,57.68
80831,404,2821,92.68
80831,504,2486,81.68
80831,1312,3794,124.68
93032,198,1452,47.68
93032,398,1360,44.68
93032,708,3094,101.68
93032,714,3094,101.68
93032,1112,1572,51.68
93032,1113,1268,41.68
93032,1803,933,30.68
93032,1898,1360,44.68
35448,1114,1268,41.68
63924,410,3064,100.68
63924,411,3064,100.68
63924,423,3064,100.68
63924,425,3064,100.68
63924,1698,3064,100.68
63924,1704,2090,68.68
64224,101,1695,55.68
64224,103,1695,55.68
64224,104,1330,43.68
64224,205,1330,43.68
64224,1118,2060,67.68
64224,1205,1695,55.68
64224,1216,2029,66.68
27854,1803,1086,35.68
27339,426,3186,104.68
27339,1105,1086,35.68
55415,1601,1025,33.68
67074,102,1268,41.68
93448,1113,2394,78.68
93448,1619,5713,187.68
93448,1701,1937,63.68
93448,1710,1725,56.68
92818,203,1511,49.68
92818,406,2972,97.68
92818,916,1177,38.68
90770,405,2455,80.68
90770,408,2455,80.68
90770,412,2090,68.68
90770,423,2455,80.68
90770,424,1360,44.68
90770,426,2455,80.68
90770,708,2090,68.68
90770,713,2821,92.68
90770,804,2455,80.68
90770,1116,994,32.68
24859,1198,1421,46.68
53982,415,1086,35.68
53982,1640,3824,125.68
29429,798,1633,53.68
95340,304,1572,51.68
95340,305,872,28.68
95340,423,1146,37.68
95340,1309,690,22.68
97941,428,780,25.68
44504,203,1603,52.68
30979,406,2121,69.68
30979,407,2121,69.68
30979,408,2121,69.68
51520,304,1817,59.68
51520,404,1695,55.68
51520,428,1817,59.68
51520,708,4798,157.68
51520,712,5073,166.68
51520,1617,5469,179.68
51520,1634,5438,178.68
63959,201,1146,37.68
63959,304,2547,83.68
63959,305,2210,72.68
63959,504,933,30.68
63959,1801,1299,42.68
18442,424,902,29.68
18442,504,3916,128.68
18442,511,3916,128.68
18442,916,1025,33.68
18442,1215,4617,151.68
21516,304,1360,44.68
21516,305,1360,44.68
21516,504,1115,36.68
21516,512,1115,36.68
21516,605,1115,36.68
21516,1801,2241,73.68
87174,203,4617,151.68
87174,712,5408,177.68
87174,1215,964,31.68
87174,1605,5743,188.68
87174,1619,5043,165.68
61288,412,1907,62.68
61288,426,1907,62.68
63847,809,1207,39.68
63847,1622,1360,44.68
63847,1801,1146,37.68
85627,109,2333,76.68
85627,206,1299,42.68
85627,304,1268,41.68
85627,305,1268,41.68
85627,307,1268,41.68
85627,1801,1845,60.68
99443,1103,2760,90.68
99443,108,780,25.68
99443,202,721,23.68
99443,405,690,22.68
99443,407,811,26.68
99443,411,2547,83.68
99443,705,629,20.68
99443,1106,1876,61.68
99443,1109,2760,90.68
99443,1113,1876,61.68
60651,916,1480,48.68
60651,1111,1086,35.68
60651,1704,1786,58.68
60651,1803,1086,35.68
84070,1617,1238,40.68
78191,305,1146,37.68
78191,602,1146,37.68
27642,598,2029,66.68
27642,1198,3094,101.68
71669,305,902,29.68
71669,1617,2241,73.68
44436,426,1360,44.68
44436,1801,1146,37.68
5728,428,1603,52.68
47722,304,2029,66.68
47722,305,2029,66.68
60407,1215,2363,77.68
87869,118,1725,56.68
87869,914,1452,47.68
87869,1205,964,31.68
100677,1801,1756,57.68
100677,1809,1756,57.68
100677,1813,690,22.68
100677,1817,2090,68.68
64661,108,3094,101.68
64661,304,1268,41.68
64661,809,2363,77.68
18269,498,3094,101.68
18269,404,3094,101.68
26950,304,841,27.68
26950,305,841,27.68
26950,1798,994,32.68
73832,1198,1511,49.68
73832,1805,1511,49.68
73832,1811,1511,49.68
69122,915,1086,35.68
69122,1617,1360,44.68
77786,202,3033,99.68
77786,298,3033,99.68
77786,407,2972,97.68
77786,428,2241,73.68
77786,1703,933,30.68
77786,1805,994,32.68
14312,304,1177,38.68
14312,1117,1299,42.68
14312,1803,1299,42.68
83505,304,1025,33.68
22017,428,1452,47.68
22017,1215,3977,130.68
71692,414,1725,56.68
38908,102,1786,58.68
38908,109,1238,40.68
38908,305,1421,46.68
38908,306,1421,46.68
38908,398,1421,46.68
38908,1113,1756,57.68
38908,1803,1238,40.68
38908,1817,2699,88.68
38908,1898,1238,40.68
54147,1215,1086,35.68
54147,1803,1725,56.68
85761,1016,1725,56.68
85761,1615,2547,83.68
85761,1817,1695,55.68
88425,304,1025,33.68
82743,404,3521,115.68
82743,1798,2791,91.68
56153,426,1756,57.68
56153,1215,1330,43.68
56153,1622,1391,45.68
56153,1640,1725,56.68
95259,1612,933,30.68
95259,1622,1025,33.68
22981,504,1817,59.68
22981,304,1207,39.68
22981,712,1725,56.68
2369,306,1695,55.68
2369,998,1360,44.68
2369,1617,1968,64.68
77413,424,2425,79.68
77413,1617,1817,59.68
77413,1698,1086,35.68
77413,1701,1542,50.68
20675,1605,1603,52.68
20675,1812,1299,42.68
84847,108,902,29.68
75553,203,2060,67.68
75553,1106,964,31.68
75553,1112,933,30.68
75553,1113,933,30.68
75553,1217,933,30.68
28864,1614,1572,51.68
28864,1701,1238,40.68
56095,1111,1207,39.68
97766,298,721,23.68
97766,510,902,29.68
97766,608,721,23.68
97766,708,1086,35.68
97766,1113,1876,61.68
97766,1407,2486,81.68
97766,1609,5132,168.68
97766,1628,780,25.68
97766,1704,4798,157.68
97766,1710,7174,235.68
86896,103,1360,44.68
86896,1108,2090,68.68
86896,1701,1268,41.68
93593,504,1360,44.68
93593,504,1360,44.68
93593,1013,1786,58.68
93593,1312,1086,35.68
51743,306,1391,45.68
95207,304,749,24.68
95207,1698,1268,41.68
95207,1803,2821,92.68
95207,1805,2821,92.68
80700,1198,1299,42.68
80700,1619,1725,56.68
100014,713,994,32.68
100014,1605,872,28.68
100014,1617,660,21.68
10224,1801,1268,41.68
40407,304,964,31.68
40407,1113,964,31.68
4286,504,3247,106.68
4286,202,994,32.68
4286,504,3247,106.68
2663,1801,1025,33.68
91822,202,1876,61.68
91822,423,1725,56.68
1344,202,2486,81.68
1344,1105,1817,59.68
1344,1801,1330,43.68
1344,1813,1238,40.68
61072,1198,2547,83.68
61072,1110,2547,83.68
61072,1801,2090,68.68
64566,1601,2913,95.68
64566,1801,2821,92.68
30998,202,1177,38.68
30998,203,2882,94.68
30998,1898,2516,82.68
64274,998,1452,47.68
64274,412,1452,47.68
64274,712,1452,47.68
64274,1015,1480,48.68
64274,1813,1480,48.68
50980,304,1695,55.68
50980,410,1664,54.68
50980,411,1664,54.68
50980,1617,2668,87.68
50980,1816,1937,63.68
12549,103,2363,77.68
12549,205,1480,48.68
12549,305,3094,101.68
12549,514,1664,54.68
12549,908,1511,49.68
12549,1117,4433,145.68
12549,1605,4708,154.68
12549,1698,1511,49.68
12549,1812,4555,149.68
91598,305,964,31.68
91598,1215,3855,126.68
91598,1805,1299,42.68
44491,306,2151,70.68
44491,916,1146,37.68
30217,1116,1299,42.68
81488,1617,2210,72.68
79703,205,1330,43.68
79703,304,1330,43.68
79703,305,1330,43.68
79703,411,1330,43.68
79703,916,1025,33.68
79703,1113,1238,40.68
79703,1210,1238,40.68
74675,1605,1360,44.68
74675,1637,1360,44.68
50022,503,3794,124.68
50022,1301,964,31.68
50022,430,5012,164.68
50022,504,3794,124.68
50022,519,3794,124.68
50022,713,4190,137.68
50022,809,4190,137.68
50022,1312,964,31.68
50022,1898,4920,161.68
94198,426,841,27.68
94198,498,841,27.68
79651,1815,994,32.68
29925,1598,1025,33.68
29925,202,1299,42.68
29925,916,1177,38.68
29925,1012,1177,38.68
29925,1801,1725,56.68
29925,1813,1025,33.68
95039,423,1421,46.68
12129,1801,1998,65.68
50610,1601,1603,52.68
50610,1810,1937,63.68
81453,1017,1086,35.68
89473,411,1025,33.68
89473,1614,1025,33.68
84106,708,994,32.68
84106,916,1025,33.68
84106,1015,1025,33.68
84106,1017,902,29.68
74167,307,2547,83.68
74167,423,902,29.68
74167,426,902,29.68
74167,504,2182,71.68
74167,1709,2852,93.68
55355,109,1055,34.68
55355,313,4494,147.68
55355,1113,1511,49.68
55355,1701,3003,98.68
55355,1813,3947,129.68
72945,1001,1207,39.68
96755,116,2394,78.68
96755,304,3551,116.68
96755,306,1664,54.68
96755,307,3551,116.68
96755,423,4647,152.68
96755,504,2425,79.68
96755,519,1572,51.68
96755,604,1238,40.68
96755,909,872,28.68
96755,915,1146,37.68
96755,1105,2972,97.68
96755,1801,5986,196.68
18677,398,872,28.68
18677,404,2121,69.68
18677,498,1998,65.68
18677,1817,2090,68.68
70239,426,2607,85.68
27440,708,1603,52.68
27440,914,1330,43.68
27440,915,902,29.68
27440,1698,1603,52.68
5639,601,4798,157.68
5639,1103,4798,157.68
5639,1598,4798,157.68
5639,198,1511,49.68
5639,305,1207,39.68
5639,306,4798,157.68
5639,601,4798,157.68
5639,916,1725,56.68
5639,1113,1876,61.68
5639,1701,3947,129.68
5639,1801,1756,57.68
5639,1810,2363,77.68
34681,608,1876,61.68
39061,426,1025,33.68
39061,1605,1876,61.68
39061,1617,1452,47.68
73412,305,1876,61.68
73412,423,1633,53.68
28563,1698,2363,77.68
28563,1805,2363,77.68
1646,410,1115,36.68
1646,424,1115,36.68
1646,705,1025,33.68
1646,1801,1115,36.68
1646,1809,1115,36.68
91414,201,1480,48.68
91414,1215,3064,100.68
91414,1811,3551,116.68
91414,1813,4313,141.68
96762,198,902,29.68
96762,1609,5043,165.68
17963,202,3186,104.68
17963,304,1511,49.68
17963,398,3643,119.68
17963,914,3186,104.68
17963,1013,964,31.68
17963,1637,3582,117.68
17963,1812,933,30.68
69729,304,1452,47.68
69729,305,1452,47.68
69729,307,1452,47.68
69729,404,1391,45.68
69729,428,1238,40.68
69729,705,1817,59.68
69729,719,1421,46.68
69729,1617,1268,41.68
95337,398,2516,82.68
95337,704,2486,81.68
95337,423,1360,44.68
95337,1701,660,21.68
95337,1801,721,23.68
50389,198,1695,55.68
51000,1804,3551,116.68
97780,406,1360,44.68
12915,708,1146,37.68
12915,715,1146,37.68
12915,1801,1360,44.68
3951,1105,1998,65.68
11494,1698,1086,35.68
11494,1704,1207,39.68
90238,102,1480,48.68
90238,304,1480,48.68
90238,305,1480,48.68
90238,1605,1511,49.68
90238,1809,1633,53.68
21934,202,2425,79.68
21934,412,2425,79.68
21934,414,2425,79.68
21934,428,1207,39.68
21934,510,1238,40.68
21934,512,1238,40.68
21934,1113,1695,55.68
65513,307,994,32.68
61793,705,3337,109.68
61793,1609,2882,94.68
87348,1110,4252,139.68
87348,1817,933,30.68
57300,205,1115,36.68
57300,305,1511,49.68
57300,426,2029,66.68
57300,1113,2029,66.68
98265,304,2607,85.68
98265,414,902,29.68
98265,1801,3521,115.68
44303,1798,1603,52.68
732,304,4798,157.68
732,305,4798,157.68
732,432,5012,164.68
732,706,2241,73.68
732,1306,964,31.68
732,1616,4647,152.68
732,1622,4647,152.68
732,1627,4647,152.68
32002,426,964,31.68
31023,1117,1025,33.68
4234,1703,1268,41.68
30456,305,1421,46.68
30456,306,1452,47.68
30456,405,2302,75.68
30456,705,3278,107.68
30456,915,2121,69.68
30456,916,3125,102.68
30456,1015,3125,102.68
30456,1640,3156,103.68
30456,1817,3368,110.68
35051,202,1086,35.68
35051,205,1360,44.68
35051,412,6016,197.68
35051,1212,1998,65.68
94827,511,964,31.68
71341,304,1055,34.68
71341,423,1055,34.68
71341,432,964,31.68
71341,1013,1086,35.68
71341,1634,1360,44.68
28709,1198,2913,95.68
28709,1110,2913,95.68
28709,1801,4374,143.68
37699,1117,2272,74.68
80826,406,1055,34.68
80826,407,1055,34.68
80826,423,1603,52.68
80826,424,1055,34.68
80826,708,2455,80.68
80826,709,2455,80.68
58252,406,1542,50.68
58252,712,1633,53.68
24132,202,1299,42.68
24132,1801,3459,113.68
15605,426,1299,42.68
15605,712,2210,72.68
15605,1605,3337,109.68
15605,1617,2607,85.68
15605,1701,2272,74.68
79298,498,2547,83.68
79298,1617,3612,118.68
29582,102,1511,49.68
29582,104,1207,39.68
29582,202,2882,94.68
29582,406,4739,155.68
29878,304,1603,52.68
29878,498,1603,52.68
29878,1605,2302,75.68
69231,202,1907,62.68
69231,405,1786,58.68
69231,407,1786,58.68
69231,424,1786,58.68
69231,426,1786,58.68
69231,1801,994,32.68
18755,712,964,31.68
18755,1617,1664,54.68
18755,1637,1725,56.68
18755,1816,2151,70.68
25093,102,1086,35.68
25093,202,1086,35.68
25093,205,1086,35.68
25093,304,2151,70.68
25093,307,2151,70.68
25093,426,3278,107.68
25093,428,4343,142.68
25093,798,1452,47.68
25093,1113,1817,59.68
64352,102,4798,157.68
64352,304,4739,155.68
64352,906,1299,42.68
64352,916,1299,42.68
62900,102,1725,56.68
62900,304,994,32.68
62900,305,994,32.68
62900,306,994,32.68
62900,307,994,32.68
62900,398,4252,139.68
62900,915,1360,44.68
62900,1113,1725,56.68
62900,1609,4647,152.68
62900,1704,1876,61.68
62900,1816,2791,91.68
25145,605,1086,35.68
25145,1701,1177,38.68
96086,304,1025,33.68
96086,1605,1998,65.68
96086,1622,1998,65.68
68069,1998,2455,80.68
26174,112,6108,200.68
26174,1106,2090,68.68
26174,1113,2090,68.68
26174,1637,1360,44.68
22333,406,1845,60.68
22333,708,1115,36.68
22333,1637,5955,195.68
22333,1898,3125,102.68
76366,102,3278,107.68
76366,304,902,29.68
76366,305,902,29.68
76366,414,902,29.68
76366,1307,3368,110.68
96739,102,1572,51.68
96739,115,1603,52.68
96739,1703,902,29.68
91732,202,4647,152.68
91732,298,4647,152.68
91732,304,3977,130.68
91732,306,2760,90.68
91732,507,964,31.68
91732,512,964,31.68
58063,916,1086,35.68
58063,1708,3733,122.68
58063,1805,3033,99.68
27436,914,4282,140.68
27436,1118,1876,61.68
27436,1898,3733,122.68
94474,898,811,26.68
94474,1798,1756,57.68
61254,1605,3186,104.68
96296,112,1572,51.68
96296,202,841,27.68
96296,206,780,25.68
96296,1817,1907,62.68
91795,405,4678,153.68
91795,426,4678,153.68
91795,1198,1998,65.68
91795,1817,2210,72.68
84382,102,1725,56.68
84382,198,1725,56.68
84382,202,1725,56.68
84382,305,1238,40.68
84382,307,1238,40.68
84382,498,964,31.68
84382,1305,964,31.68
84382,1311,964,31.68
73319,910,4464,146.68
73319,914,3186,104.68
73319,916,1876,61.68
73319,1108,4798,157.68
73319,1118,2760,90.68
73319,1210,1330,43.68
24929,1698,3551,116.68
10978,428,1268,41.68
31032,102,1725,56.68
31032,108,2425,79.68
31032,205,1725,56.68
31032,304,994,32.68
31032,305,5073,166.68
31032,504,1268,41.68
31032,1113,2455,80.68
31032,1801,1268,41.68
31032,1804,6290,206.68
95379,202,2821,92.68
95379,304,2121,69.68
25712,405,1268,41.68
25712,426,1268,41.68
25712,1110,1330,43.68
25712,1622,2121,69.68
86831,202,994,32.68
86831,404,994,32.68
86831,426,872,28.68
86831,1617,1207,39.68
86831,1813,1055,34.68
98004,301,749,24.68
98004,504,721,23.68
98004,498,690,22.68
98004,504,721,23.68
98004,1215,660,21.68
98687,102,780,25.68
98687,304,841,27.68
98687,305,841,27.68
98687,1605,841,27.68
102326,405,2182,71.68
102326,412,2090,68.68
102326,1617,2182,71.68
102326,1798,1725,56.68
102326,1801,964,31.68
28574,1622,1025,33.68
70273,1898,2913,95.68
25207,428,964,31.68
25207,498,2852,93.68
25207,1609,3033,99.68
89687,398,902,29.68
89687,426,4617,151.68
89687,1601,3490,114.68
89687,1614,3125,102.68
89687,1812,3733,122.68
80362,1110,964,31.68
27104,426,2029,66.68
27104,712,2029,66.68
27104,1113,2029,66.68
27104,1801,1725,56.68
3574,1804,3094,101.68
60214,1801,1086,35.68
19922,108,1695,55.68
19922,406,964,31.68
19922,1112,872,28.68
19922,1817,2210,72.68
40196,1812,2941,96.68
83202,1198,1391,45.68
83202,1112,1391,45.68
83202,1198,1391,45.68
83202,1801,1207,39.68
84368,432,994,32.68
84368,504,1391,45.68
84368,708,1330,43.68
71483,705,1115,36.68
71483,713,1786,58.68
71483,1605,2638,86.68
71483,1701,1086,35.68
71483,1703,933,30.68
51705,305,1299,42.68
51705,307,1299,42.68
51705,428,902,29.68
51705,1617,1299,42.68
51705,1640,4859,159.68
11462,304,1177,38.68
11462,305,1177,38.68
11462,307,1177,38.68
11462,706,2272,74.68
98274,304,1664,54.68
98274,306,3368,110.68
83377,304,902,29.68
83377,305,902,29.68
83377,306,902,29.68
83377,504,902,29.68
83377,516,902,29.68
83377,612,902,29.68
83377,1117,1786,58.68
95896,916,690,22.68
95896,1208,1146,37.68
95896,1210,1146,37.68
88548,304,1177,38.68
88548,305,1177,38.68
26025,110,1025,33.68
26025,1801,1055,34.68
85912,1703,2455,80.68
45622,202,2060,67.68
45622,798,1998,65.68
45622,809,1998,65.68
45622,1105,1330,43.68
45622,1817,2060,67.68
45622,1898,1695,55.68
33291,1634,4190,137.68
33291,1815,2486,81.68
39897,304,1086,35.68
39897,411,1572,51.68
39819,1598,3582,117.68
39819,311,3582,117.68
39819,415,3702,121.68
39819,1803,3582,117.68
32624,415,3459,113.68
32624,809,3125,102.68
32624,1617,3916,128.68
25972,1803,2821,92.68
25972,1809,2821,92.68
25972,1817,3521,115.68
10494,116,994,32.68
10494,304,1299,42.68
10494,305,2210,72.68
10494,306,2210,72.68
10494,406,3977,130.68
10494,428,2182,71.68
10494,705,994,32.68
58608,202,1330,43.68
58608,304,1299,42.68
58608,306,2821,92.68
58608,307,1299,42.68
58608,313,2821,92.68
58608,411,3886,127.68
58608,432,1360,44.68
58608,1298,2029,66.68
58608,1622,3278,107.68
58608,1640,2821,92.68
58608,1798,3217,105.68
58608,1898,2821,92.68
68073,306,1452,47.68
68073,1113,1817,59.68
68073,1801,3551,116.68
70859,304,1998,65.68
70859,708,1086,35.68
70859,916,1086,35.68
70859,1614,3033,99.68
87748,102,3217,105.68
87748,109,1299,42.68
87748,304,4008,131.68
87748,305,3551,116.68
87748,307,933,30.68
87748,1605,2241,73.68
87748,1616,4859,159.68
87748,1617,4859,159.68
87748,1622,4859,159.68
87748,1803,994,32.68
11865,109,1480,48.68
11865,809,1115,36.68
11865,1110,1511,49.68
11865,1119,1511,49.68
54156,428,2182,71.68
54156,1305,1633,53.68
54156,1617,1725,56.68
54156,1802,1664,54.68
56966,304,5377,176.68
56966,608,1330,43.68
56966,1118,2607,85.68
56966,1630,6746,221.68
56966,1701,5925,194.68
56966,1806,4890,160.68
14531,111,4617,151.68
14531,608,1299,42.68
14531,1015,4920,161.68
14531,1105,2760,90.68
14531,1817,1268,41.68
30031,305,2668,87.68
30031,306,1572,51.68
30031,1215,2699,88.68
16913,203,2913,95.68
16913,430,2972,97.68
16913,1616,2913,95.68
61651,809,1115,36.68
36493,916,1845,60.68
36493,1113,2090,68.68
36493,1310,4221,138.68
36493,1616,4252,139.68
83690,998,902,29.68
39904,304,1391,45.68
39904,415,2151,70.68
39904,809,1025,33.68
39904,915,1025,33.68
39904,1801,1756,57.68
88850,102,1876,61.68
88850,198,1876,61.68
88850,202,1238,40.68
88850,412,1786,58.68
88850,712,2607,85.68
61554,305,1542,50.68
61554,1709,2029,66.68
92374,404,1330,43.68
92374,410,1695,55.68
92374,426,1695,55.68
92374,1605,1360,44.68
12236,414,964,31.68
12236,705,1330,43.68
12236,1612,1998,65.68
12236,1637,994,32.68
9170,1617,1480,48.68
9170,1709,1452,47.68
9170,1816,1360,44.68
47184,1609,2333,76.68
47184,1617,2333,76.68
47184,1809,1268,41.68
56656,1804,1907,62.68
56656,1805,1907,62.68
56656,1810,1360,44.68
74694,1812,1695,55.68
38721,198,902,29.68
38721,305,1786,58.68
38721,398,1786,58.68
87131,205,780,25.68
87131,304,1025,33.68
87131,305,1025,33.68
87131,504,2455,80.68
87131,510,721,23.68
87131,512,780,25.68
87131,519,721,23.68
87131,1215,2029,66.68
87131,1898,5043,165.68
46077,311,4951,162.68
46077,406,1998,65.68
46077,412,1998,65.68
46077,601,4525,148.68
46077,705,3186,104.68
46077,1117,3612,118.68
371,304,4037,132.68
371,305,3306,108.68
371,306,2210,72.68
371,1112,2791,91.68
80054,304,1330,43.68
80054,1630,3763,123.68
10813,202,2607,85.68
10813,1810,2882,94.68
62228,1103,2882,94.68
62228,426,2394,78.68
62228,916,2121,69.68
62228,1813,1025,33.68
34306,102,1391,45.68
19181,809,4494,147.68
19181,914,2852,93.68
19181,1617,3612,118.68
19181,1817,3977,130.68
85239,713,2121,69.68
85239,1617,2151,70.68
85239,1703,1633,53.68
85239,1801,2029,66.68
95709,304,721,23.68
95709,305,1511,49.68
95709,916,4282,140.68
95709,1105,1055,34.68
95709,1813,3886,127.68
95709,1898,1055,34.68
51342,104,2363,77.68
51342,305,3186,104.68
51342,1208,1633,53.68
51342,1708,1572,51.68
85429,408,2668,87.68
85429,432,1025,33.68
85429,1705,1603,52.68
85429,1812,2729,89.68
99522,1815,629,20.68
62535,1701,1177,38.68
946,411,3156,103.68
946,428,1268,41.68
946,915,1025,33.68
946,1802,2852,93.68
946,1812,2363,77.68
67790,914,1115,36.68
67790,916,1115,36.68
10827,201,1452,47.68
10827,908,1115,36.68
10827,1113,1115,36.68
22306,1617,2151,70.68
36419,305,1817,59.68
36419,1627,3125,102.68
58103,426,1845,60.68
58103,1627,1845,60.68
59609,1803,6593,216.68
56451,1215,1725,56.68
26308,1112,1452,47.68
97830,798,902,29.68
97830,1630,1177,38.68
94509,1619,841,27.68
94509,1704,1756,57.68
94509,1801,1603,52.68
94509,1812,1603,52.68
72740,504,933,30.68
92203,1112,1025,33.68
13349,1198,4374,143.68
13349,1110,4374,143.68
13349,1112,4374,143.68
13349,1117,4374,143.68
3212,411,2821,92.68
89612,1614,3702,121.68
68967,1609,994,32.68
68967,1616,933,30.68
68967,1634,933,30.68
79595,198,4343,142.68
79595,426,3094,101.68
79595,504,1480,48.68
79595,1111,3278,107.68
79595,1617,4767,156.68
58186,305,1572,51.68
58186,306,1572,51.68
69805,411,4282,140.68
69805,915,1115,36.68
69805,1215,3064,100.68
69805,1605,4920,161.68
69805,1612,4678,153.68
69805,1617,4313,141.68
69805,1622,2090,68.68
69805,1637,2090,68.68
69805,1640,2090,68.68
69805,1704,3459,113.68
69805,1801,1603,52.68
69805,1809,3156,103.68
25817,1617,2029,66.68
67064,1701,994,32.68
98118,304,2121,69.68
98118,612,2821,92.68
98118,1117,2760,90.68
98118,1801,1421,46.68
56775,205,1511,49.68
56775,1812,4008,131.68
56775,1898,2547,83.68
84937,703,4160,136.68
84937,1198,4190,137.68
84937,1635,3429,112.68
84937,1801,4129,135.68
57871,1811,2090,68.68
101019,1112,599,19.68
101019,1113,660,21.68
101019,1118,629,20.68
101019,1204,476,15.68
101019,1212,476,15.68
34486,1619,1452,47.68
34486,1701,1115,36.68
86517,1630,2791,91.68
2125,102,2516,82.68
2125,201,2516,82.68
2125,304,4739,155.68
2125,1703,4951,162.68
2125,1810,1025,33.68
50144,1637,4099,134.68
50144,1640,4099,134.68
50144,1801,3886,127.68
50144,1811,1664,54.68
61550,102,1268,41.68
88347,198,4068,133.68
88347,201,4068,133.68
88347,118,4068,133.68
88347,304,4068,133.68
88347,708,4068,133.68
88347,712,4068,133.68
88347,1801,1786,58.68
93774,1798,1391,45.68
30089,432,629,20.68
55190,202,994,32.68
55190,406,841,27.68
55190,426,841,27.68
55190,1113,1786,58.68
55190,1617,1725,56.68
55190,1637,1725,56.68
40452,101,933,30.68
40452,103,933,30.68
40452,198,933,30.68
40452,298,1480,48.68
40452,809,933,30.68
40452,1110,1511,49.68
40452,1198,1511,49.68
40452,1307,933,30.68
81582,398,1025,33.68
81582,1605,964,31.68
81582,1616,1177,38.68
81582,1622,1177,38.68
81582,1801,872,28.68
81582,1812,872,28.68
78373,201,1845,60.68
78373,512,1452,47.68
78373,1627,5377,176.68
46746,304,2151,70.68
46746,1801,1725,56.68
23132,426,1817,59.68
17628,1634,4037,132.68
17628,1640,2486,81.68
17628,1805,4008,131.68
40184,201,1876,61.68
40184,411,2090,68.68
40184,428,2182,71.68
40184,1118,2852,93.68
40184,1205,1480,48.68
70575,428,2516,82.68
56174,101,1238,40.68
56174,201,1664,54.68
56174,304,1633,53.68
56174,305,1633,53.68
56174,411,4647,152.68
56174,427,1633,53.68
56174,504,1633,53.68
56174,605,1633,53.68
56174,612,902,29.68
56174,713,4402,144.68
56174,915,1268,41.68
56174,1111,902,29.68
56174,1205,902,29.68
56174,1210,902,29.68
56174,1215,1542,50.68
56174,1412,1542,50.68
56174,1701,1055,34.68
56174,1704,7447,244.68
56174,1803,7386,242.68
56174,1817,964,31.68
26514,412,1603,52.68
95369,1110,3643,119.68
95369,1113,872,28.68
63321,426,1330,43.68
63321,1619,2941,96.68
63321,1627,2455,80.68
63321,1634,3003,98.68
63321,1812,1572,51.68
89776,110,3490,114.68
89776,305,1391,45.68
89776,504,1086,35.68
89776,914,1480,48.68
89776,1098,2941,96.68
74507,301,1756,57.68
74507,1001,1756,57.68
19002,108,902,29.68
19002,306,902,29.68
19002,407,2394,78.68
19002,504,1086,35.68
19002,708,2333,76.68
19002,1110,3429,112.68
19002,1312,2729,89.68
19002,1627,964,31.68
19002,1801,902,29.68
94659,428,749,24.68
94659,1701,872,28.68
94659,1813,964,31.68
71807,102,1817,59.68
71807,423,1786,58.68
71807,708,1786,58.68
71807,710,1695,55.68
71807,1801,2852,93.68
50885,102,2791,91.68
50885,1598,2791,91.68
50885,115,2791,91.68
50885,406,4068,133.68
50885,407,4068,133.68
50885,414,4068,133.68
50885,1110,2791,91.68
90981,415,933,30.68
90981,1312,933,30.68
90981,1701,872,28.68
90981,1703,841,27.68
30181,304,1055,34.68
30181,305,1055,34.68
30181,504,1055,34.68
30181,1817,872,28.68
64151,202,1055,34.68
64151,304,1330,43.68
22762,432,933,30.68
22762,1801,1268,41.68
22762,1815,964,31.68
46185,426,3916,128.68
46185,1113,1725,56.68
46185,1117,4617,151.68
46185,1803,4617,151.68
2060,410,933,30.68
2060,705,2425,79.68
31313,1416,902,29.68
97057,306,1452,47.68
97057,404,2182,71.68
97057,426,1756,57.68
97057,915,2972,97.68
97057,1634,2090,68.68
97057,1701,1542,50.68
13619,1801,994,32.68
74974,410,2791,91.68
74974,1609,1268,41.68
74974,1616,4739,155.68
74974,1802,933,30.68
74974,1813,1146,37.68
8996,304,3156,103.68
8996,305,3156,103.68
8996,713,3551,116.68
8996,916,3094,101.68
8996,1113,2090,68.68
8996,1627,3886,127.68
8996,1634,3886,127.68
8996,1703,1633,53.68
8996,1813,2363,77.68
82762,304,1146,37.68
82762,305,1817,59.68
82762,612,2791,91.68
82762,709,2425,79.68
82762,712,2425,79.68
82762,1634,3125,102.68
92005,410,1817,59.68
92005,1701,994,32.68
85326,201,1633,53.68
85326,304,1207,39.68
85326,1215,872,28.68
70898,1630,1480,48.68
3726,102,1876,61.68
3726,116,2607,85.68
3726,201,1511,49.68
3726,405,5285,173.68
3726,412,5285,173.68
3726,421,5285,173.68
3726,423,5285,173.68
3726,425,5285,173.68
3726,426,5285,173.68
3726,708,1025,33.68
3726,712,5163,169.68
3726,809,994,32.68
3726,1106,5285,173.68
3726,1112,5285,173.68
3726,1113,5285,173.68
3726,1210,5285,173.68
3726,1216,933,30.68
3726,1407,994,32.68
3726,1412,1146,37.68
3726,1414,1876,61.68
3726,1801,1664,54.68
3726,1802,2699,88.68
3726,1903,1876,61.68
3726,1904,994,32.68
31084,501,1115,36.68
31084,504,1391,45.68
31084,1001,1391,45.68
31084,504,1391,45.68
31084,518,1115,36.68
31084,714,994,32.68
31084,1617,1360,44.68
31084,1798,1268,41.68
12524,202,5012,164.68
12524,304,4525,148.68
12524,305,1664,54.68
12524,1113,2363,77.68
12524,1305,2576,84.68
12524,1617,2699,88.68
12524,1704,3551,116.68
12524,1705,1817,59.68
12524,1815,4951,162.68
12524,1898,3490,114.68
69429,305,1391,45.68
69429,713,2455,80.68
69429,1605,1633,53.68
69429,1617,1937,63.68
69429,1898,1756,57.68
63286,304,1177,38.68
63286,410,1299,42.68
63286,411,1299,42.68
63286,709,1360,44.68
63286,1118,1511,49.68
63286,1801,3156,103.68
49828,1106,964,31.68
49828,1801,3521,115.68
49828,1803,4160,136.68
86919,1703,964,31.68
79747,426,1025,33.68
9508,426,1817,59.68
101037,1801,1025,33.68
90986,102,811,26.68
90986,198,811,26.68
90986,203,3156,103.68
90986,411,1786,58.68
90986,432,1086,35.68
90986,711,1511,49.68
90986,1798,2668,87.68
92031,807,1817,59.68
79817,498,902,29.68
40615,412,2638,86.68
83430,608,1360,44.68
83430,1118,1391,45.68
83430,1211,1360,44.68
83430,1214,1086,35.68
83430,1704,5012,164.68
83430,1801,1756,57.68
83430,1817,1817,59.68
88109,304,872,28.68
88109,504,872,28.68
88109,1601,872,28.68
3287,202,1055,34.68
100050,1605,568,18.68
100050,1617,599,19.68
79328,504,5347,175.68
79328,306,2486,81.68
79328,504,2425,79.68
65473,306,1086,35.68
65473,1704,2151,70.68
65473,1810,1086,35.68
70955,1705,1998,65.68
85193,102,3337,109.68
85193,201,1876,61.68
85193,304,2425,79.68
85193,305,2090,68.68
85193,414,2241,73.68
85193,612,2241,73.68
85193,1106,2455,80.68
85193,1198,6412,210.68
97960,104,1391,45.68
97960,298,1391,45.68
97960,304,1391,45.68
97960,305,1391,45.68
97960,426,1391,45.68
97960,432,1115,36.68
97960,498,1391,45.68
97960,612,1391,45.68
97960,1110,1391,45.68
97960,1117,1391,45.68
97960,1198,1391,45.68
38446,1616,994,32.68
75386,423,1452,47.68
75386,1801,1025,33.68
74415,201,3643,119.68
74415,1598,3643,119.68
74415,108,994,32.68
74415,714,964,31.68
74415,1215,1086,35.68
74415,1701,1725,56.68
38183,1110,1268,41.68
87288,205,1603,52.68
87288,304,1603,52.68
87288,305,1603,52.68
44825,310,3368,110.68
39297,203,994,32.68
39297,1622,1937,63.68
39297,1634,1937,63.68
79207,306,1817,59.68
79207,708,1055,34.68
79207,1117,1937,63.68
79207,1701,1786,58.68
79207,1817,1452,47.68
97588,304,1603,52.68
97588,305,1603,52.68
97588,519,1542,50.68
97588,914,3306,108.68
97588,1215,2882,94.68
97588,1605,2333,76.68
72974,809,1146,37.68
72974,1622,4374,143.68
72974,1813,3582,117.68
69110,1701,1177,38.68
59817,202,1786,58.68
59817,407,1146,37.68
59817,426,2333,76.68
59817,916,4494,147.68
59817,1105,3947,129.68
59817,1113,1876,61.68
59817,1617,2882,94.68
93497,304,902,29.68
93497,306,902,29.68
93497,307,902,29.68
7669,1708,2913,95.68
7669,1801,1391,45.68
98248,406,660,21.68
38907,1617,964,31.68
76714,201,1086,35.68
76714,205,1086,35.68
76714,504,964,31.68
76714,602,1876,61.68
76714,1817,902,29.68
28039,313,3582,117.68
28039,408,1421,46.68
28039,426,1633,53.68
28039,504,3551,116.68
28039,1112,2029,66.68
28039,1627,3125,102.68
28039,1630,3763,123.68
28039,1701,2821,92.68
45816,305,1756,57.68
45816,498,841,27.68
45816,708,994,32.68
45816,1113,841,27.68
45816,1312,841,27.68
88401,102,2182,71.68
88401,198,2852,93.68
88401,205,2121,69.68
88401,398,902,29.68
88401,498,2090,68.68
88401,1801,1238,40.68
38833,307,933,30.68
38833,1215,3337,109.68
13083,408,1360,44.68
89893,406,2699,88.68
51546,426,994,32.68
25098,202,3247,106.68
25098,205,1360,44.68
25098,304,2363,77.68
25098,305,2363,77.68
25098,306,2363,77.68
78411,304,994,32.68
78411,305,994,32.68
100023,304,964,31.68
100023,305,964,31.68
100023,1812,1452,47.68
43696,202,6108,200.68
43696,406,3094,101.68
43696,1215,1725,56.68
43696,1627,6016,197.68
92089,703,2090,68.68
92089,704,2090,68.68
92089,703,2090,68.68
4353,304,1452,47.68
4353,305,1452,47.68
4353,306,2882,94.68
4353,1701,4555,149.68
4353,1703,4555,149.68
10965,304,1452,47.68
10965,313,1299,42.68
10965,406,994,32.68
10965,410,933,30.68
10965,411,964,31.68
10965,423,902,29.68
10965,426,872,28.68
10965,605,902,29.68
10965,708,1268,41.68
10965,710,902,29.68
10965,915,1238,40.68
10965,916,1268,41.68
10965,1605,872,28.68
10965,1615,1025,33.68
10965,1623,872,28.68
10965,1637,1268,41.68
10965,1703,1207,39.68
10965,1803,1391,45.68
10965,1817,1360,44.68
69461,426,4859,159.68
59325,713,1025,33.68
59325,1813,1146,37.68
59501,406,3217,105.68
59501,1619,3521,115.68
59501,1801,2151,70.68
92352,304,3306,108.68
92352,305,3306,108.68
92352,504,3186,104.68
92352,705,964,31.68
92352,1111,2090,68.68
91433,432,1299,42.68
91433,504,1572,51.68
91433,512,872,28.68
91433,916,902,29.68
91433,1015,2913,95.68
91433,1612,1086,35.68
91433,1637,1086,35.68
36583,430,2333,76.68
36583,498,1299,42.68
36583,1622,2333,76.68
36583,1634,2333,76.68
36583,1703,1268,41.68
36583,1817,2607,85.68
36583,1998,1299,42.68
71468,1106,1786,58.68
71468,1117,1786,58.68
71468,1118,1786,58.68
71468,1616,1876,61.68
71468,1634,1876,61.68
65719,1113,1115,36.68
38591,1801,1360,44.68
28527,1637,933,30.68
26724,798,3094,101.68
26724,405,2821,92.68
26724,412,2821,92.68
26724,426,2791,91.68
26724,809,2668,87.68
32599,1898,841,27.68
99325,304,2486,81.68
99325,411,2791,91.68
99325,909,2882,94.68
99325,914,2090,68.68
99325,915,1238,40.68
99325,916,749,24.68
99325,1798,2029,66.68
85403,307,1633,53.68
85403,504,1633,53.68
18000,916,1421,46.68
18000,1617,1664,54.68
7399,305,1207,39.68
7399,423,3398,111.68
16521,304,964,31.68
91751,1812,902,29.68
39290,1605,1695,55.68
50569,305,1907,62.68
83716,202,902,29.68
83716,406,872,28.68
83716,426,1268,41.68
83716,916,1115,36.68
85667,428,1115,36.68
85667,504,1115,36.68
92803,108,749,24.68
92803,304,2060,67.68
92803,305,1086,35.68
92803,714,1268,41.68
92803,1205,1146,37.68
92803,1209,749,24.68
7536,405,1695,55.68
7536,713,1633,53.68
7536,1107,2090,68.68
7536,1617,2060,67.68
7536,1622,1391,45.68
7536,1627,1756,57.68
3827,202,1603,52.68
29930,306,2852,93.68
29930,1112,964,31.68
29930,1801,4829,158.68
29930,1817,1177,38.68
67543,1704,1817,59.68
34640,1609,1330,43.68
34640,1798,811,26.68
38887,102,3551,116.68
38887,205,994,32.68
38887,304,4037,132.68
38887,305,994,32.68
38887,908,994,32.68
38887,1801,3398,111.68
76627,426,2151,70.68
76627,1110,2394,78.68
93071,410,1695,55.68
93071,414,872,28.68
93071,504,1572,51.68
38550,304,2852,93.68
38550,306,3977,130.68
38550,1801,1817,59.68
90127,403,3551,116.68
90127,704,3551,116.68
90127,404,1299,42.68
90127,1801,933,30.68
89065,305,1603,52.68
89065,705,1633,53.68
89065,1622,3156,103.68
89065,1637,2394,78.68
89065,1902,1177,38.68
89065,1904,2547,83.68
72018,306,2182,71.68
72018,915,2182,71.68
72018,1017,1998,65.68
72018,1709,3156,103.68
70896,305,3947,129.68
96452,705,1177,38.68
96452,1116,1391,45.68
96452,1609,1542,50.68
1534,1637,2638,86.68
1534,1801,2272,74.68
88715,304,1603,52.68
88715,305,1603,52.68
88715,307,1603,52.68
99913,304,2607,85.68
99913,305,2607,85.68
99913,803,690,22.68
52869,104,964,31.68
52869,202,902,29.68
52869,601,933,30.68
52869,607,4586,150.68
52869,1605,3247,106.68
52869,1905,2821,92.68
46028,107,1025,33.68
46028,305,1845,60.68
46028,1617,3947,129.68
46028,1801,1421,46.68
74429,998,1786,58.68
56477,305,994,32.68
56477,306,994,32.68
56477,405,3003,98.68
56477,412,3003,98.68
56477,421,3003,98.68
56477,1619,2060,67.68
18988,504,3125,102.68
18988,102,1452,47.68
18988,116,2121,69.68
18988,311,6534,214.68
18988,404,5986,196.68
18988,504,3003,98.68
18988,612,964,31.68
18988,1305,1177,38.68
18988,1701,2821,92.68
42094,1113,1025,33.68
42094,1801,5224,171.68
68546,313,1664,54.68
68546,426,1115,36.68
68546,915,1421,46.68
68546,1113,1664,54.68
68546,1805,1968,64.68
68546,1898,1968,64.68
68856,1705,1511,49.68
32783,605,902,29.68
73855,1801,2060,67.68
92384,415,994,32.68
92384,428,3337,109.68
92384,504,1511,49.68
92384,998,994,32.68
92384,1802,1998,65.68
92384,1805,3612,118.68
96547,1014,841,27.68
96547,1698,841,27.68
96547,1812,2852,93.68
96547,1817,2333,76.68
91765,101,3490,114.68
91765,198,3490,114.68
91765,101,3490,114.68
91765,119,3490,114.68
91765,708,2821,92.68
91765,1637,3398,111.68
67337,306,2668,87.68
67337,498,1207,39.68
67337,1810,2121,69.68
67337,1812,3612,118.68
43488,1614,3459,113.68
16323,804,1238,40.68
11704,305,1146,37.68
11704,1111,2302,75.68
83594,305,1725,56.68
83594,306,1725,56.68
83594,308,1391,45.68
83594,1801,1817,59.68
83594,1808,1817,59.68
31673,1709,2852,93.68
76258,198,1115,36.68
41412,415,1055,34.68
41412,798,994,32.68
41412,1617,1725,56.68
69673,102,1268,41.68
69673,202,3064,100.68
69673,305,1299,42.68
69673,306,1299,42.68
69673,408,1086,35.68
69673,426,3064,100.68
69673,504,1786,58.68
69673,1111,2941,96.68
69673,1210,2941,96.68
69673,1215,1968,64.68
86129,915,2913,95.68
34474,304,2547,83.68
34474,305,2547,83.68
34474,406,3886,127.68
34474,411,4920,161.68
34474,1108,1360,44.68
34474,1110,2090,68.68
91077,304,994,32.68
91077,306,994,32.68
91077,411,1845,60.68
91077,1605,1207,39.68
91077,1609,3247,106.68
91077,1617,1937,63.68
91077,1801,964,31.68
91077,1817,2821,92.68
29310,1812,4617,151.68
43184,304,1511,49.68
88641,304,994,32.68
88641,306,994,32.68
88641,406,1299,42.68
50924,423,1664,54.68
50924,914,1086,35.68
50924,916,1876,61.68
50924,1801,1391,45.68
50924,1812,1786,58.68
50924,1898,1268,41.68
48118,406,2302,75.68
48118,1634,2333,76.68
48118,1801,1268,41.68
48118,1813,1603,52.68
19781,304,1480,48.68
19781,405,1207,39.68
19781,407,1207,39.68
19781,408,2455,80.68
19781,412,2455,80.68
19781,414,1664,54.68
19781,712,2455,80.68
19781,914,1845,60.68
19781,915,2029,66.68
19781,916,1207,39.68
19781,1015,1845,60.68
19781,1309,1025,33.68
19781,1634,4829,158.68
19781,1637,4829,158.68
96128,313,2029,66.68
96128,1701,1664,54.68
96128,1703,1664,54.68
52155,423,1542,50.68
52155,1617,3306,108.68
52155,1627,3003,98.68
52155,1698,1542,50.68
26985,1798,2272,74.68
27576,104,2668,87.68
27576,408,2668,87.68
27576,426,2668,87.68
27576,1118,933,30.68
27576,1811,994,32.68
12824,1898,872,28.68
90313,998,1876,61.68
90313,1701,5560,182.68
17249,205,1025,33.68
17249,304,1238,40.68
17249,305,1603,52.68
17249,306,4555,149.68
17249,407,964,31.68
17249,504,2486,81.68
17249,1105,5073,166.68
17249,1118,2913,95.68
17249,1801,3033,99.68
17249,1898,4068,133.68
81025,304,1268,41.68
81025,305,1268,41.68
18799,1119,964,31.68
64953,202,2882,94.68
64953,304,1664,54.68
88667,305,2821,92.68
88667,398,2121,69.68
88667,404,4982,163.68
88667,414,2425,79.68
88667,426,933,30.68
88667,511,1633,53.68
88667,915,3521,115.68
88667,1617,4951,162.68
88667,1618,3217,105.68
21691,202,1086,35.68
85291,1801,1633,53.68
17964,708,1330,43.68
70549,504,3186,104.68
70549,311,3186,104.68
70549,504,3186,104.68
70549,510,3186,104.68
70549,914,3186,104.68
70549,1617,3217,105.68
70549,1801,1603,52.68
70549,1817,1086,35.68
7298,1898,1299,42.68
76151,610,3916,128.68
38407,305,3368,110.68
38407,306,3368,110.68
38407,408,3824,125.68
38407,412,3824,125.68
38407,1605,4221,138.68
38407,1801,1146,37.68
73523,414,1391,45.68
73523,1105,1146,37.68
32603,410,2486,81.68
23102,1617,1146,37.68
36211,410,1360,44.68
36211,426,933,30.68
36211,432,841,27.68
36211,1198,2090,68.68
39282,107,1421,46.68
39282,412,1025,33.68
39282,1617,1480,48.68
39282,1622,1480,48.68
73849,305,1268,41.68
73849,1817,1725,56.68
96764,198,4525,148.68
96764,202,811,26.68
96764,519,1968,64.68
96764,708,964,31.68
96764,1817,1086,35.68
60595,998,3094,101.68
60595,498,994,32.68
60595,1306,3094,101.68
92389,1634,811,26.68
62405,1110,1756,57.68
40131,305,2882,94.68
40131,1117,2729,89.68
36267,1001,2060,67.68
36267,798,1817,59.68
36267,1617,2060,67.68
72970,303,3186,104.68
72970,403,5469,179.68
72970,102,1360,44.68
72970,116,1360,44.68
72970,198,1360,44.68
72970,304,1391,45.68
72970,313,5012,164.68
72970,414,3916,128.68
72970,423,3916,128.68
72970,426,3186,104.68
72970,498,3916,128.68
72970,709,1360,44.68
72970,798,964,31.68
72970,1111,933,30.68
72970,1198,933,30.68
72970,1704,5316,174.68
407,304,2972,97.68
37708,432,872,28.68
867,1622,1725,56.68
29174,305,3278,107.68
29174,1113,1480,48.68
85766,202,964,31.68
85766,398,1360,44.68
85766,423,1756,57.68
85766,428,1756,57.68
85766,1113,1025,33.68
85766,1813,3186,104.68
14294,108,1268,41.68
14294,198,1268,41.68
14294,304,994,32.68
14294,305,2821,92.68
14294,307,994,32.68
14294,398,994,32.68
14294,405,3429,112.68
14294,407,3429,112.68
14294,412,3429,112.68
14294,423,3429,112.68
14294,424,3278,107.68
14294,428,994,32.68
14294,712,3429,112.68
14294,713,3429,112.68
14294,714,1115,36.68
14294,798,2151,70.68
14294,809,2151,70.68
14294,1605,1177,38.68
14294,1798,1695,55.68
14294,1816,2760,90.68
14294,1817,1207,39.68
95602,423,749,24.68
39829,414,964,31.68
39829,705,964,31.68
39829,713,2363,77.68
39829,1804,3429,112.68
39829,1812,2455,80.68
39829,1817,2029,66.68
48843,102,933,30.68
48843,305,4037,132.68
48843,714,4739,155.68
48843,1898,1268,41.68
83049,1630,1207,39.68
83049,1704,1086,35.68
15871,104,4586,150.68
15871,104,4586,150.68
15871,202,3125,102.68
15871,313,5347,175.68
15871,398,2699,88.68
15871,405,4586,150.68
15871,407,4586,150.68
15871,411,2760,90.68
15871,423,4586,150.68
15871,429,4586,150.68
15871,504,1664,54.68
15871,598,902,29.68
15871,713,1695,55.68
15871,719,4586,150.68
15871,798,902,29.68
15871,910,902,29.68
15871,916,1786,58.68
15871,998,902,29.68
15871,1113,1511,49.68
15871,1117,1603,52.68
15871,1816,964,31.68
10667,1812,2821,92.68
39666,398,2486,81.68
13321,410,994,32.68
13321,411,994,32.68
13321,1812,933,30.68
51146,305,1756,57.68
51146,306,1786,58.68
51146,1108,2882,94.68
51146,1112,2882,94.68
51146,1113,1876,61.68
51146,1614,2060,67.68
51146,1627,2060,67.68
38830,202,1177,38.68
38830,405,964,31.68
38830,1704,1695,55.68
87984,304,872,28.68
87984,306,1268,41.68
87984,415,1845,60.68
87984,705,1907,62.68
87984,1198,1238,40.68
19104,305,2821,92.68
19104,406,1025,33.68
19104,410,1025,33.68
19104,426,1025,33.68
19104,798,2486,81.68
19104,1215,2425,79.68
19104,1898,1268,41.68
36832,304,1115,36.68
9541,298,4282,140.68
9541,304,1238,40.68
9541,408,3521,115.68
9541,1704,2821,92.68
72961,305,3794,124.68
72961,803,1572,51.68
72961,1605,1299,42.68
72961,1801,2455,80.68
4583,1636,3459,113.68
79162,405,964,31.68
79162,426,964,31.68
79162,708,1055,34.68
79162,1014,994,32.68
79162,1198,902,29.68
79162,1616,964,31.68
85673,108,1055,34.68
85673,415,2972,97.68
85673,423,2972,97.68
85673,432,1055,34.68
85673,714,2060,67.68
85673,1798,2060,67.68
89004,304,1146,37.68
89004,1113,1146,37.68
33678,306,4798,157.68
33678,1105,2333,76.68
100081,605,2241,73.68
100081,1209,841,27.68
43918,1312,568,18.68
43918,1627,568,18.68
43918,1805,2607,85.68
74729,304,1633,53.68
74729,305,1633,53.68
74729,311,2821,92.68
48911,104,994,32.68
48911,305,1086,35.68
48911,412,1845,60.68
48911,612,4008,131.68
10120,1637,1968,64.68
99417,304,660,21.68
99417,398,690,22.68
99417,412,660,21.68
99417,504,690,22.68
99417,712,660,21.68
99417,1312,690,22.68
13946,405,1360,44.68
13946,914,1452,47.68
13946,1622,1756,57.68
13946,1634,1756,57.68
13946,1640,1756,57.68
44804,407,1572,51.68
44804,498,1572,51.68
44804,708,1542,50.68
44804,712,1572,51.68
44804,1215,1452,47.68
44804,1601,1360,44.68
66757,112,2090,68.68
25919,202,2821,92.68
25919,405,2638,86.68
25919,412,1086,35.68
25919,426,2638,86.68
25919,504,1115,36.68
25919,510,1115,36.68
95250,202,749,24.68
95250,304,749,24.68
95250,305,749,24.68
95250,306,749,24.68
95250,404,690,22.68
95250,415,749,24.68
95250,423,749,24.68
95250,426,749,24.68
95250,708,721,23.68
95250,709,721,23.68
95250,914,721,23.68
58814,116,2516,82.68
58814,304,1968,64.68
58814,305,1968,64.68
58814,411,3490,114.68
58814,706,1086,35.68
58814,798,933,30.68
58814,1111,4313,141.68
58814,1210,4313,141.68
58814,1616,3551,116.68
64789,108,2394,78.68
64789,411,1268,41.68
64789,432,1360,44.68
64789,712,2486,81.68
64789,1801,2090,68.68
80399,1113,964,31.68
80399,1602,1146,37.68
80399,1698,3033,99.68
93544,102,1664,54.68
93544,202,1299,42.68
93544,305,1480,48.68
93544,309,1480,48.68
75531,104,964,31.68
75531,504,749,24.68
75531,1105,749,24.68
75531,1113,1725,56.68
75531,1117,3551,116.68
75531,1701,1998,65.68
75531,1803,2302,75.68
68828,108,537,17.68
68828,432,1055,34.68
68828,705,690,22.68
68828,1113,690,22.68
68828,1898,1968,64.68
88656,423,902,29.68
39122,1215,1330,43.68
94745,202,749,24.68
94745,604,1146,37.68
94745,1703,1725,56.68
19664,415,2576,84.68
19664,1619,2576,84.68
41214,203,1360,44.68
41214,412,1055,34.68
41214,1605,1146,37.68
54143,703,4160,136.68
54143,1213,4160,136.68
54143,1801,2882,94.68
46552,1598,2607,85.68
46552,304,1725,56.68
46552,305,1725,56.68
46552,1110,2607,85.68
41888,304,1786,58.68
41888,407,5377,176.68
41888,412,4647,152.68
41888,423,5377,176.68
41888,911,1786,58.68
41888,1104,1421,46.68
41888,1117,1786,58.68
41888,1637,1937,63.68
41888,1701,3033,99.68
41888,1703,2516,82.68
91129,1817,1055,34.68
82054,102,3094,101.68
82054,705,4129,135.68
82054,1110,2547,83.68
82054,1308,902,29.68
82054,1801,964,31.68
82054,1898,1391,45.68
40694,1605,3125,102.68
40694,1710,1421,46.68
40694,1805,3156,103.68
40694,1817,964,31.68
40694,1998,964,31.68
70761,412,3337,109.68
70761,708,3337,109.68
70761,712,3337,109.68
70761,1898,2455,80.68
96399,304,780,25.68
96399,426,780,25.68
13367,698,3612,118.68
13367,1708,3551,116.68
43372,306,1756,57.68
43372,915,3064,100.68
43372,1015,2852,93.68
43372,1017,2852,93.68
98506,202,1238,40.68
98506,428,2090,68.68
98506,915,1086,35.68
98506,1007,3855,126.68
98506,1008,3064,100.68
98506,1801,3186,104.68
69187,202,1421,46.68
69187,307,1055,34.68
69187,998,1055,34.68
81067,1101,1299,42.68
81067,408,933,30.68
81067,709,1086,35.68
17398,202,964,31.68
30625,306,4678,153.68
30625,1113,2182,71.68
30625,1703,1360,44.68
71918,116,2607,85.68
71918,304,2607,85.68
71918,714,2821,92.68
71918,1105,3671,120.68
71918,1304,1238,40.68
71918,1703,1177,38.68
2601,1605,1421,46.68
2601,1898,1330,43.68
56801,298,1055,34.68
56615,498,933,30.68
56615,1198,1633,53.68
56615,1898,1633,53.68
90810,708,902,29.68
90810,1398,1725,56.68
90810,1407,2941,96.68
77694,202,1238,40.68
77694,406,1238,40.68
77694,1816,2607,85.68
76632,304,1268,41.68
76632,306,2852,93.68
76632,1801,2638,86.68
76632,1803,3217,105.68
76632,1813,994,32.68
76632,1815,2121,69.68
88008,102,1360,44.68
88008,109,933,30.68
88008,305,1664,54.68
88008,423,3886,127.68
13883,307,872,28.68
13883,1801,2791,91.68
76572,198,1025,33.68
76572,411,1330,43.68
76572,713,1086,35.68
76572,1634,1299,42.68
76572,1637,1299,42.68
76572,1698,1330,43.68
76572,1801,1055,34.68
76572,1813,1025,33.68
76572,1817,1268,41.68
72102,1704,964,31.68
72102,1817,1542,50.68
43994,1698,1177,38.68
43994,1798,1238,40.68
92269,809,1299,42.68
92269,916,2121,69.68
92269,1801,1756,57.68
100464,102,780,25.68
100464,304,2151,70.68
100464,307,1756,57.68
100464,1105,721,23.68
100464,1627,2516,82.68
92157,1619,1055,34.68
75659,1813,872,28.68
31352,202,902,29.68
31352,1706,1299,42.68
31352,1707,1299,42.68
75444,1198,4190,137.68
75444,304,2882,94.68
75444,1110,4190,137.68
75444,1614,2516,82.68
88164,412,3278,107.68
88164,426,3459,113.68
88164,705,933,30.68
88164,1619,3490,114.68
16029,405,1786,58.68
16029,423,1786,58.68
20180,202,1360,44.68
20180,304,1146,37.68
20180,305,1725,56.68
20180,605,1268,41.68
20180,698,1268,41.68
20180,709,1360,44.68
20180,1215,2272,74.68
20180,1701,3733,122.68
102757,1105,476,15.68
102757,1801,690,22.68
102757,1898,476,15.68
29105,208,1146,37.68
29105,304,1511,49.68
29105,305,1511,49.68
29105,306,1511,49.68
29105,605,1146,37.68
29105,606,1146,37.68
29105,607,1511,49.68
37714,412,1115,36.68
37714,712,1115,36.68
70880,1619,5377,176.68
95524,304,749,24.68
95524,708,872,28.68
95524,1617,872,28.68
95524,1634,964,31.68
95524,1898,841,27.68
8662,408,1452,47.68
8662,432,1238,40.68
8662,1609,1542,50.68
88584,110,4982,163.68
88584,307,3125,102.68
20013,432,994,32.68
20013,1802,1725,56.68
73626,414,1421,46.68
73626,1634,2210,72.68
73626,1811,1421,46.68
85282,432,1025,33.68
82333,1705,964,31.68
95891,202,1725,56.68
95891,498,1268,41.68
98221,411,994,32.68
98221,432,690,22.68
98221,1215,1360,44.68
56936,198,1146,37.68
56936,598,1207,39.68
56936,510,1207,39.68
56936,1005,1238,40.68
63026,1311,1968,64.68
63026,1619,3886,127.68
63026,1701,3368,110.68
28705,1817,2029,66.68
82294,117,2029,66.68
82294,1637,3794,124.68
28952,111,2913,95.68
28952,304,1817,59.68
28952,432,1025,33.68
28952,709,4374,143.68
28952,1312,4282,140.68
28952,1801,1421,46.68
101069,304,1177,38.68
101069,305,1177,38.68
101069,306,1177,38.68
101069,709,4920,161.68
101069,915,1542,50.68
101069,916,1542,50.68
101069,1198,994,32.68
101069,1605,5285,173.68
101069,1616,4829,158.68
101069,1701,1937,63.68
101069,1703,1360,44.68
101069,1801,4099,134.68
49949,306,3156,103.68
49949,1802,2302,75.68
49949,1816,3217,105.68
66379,412,2182,71.68
66379,1801,1025,33.68
57420,423,1937,63.68
57420,1703,2121,69.68
57420,1705,2547,83.68
57420,1801,2455,80.68
95042,102,994,32.68
95042,305,994,32.68
95042,426,690,22.68
89809,304,964,31.68
38880,306,2029,66.68
38880,407,1086,35.68
38880,412,1146,37.68
38880,424,933,30.68
38880,432,1025,33.68
38880,1105,1055,34.68
38880,1113,2090,68.68
38880,1802,1421,46.68
38880,1812,1146,37.68
9785,108,2029,66.68
9785,201,1177,38.68
9785,304,1115,36.68
9785,305,3916,128.68
9785,423,3186,104.68
9785,426,1238,40.68
9785,1205,1480,48.68
9785,1612,3217,105.68
83960,1098,933,30.68
83960,1098,933,30.68
22414,202,3306,108.68
1329,708,1998,65.68
1329,1312,2090,68.68
102022,202,660,21.68
17672,1198,2516,82.68
17672,305,1268,41.68
17672,410,2121,69.68
17672,423,2972,97.68
17672,426,3337,109.68
17672,915,1542,50.68
17672,1110,2547,83.68
17672,1805,2576,84.68
58275,305,1786,58.68
97256,1798,1330,43.68
14368,412,1756,57.68
14368,415,1391,45.68
14368,705,1268,41.68
14368,712,1756,57.68
33158,202,2241,73.68
33158,1801,1086,35.68
71768,424,1937,63.68
43896,198,1086,35.68
43896,201,1452,47.68
43896,304,1055,34.68
43896,428,2913,95.68
43896,504,4798,157.68
3517,109,3247,106.68
3517,304,1937,63.68
3517,305,1937,63.68
3517,313,4647,152.68
3517,405,3855,126.68
3517,426,3855,126.68
3517,1113,3702,121.68
3517,1117,4647,152.68
3517,1312,1480,48.68
3517,1622,2668,87.68
3517,1640,3033,99.68
3517,1801,2486,81.68
3517,1810,2272,74.68
3517,1817,4464,146.68
9570,1804,2182,71.68
9570,1810,2182,71.68
783,201,1086,35.68
783,1113,1695,55.68
783,1619,5804,190.68
783,1813,4890,160.68
60972,1812,2182,71.68
59889,707,2121,69.68
59889,708,1268,41.68
59889,709,1786,58.68
59889,712,2760,90.68
59889,1622,933,30.68
88955,1634,1146,37.68
88955,1709,1025,33.68
100893,1198,994,32.68
100893,304,994,32.68
100893,305,660,21.68
100893,307,1025,33.68
100893,1198,629,20.68
73745,1298,2699,88.68
73745,1609,1115,36.68
73745,1704,3429,112.68
13452,304,933,30.68
13452,432,994,32.68
23674,1812,1177,38.68
24949,1804,1177,38.68
46609,1001,1268,41.68
4951,304,1360,44.68
4951,305,1360,44.68
4951,710,1268,41.68
4951,1801,1360,44.68
65102,202,964,31.68
77611,305,2882,94.68
64972,104,2972,97.68
64972,107,2972,97.68
64972,109,2241,73.68
64972,112,2607,85.68
50777,1812,2729,89.68
50777,1898,2729,89.68
4584,306,1542,50.68
72944,304,1086,35.68
72944,305,1086,35.68
72944,306,3763,123.68
90438,1801,1786,58.68
90438,1816,2241,73.68
90438,1817,1207,39.68
772,916,964,31.68
772,1113,1115,36.68
772,1198,1115,36.68
772,1637,1391,45.68
772,1801,2760,90.68
772,1898,1115,36.68
8750,705,902,29.68
8750,719,3916,128.68
8750,998,3278,107.68
14908,108,1664,54.68
14908,426,1238,40.68
14908,1617,1876,61.68
18598,102,1633,53.68
18598,304,5073,166.68
18598,305,5073,166.68
18598,307,5073,166.68
18598,612,5073,166.68
18598,809,4190,137.68
18598,1016,5073,166.68
18598,1117,5073,166.68
34248,407,1725,56.68
34248,1704,2821,92.68
34248,1812,4160,136.68
77306,713,1511,49.68
79672,102,933,30.68
79672,103,933,30.68
79672,104,933,30.68
79672,406,933,30.68
79672,423,933,30.68
79672,608,933,30.68
79672,915,933,30.68
96712,304,1207,39.68
103647,1617,1695,55.68
82297,1798,964,31.68
32808,202,1725,56.68
32808,423,1725,56.68
32808,708,2425,79.68
96431,305,841,27.68
54869,304,1360,44.68
54869,411,1299,42.68
54869,1605,3855,126.68
54869,1634,3855,126.68
54869,1701,1177,38.68
95295,1898,933,30.68
16069,504,1330,43.68
48064,1622,2607,85.68
82572,1704,933,30.68
36278,208,2607,85.68
36278,306,2547,83.68
36278,426,4555,149.68
36278,606,3459,113.68
36278,713,3886,127.68
36278,1105,2241,73.68
36278,1710,2852,93.68
36278,1898,2241,73.68
17775,306,1360,44.68
17775,698,1695,55.68
17775,1105,1025,33.68
17775,1801,1360,44.68
17775,1898,1695,55.68
102853,712,3306,108.68
102853,1701,629,20.68
30474,102,1937,63.68
30474,304,2668,87.68
30474,306,4494,147.68
30474,915,4920,161.68
30474,916,3733,122.68
30474,1105,1876,61.68
30474,1118,1876,61.68
30474,1607,1542,50.68
30474,1617,3855,126.68
30474,1701,5073,166.68
30474,1801,933,30.68
30474,1817,4617,151.68
30474,1898,1876,61.68
5816,1113,1876,61.68
100409,1801,660,21.68
55538,1105,1452,47.68
55538,1898,1452,47.68
60116,1215,1330,43.68
60116,1619,5104,167.68
60116,1622,1330,43.68
5936,1113,1695,55.68
5936,1622,3643,119.68
5936,1898,2941,96.68
43196,708,2090,68.68
44531,426,902,29.68
46091,798,841,27.68
46091,1898,902,29.68
48533,705,1268,41.68
48533,1617,1695,55.68
48533,1817,1421,46.68
84364,1706,2182,71.68
29420,405,2121,69.68
29420,426,2029,66.68
29420,1015,3521,115.68
29420,1817,1299,42.68
20045,426,933,30.68
20045,429,1086,35.68
20045,708,933,30.68
4101,304,1146,37.68
4101,405,4739,155.68
4101,412,5469,179.68
4101,428,2241,73.68
4101,504,1268,41.68
4101,604,2241,73.68
4101,998,4890,160.68
4101,1098,6139,201.68
4101,1106,2972,97.68
4101,1111,3003,98.68
4101,1112,1360,44.68
4101,1113,2972,97.68
4101,1306,2972,97.68
4101,1312,2882,94.68
4101,1614,5438,178.68
4101,1703,1725,56.68
4101,1705,1817,59.68
4101,1903,1845,60.68
38754,305,2182,71.68
38754,1305,3217,105.68
38754,1701,2791,91.68
85601,1619,1786,58.68
85601,1626,1786,58.68
87182,202,1115,36.68
87182,426,933,30.68
87182,1605,2090,68.68
87182,1627,2394,78.68
87182,1637,2729,89.68
8638,411,1542,50.68
8638,709,1086,35.68
66647,1598,5163,169.68
66647,202,3125,102.68
66647,305,3217,105.68
66647,306,3217,105.68
66647,426,1299,42.68
66647,898,1146,37.68
66647,1105,5012,164.68
66647,1110,5012,164.68
66647,1637,1299,42.68
66647,1817,5043,165.68
10632,711,1207,39.68
10632,908,1207,39.68
7217,304,933,30.68
7217,305,933,30.68
7217,504,1115,36.68
13478,102,1238,40.68
13478,304,3306,108.68
13478,412,1238,40.68
13478,423,1238,40.68
13478,1112,1086,35.68
13478,1609,4068,133.68
13478,1622,2241,73.68
13478,1627,3125,102.68
13478,1634,2607,85.68
13478,1640,2607,85.68
13478,1801,1633,53.68
836,1637,1391,45.68
87196,101,1391,45.68
87196,102,2121,69.68
87196,103,1391,45.68
87196,104,2852,93.68
7575,403,3794,124.68
7575,704,3794,124.68
77093,202,599,19.68
77093,708,599,19.68
77093,712,599,19.68
77093,1634,1177,38.68
61355,426,933,30.68
87786,1798,933,30.68
1109,202,5347,175.68
1109,707,1207,39.68
1109,908,1572,51.68
1109,1113,3306,108.68
1109,1701,4586,150.68
1726,304,3094,101.68
1726,305,2576,84.68
1726,410,3459,113.68
1726,916,2182,71.68
1726,1801,2090,68.68
31804,405,4920,161.68
31804,408,4920,161.68
31804,916,933,30.68
31804,1407,933,30.68
31804,1601,5073,166.68
31804,1904,933,30.68
52965,304,1025,33.68
52965,307,1421,46.68
52965,1198,1025,33.68
89868,425,3916,128.68
89868,498,872,28.68
89868,1619,1086,35.68
89868,1628,872,28.68
92730,426,3459,113.68
92730,1109,3459,113.68
92730,1110,2852,93.68
98432,430,811,26.68
97174,408,1633,53.68
18237,498,902,29.68
80890,1103,4464,146.68
80890,304,1725,56.68
80890,406,2821,92.68
80890,414,2090,68.68
80890,1106,4464,146.68
80890,1109,4464,146.68
100380,1619,1511,49.68
100380,1810,933,30.68
93655,202,811,26.68
93655,405,2516,82.68
93655,414,780,25.68
93655,1119,1146,37.68
20268,1798,1391,45.68
20268,1810,1360,44.68
8706,998,1025,33.68
45229,202,3337,109.68
45229,298,3337,109.68
45229,307,2972,97.68
45229,1617,1756,57.68
45229,1802,1725,56.68
45229,1817,1542,50.68
95021,1801,1421,46.68
58101,109,1268,41.68
58101,809,933,30.68
58101,915,1055,34.68
58101,1304,1907,62.68
58101,1307,872,28.68
55644,1105,2547,83.68
55644,1801,964,31.68
1379,198,964,31.68
1379,1605,1480,48.68
56824,504,841,27.68
56824,514,841,27.68
56824,519,841,27.68
56824,898,1817,59.68
56824,1627,5132,168.68
56824,1701,5012,164.68
33062,198,2455,80.68
33062,398,2333,76.68
33062,1801,2455,80.68
52455,202,2821,92.68
52455,423,2699,88.68
52455,909,1177,38.68
52455,914,1177,38.68
52455,916,1177,38.68
52455,1106,2821,92.68
52455,1110,2821,92.68
52455,1113,2821,92.68
52455,1817,1725,56.68
20341,304,1391,45.68
85184,705,994,32.68
95448,424,3156,103.68
95448,916,1086,35.68
95448,1898,2729,89.68
1071,1113,933,30.68
5708,1098,1876,61.68
1193,198,2121,69.68
1193,1117,2394,78.68
1193,1637,1695,55.68
78481,1634,902,29.68
55409,406,1299,42.68
40239,1617,1511,49.68
40239,1708,964,31.68
40239,1801,994,32.68
40239,1815,1968,64.68
95009,426,1695,55.68
39931,109,1817,59.68
39931,305,3824,125.68
39931,713,1907,62.68
39931,805,1452,47.68
39931,809,1817,59.68
39931,1105,2029,66.68
39931,1305,1968,64.68
39931,1312,4282,140.68
39931,1609,6078,199.68
39931,1617,6078,199.68
39931,1801,3551,116.68
3265,913,1391,45.68
3265,1118,1603,52.68
3265,1801,1207,39.68
76306,307,994,32.68
37403,305,2302,75.68
66046,914,1238,40.68
66046,916,1238,40.68
66046,1110,1238,40.68
66046,1898,1238,40.68
60188,1598,3763,123.68
60188,304,933,30.68
60188,504,1452,47.68
91977,311,1238,40.68
56102,709,1055,34.68
56102,1801,3490,114.68
48360,1801,1360,44.68
66286,305,1360,44.68
66286,712,2090,68.68
66286,1616,902,29.68
37119,107,1055,34.68
37119,1634,933,30.68
91236,108,811,26.68
91236,1605,2151,70.68
73072,428,2425,79.68
73072,705,1238,40.68
73072,1105,2182,71.68
73072,1117,5104,167.68
73072,1810,4099,134.68
91443,1640,2882,94.68
4515,1605,2060,67.68
54067,304,1025,33.68
54067,519,933,30.68
54067,605,933,30.68
54067,1106,4647,152.68
54067,1113,3156,103.68
54067,1617,5560,182.68
54067,1801,3094,101.68
88491,1617,1664,54.68
91504,202,2121,69.68
91504,1605,1817,59.68
91504,1812,1756,57.68
75964,1605,1968,64.68
75964,1812,2486,81.68
65607,1113,1907,62.68
36946,1605,1756,57.68
36946,1798,1725,56.68
21289,1598,5104,167.68
21289,1198,5073,166.68
21289,1601,4586,150.68
21289,1810,4221,138.68
103544,304,1511,49.68
103544,305,1725,56.68
103544,311,1725,56.68
103544,708,1817,59.68
103544,710,1817,59.68
103544,712,1664,54.68
66370,403,4129,135.68
66370,601,4129,135.68
66370,704,4129,135.68
66370,114,780,25.68
66370,116,780,25.68
66370,202,902,29.68
66370,304,780,25.68
66370,305,780,25.68
66370,313,4099,134.68
66370,398,780,25.68
66370,405,872,28.68
66370,407,780,25.68
66370,426,872,28.68
66370,510,933,30.68
66370,601,4099,134.68
66370,706,3702,121.68
66370,712,994,32.68
66370,914,1511,49.68
66370,1098,3916,128.68
66370,1106,3217,105.68
66370,1119,1511,49.68
66370,1605,4099,134.68
66370,1609,4129,135.68
66370,1617,3947,129.68
66370,1809,1025,33.68
29451,198,1452,47.68
29451,598,1360,44.68
29451,714,2151,70.68
29451,1605,2029,66.68
11017,408,2333,76.68
11017,1801,2333,76.68
51436,1113,994,32.68
51436,1812,2455,80.68
38737,304,933,30.68
38737,305,2121,69.68
38737,306,2121,69.68
38737,313,933,30.68
38737,406,1907,62.68
38737,1105,1238,40.68
38737,1601,1511,49.68
38737,1710,2668,87.68
38737,1817,1664,54.68
87161,809,2029,66.68
72903,406,4068,133.68
72903,408,4068,133.68
72903,426,4068,133.68
72903,504,1511,49.68
72903,1801,4798,157.68
54560,1810,4890,160.68
13703,102,1845,60.68
13703,201,1845,60.68
13703,202,2241,73.68
13703,305,1695,55.68
13703,915,1391,45.68
13703,1113,2576,84.68
13703,1205,1238,40.68
90177,104,2029,66.68
90177,398,1664,54.68
90177,1205,1268,41.68
68788,404,1268,41.68
68788,430,1268,41.68
71720,1614,1421,46.68
78900,305,2760,90.68
32931,306,1115,36.68
68820,423,1421,46.68
68820,705,1421,46.68
68820,1701,780,25.68
68820,1801,1115,36.68
68820,1812,872,28.68
68820,1816,1238,40.68
34073,304,933,30.68
34073,911,1146,37.68
34073,1627,1146,37.68
20581,504,2241,73.68
20581,1801,1299,42.68
20581,1898,3551,116.68
26930,1204,964,31.68
26930,1801,1664,54.68
26930,1812,1664,54.68
26930,1817,1086,35.68
69036,426,964,31.68
69036,1898,1238,40.68
45763,1106,1025,33.68
45763,1898,1025,33.68
94182,1813,780,25.68
5128,102,1268,41.68
5128,305,1511,49.68
5128,411,1268,41.68
5128,1111,2699,88.68
5128,1118,1299,42.68
5128,1637,1633,53.68
102289,1801,599,19.68
102823,1617,1055,34.68
10253,1810,1146,37.68
66413,202,994,32.68
66413,713,964,31.68
69406,202,994,32.68
69406,1640,933,30.68
87712,205,1725,56.68
87712,207,1725,56.68
87712,304,1876,61.68
87712,602,1725,56.68
87712,1627,1603,52.68
45511,103,1876,61.68
45511,304,2060,67.68
45511,705,2425,79.68
45511,1816,1299,42.68
45511,1898,5163,169.68
55578,1198,3003,98.68
56766,102,1299,42.68
56766,107,1299,42.68
56766,304,1299,42.68
56766,1112,2182,71.68
56766,1118,1664,54.68
74250,414,5012,164.68
74250,706,5012,164.68
74250,1198,2791,91.68
74250,1701,3247,106.68
45901,1617,3033,99.68
45901,1809,2941,96.68
56816,504,5224,171.68
56816,915,1480,48.68
56816,1617,4617,151.68
87171,304,3094,101.68
87171,305,3094,101.68
87171,708,3003,98.68
87171,1111,994,32.68
49095,120,1817,59.68
49095,432,1968,64.68
49095,1198,994,32.68
88342,1636,1238,40.68
88342,1811,1360,44.68
22955,205,933,30.68
22955,305,1177,38.68
22955,504,872,28.68
22955,916,1146,37.68
22955,1105,2547,83.68
22955,1113,2272,74.68
22955,1498,902,29.68
22955,1605,4951,162.68
22955,1801,4739,155.68
96995,102,1177,38.68
96995,304,4464,146.68
96995,1817,5408,177.68
74812,102,1330,43.68
74812,304,994,32.68
74812,306,994,32.68
74812,1215,2210,72.68
74812,1634,2791,91.68
74812,1637,2791,91.68
21064,306,1572,51.68
21064,313,4767,156.68
21064,414,1572,51.68
21064,498,1421,46.68
21064,916,3702,121.68
21064,1617,1421,46.68
13004,1198,1391,45.68
13004,1110,1391,45.68
13004,1113,1391,45.68
13004,1617,1391,45.68
13004,1812,1603,52.68
80340,1706,1391,45.68
54005,1198,2121,69.68
54005,1810,2121,69.68
85560,1001,2760,90.68
85560,307,933,30.68
85560,412,2760,90.68
85560,1617,2821,92.68
92493,1701,2029,66.68
92493,1813,933,30.68
28511,201,1268,41.68
28511,202,1268,41.68
28511,205,933,30.68
28511,809,1725,56.68
28511,916,3094,101.68
28511,1105,2210,72.68
28511,1605,5104,167.68
28511,1614,5104,167.68
28511,1616,1664,54.68
28511,1627,2029,66.68
28511,1813,2455,80.68
20473,516,994,32.68
20473,605,1055,34.68
20473,612,994,32.68
35751,1637,2547,83.68
79633,403,5316,174.68
79633,504,1299,42.68
79633,104,1664,54.68
79633,429,1664,54.68
79633,504,1664,54.68
37558,412,1452,47.68
37558,712,1511,49.68
37558,1605,1330,43.68
9114,708,1452,47.68
9114,1605,1299,42.68
84928,1801,1603,52.68
76533,1298,3582,117.68
76533,304,1207,39.68
62456,426,1391,45.68
23392,498,1086,35.68
61220,809,2333,76.68
61220,1701,1115,36.68
61220,1798,2425,79.68
94072,432,3033,99.68
94072,916,749,24.68
94072,1112,1055,34.68
94072,1627,3033,99.68
94072,1813,902,29.68
94072,1816,2668,87.68
94072,1817,749,24.68
50196,305,1177,38.68
50196,306,2121,69.68
50196,313,1177,38.68
92262,304,841,27.68
92262,1817,2151,70.68
97346,1817,872,28.68
86828,1605,2029,66.68
3263,1112,537,17.68
3263,1801,2516,82.68
56207,305,1360,44.68
56207,604,1360,44.68
1680,1817,1725,56.68
20098,202,2882,94.68
20098,608,1330,43.68
20098,1110,5590,183.68
20098,1113,1876,61.68
20098,1211,1330,43.68
20098,1298,1055,34.68
20098,1609,5774,189.68
20098,1801,2182,71.68
20098,1803,3368,110.68
92966,1622,629,20.68
92966,1701,780,25.68
92966,1815,599,19.68
69709,202,1968,64.68
69709,203,1968,64.68
69709,208,1633,53.68
69709,426,1633,53.68
69709,709,872,28.68
69709,1616,1968,64.68
1311,304,1025,33.68
1311,406,964,31.68
1311,426,933,30.68
1311,428,841,27.68
1311,432,2121,69.68
1311,1110,1025,33.68
28633,1215,1725,56.68
28633,1812,2852,93.68
57178,1614,2090,68.68
57178,1898,1360,44.68
95835,1110,1146,37.68
45053,1701,964,31.68
38567,1605,2638,86.68
38567,1801,2941,96.68
89957,498,1146,37.68
89957,1112,1146,37.68
89957,1704,811,26.68
89957,1813,1146,37.68
19936,202,1086,35.68
19936,407,1086,35.68
19936,1105,1725,56.68
19936,1113,1725,56.68
65349,101,1817,59.68
65349,103,1876,61.68
65349,115,4767,156.68
65349,304,1086,35.68
65349,305,1876,61.68
65349,306,4433,145.68
65349,1118,1998,65.68
44507,101,3064,100.68
44507,198,3064,100.68
44507,198,3064,100.68
44507,304,1025,33.68
44507,305,1025,33.68
43952,710,599,19.68
14367,201,1238,40.68
14367,202,902,29.68
14367,406,841,27.68
14367,423,872,28.68
14367,1108,7720,253.68
14367,1205,1146,37.68
48425,406,2394,78.68
48425,426,2394,78.68
6926,108,2241,73.68
6926,1812,2699,88.68
62047,1812,933,30.68
62892,425,1146,37.68
62892,511,1817,59.68
62892,1105,2913,95.68
29532,1630,2029,66.68
28280,709,2121,69.68
28280,1801,2151,70.68
28280,1803,1817,59.68
76289,1637,1330,43.68
30954,304,2607,85.68
30954,307,2607,85.68
30954,426,2972,97.68
30954,914,2972,97.68
30954,1809,3125,102.68
30954,1812,2363,77.68
51328,1106,1511,49.68
51328,1304,4282,140.68
51328,1407,964,31.68
51328,1614,1511,49.68
5011,202,4464,146.68
5011,428,2455,80.68
5011,719,4433,145.68
5011,1105,1025,33.68
3597,1813,1086,35.68
3597,1898,1299,42.68
97916,403,3582,117.68
97916,704,3582,117.68
97916,108,1968,64.68
97916,202,3398,111.68
97916,406,1542,50.68
97916,412,3186,104.68
97916,705,3429,112.68
97916,709,3125,102.68
97916,1605,721,23.68
97916,1627,2060,67.68
97916,1704,2182,71.68
38367,409,2210,72.68
38367,1110,2455,80.68
38367,1902,2210,72.68
92141,304,1115,36.68
92141,305,1115,36.68
92141,306,1115,36.68
92141,307,1115,36.68
16858,101,2210,72.68
16858,101,2210,72.68
16858,426,2151,70.68
16858,1802,964,31.68
40270,304,568,18.68
40270,414,629,20.68
40270,426,872,28.68
40270,1637,3368,110.68
40270,1801,1572,51.68
75802,412,1268,41.68
45207,398,1055,34.68
45207,1708,1968,64.68
27673,202,933,30.68
27673,405,1360,44.68
27673,412,1360,44.68
27673,426,1360,44.68
27673,712,2121,69.68
27673,915,1786,58.68
27673,1617,2090,68.68
68146,504,3125,102.68
68146,1801,2516,82.68
27444,405,1207,39.68
27444,412,1207,39.68
21,205,1299,42.68
21,306,3671,120.68
21,498,4586,150.68
21,1113,2182,71.68
21,1407,1664,54.68
21,1616,3278,107.68
21,1622,2182,71.68
21,1812,2972,97.68
21,1898,3612,118.68
5628,202,1086,35.68
89029,205,964,31.68
89029,498,1480,48.68
89029,1312,1695,55.68
89029,1801,3003,98.68
95595,916,1115,36.68
95595,1634,2060,67.68
57609,398,1299,42.68
57609,705,1480,48.68
57609,809,1817,59.68
57609,1817,1391,45.68
64318,202,2363,77.68
64318,304,1360,44.68
64318,305,1360,44.68
64318,426,1756,57.68
64318,713,3459,113.68
64318,1118,1360,44.68
64318,1601,3947,129.68
64318,1813,2972,97.68
48741,202,1146,37.68
48741,712,1025,33.68
48741,1617,1055,34.68
48741,1635,2029,66.68
36770,1898,2272,74.68
1219,202,1391,45.68
1219,205,1633,53.68
1219,428,2182,71.68
1219,710,2210,72.68
1219,713,2210,72.68
1219,1312,1786,58.68
1219,1609,5377,176.68
77624,1605,933,30.68
69466,1105,994,32.68
69466,1605,3429,112.68
69466,1637,3429,112.68
69466,1812,1695,55.68
49139,304,1177,38.68
49139,404,4313,141.68
49139,498,4313,141.68
49139,1010,1177,38.68
49139,1798,1817,59.68
80836,306,4343,142.68
80836,412,2151,70.68
63160,1998,1360,44.68
4130,425,2913,95.68
4130,1801,1480,48.68
88466,406,1055,34.68
88466,914,1845,60.68
88466,1113,1391,45.68
88466,1619,4739,155.68
88466,1701,3733,122.68
73585,202,1025,33.68
73585,304,964,31.68
73585,305,964,31.68
73585,405,933,30.68
73585,412,933,30.68
73585,423,933,30.68
57842,304,902,29.68
57842,411,1725,56.68
57842,1627,1421,46.68
57842,1701,3368,110.68
38162,108,964,31.68
77662,504,1664,54.68
35441,202,3337,109.68
35441,398,1845,60.68
35441,412,3278,107.68
35441,1312,2729,89.68
35441,1616,3337,109.68
35441,1619,3337,109.68
35441,1622,3337,109.68
35441,1634,3337,109.68
35441,1637,3337,109.68
35441,1640,3337,109.68
35441,1816,3337,109.68
35441,1817,1756,57.68
64275,102,2821,92.68
64275,198,2821,92.68
64275,916,994,32.68
64275,998,2394,78.68
102107,304,537,17.68
102107,1626,1299,42.68
82721,205,1998,65.68
82721,608,994,32.68
82721,898,2486,81.68
82721,1105,1907,62.68
82721,1113,1633,53.68
82721,1211,994,32.68
8962,1112,1360,44.68
68294,202,1876,61.68
68294,412,2121,69.68
68294,712,2121,69.68
68294,1637,1876,61.68
74756,610,933,30.68
74756,1634,2729,89.68
74877,1110,3247,106.68
74877,1801,1907,62.68
74022,432,1025,33.68
74022,1622,1756,57.68
74022,1634,1756,57.68
53588,713,1086,35.68
53588,1617,2760,90.68
53588,1627,2972,97.68
53588,1701,964,31.68
84872,1801,1786,58.68
72531,713,1207,39.68
59224,102,872,28.68
59224,205,1511,49.68
59224,304,1603,52.68
59224,498,2363,77.68
59224,805,1238,40.68
59224,916,1025,33.68
59224,1117,2090,68.68
59224,1305,1238,40.68
59224,1634,1238,40.68
86664,114,1146,37.68
86664,116,1572,51.68
86664,202,1937,63.68
86664,304,1937,63.68
86664,305,1756,57.68
86664,306,1937,63.68
86664,307,1937,63.68
86664,405,1937,63.68
86664,421,1937,63.68
86664,423,1937,63.68
86664,426,1786,58.68
86664,428,1756,57.68
91245,304,2972,97.68
91245,708,2972,97.68
91245,915,2607,85.68
2321,120,1786,58.68
2321,1801,4402,144.68
50315,1703,1421,46.68
50315,1801,1330,43.68
50315,1817,1268,41.68
57156,202,1391,45.68
57156,498,1055,34.68
57156,1211,2516,82.68
57156,1298,2516,82.68
57156,1605,902,29.68
56996,406,3217,105.68
56996,414,2090,68.68
56996,1634,1330,43.68
56996,1637,3886,127.68
56996,1817,2121,69.68
4358,305,1238,40.68
4358,306,3217,105.68
4358,504,1603,52.68
4358,519,1086,35.68
4358,1105,3612,118.68
6451,411,872,28.68
6451,713,1786,58.68
9084,1113,933,30.68
9084,1312,3916,128.68
98435,1605,1115,36.68
98435,1617,994,32.68
98435,1817,1207,39.68
41270,102,2272,74.68
41270,198,1725,56.68
41270,304,1542,50.68
41270,504,1146,37.68
41270,512,1086,35.68
41270,519,1086,35.68
41270,809,1207,39.68
41270,1113,2455,80.68
41270,1209,1817,59.68
41270,1307,2607,85.68
38017,202,2913,95.68
35653,411,1055,34.68
59456,305,2821,92.68
59456,504,2090,68.68
59456,605,1330,43.68
59456,708,994,32.68
59456,1112,3033,99.68
29081,202,872,28.68
24050,1298,1086,35.68
24050,1614,1480,48.68
72355,1634,2121,69.68
72355,1801,1664,54.68
45194,304,902,29.68
45194,305,902,29.68
45194,605,1025,33.68
45194,705,1725,56.68
45194,1215,1786,58.68
65639,202,4068,133.68
65639,305,2882,94.68
65639,405,2363,77.68
65639,916,4494,147.68
65639,1113,2547,83.68
40563,305,1876,61.68
40563,306,1876,61.68
40563,1113,2607,85.68
34222,102,1845,60.68
34222,202,1998,65.68
34222,305,2576,84.68
34222,407,3278,107.68
34222,432,2425,79.68
34222,504,1845,60.68
34222,908,1268,41.68
58646,406,2121,69.68
58646,1623,1845,60.68
49145,313,4920,161.68
49145,1701,2852,93.68
49145,1816,1572,51.68
8537,408,2760,90.68
9476,201,2607,85.68
48895,408,933,30.68
48895,610,3306,108.68
48895,1605,3306,108.68
7641,102,3125,102.68
7641,205,1725,56.68
7641,304,2791,91.68
7641,305,1330,43.68
7641,307,2791,91.68
7641,313,6930,227.68
7641,426,4739,155.68
7641,612,1207,39.68
7641,809,2760,90.68
7641,906,1177,38.68
2456,305,1238,40.68
2456,306,1268,41.68
2456,423,1968,64.68
2456,708,1968,64.68
2456,1710,2363,77.68
65591,398,2333,76.68
65591,430,2547,83.68
65591,714,1603,52.68
65591,1817,1633,53.68
8333,304,1817,59.68
8333,713,2486,81.68
8333,1698,1086,35.68
65527,202,841,27.68
65527,305,1542,50.68
65527,307,1603,52.68
65527,423,902,29.68
65527,426,902,29.68
65527,432,1177,38.68
65527,709,902,29.68
65527,1617,2972,97.68
65527,1812,2760,90.68
4351,798,1633,53.68
4351,1605,2882,94.68
4351,1698,1086,35.68
4351,1801,1025,33.68
77988,705,902,29.68
77988,1106,2121,69.68
77988,1605,2821,92.68
77988,1698,5073,166.68
39551,1017,2241,73.68
39551,1617,2151,70.68
29655,203,964,31.68
29655,406,1146,37.68
90948,708,1633,53.68
90948,1106,1299,42.68
90948,1198,1055,34.68
90948,1701,1055,34.68
90948,1798,1542,50.68
51038,411,2029,66.68
51038,1805,1937,63.68
51038,1817,1480,48.68
84654,428,872,28.68
84654,709,1876,61.68
84654,718,994,32.68
13970,304,1695,55.68
13970,305,1695,55.68
13970,306,1695,55.68
13970,307,1695,55.68
13970,710,1115,36.68
13970,713,1268,41.68
13970,1111,4678,153.68
13970,1113,2941,96.68
44728,705,2210,72.68
93733,304,1086,35.68
75256,116,2241,73.68
75256,304,2241,73.68
75256,423,1695,55.68
75256,1105,1025,33.68
75256,1106,1876,61.68
75256,1614,4160,136.68
75256,1701,3824,125.68
75256,1817,994,32.68
57455,304,1207,39.68
95102,304,811,26.68
95102,432,3551,116.68
95102,498,2821,92.68
95102,708,1572,51.68
95102,713,1572,51.68
95102,1113,1086,35.68
95102,1803,3217,105.68
95102,1816,811,26.68
23509,916,3033,99.68
61346,202,1146,37.68
23857,1609,1603,52.68
23857,1617,1603,52.68
23857,1622,1603,52.68
23857,1634,1603,52.68
23857,1637,1603,52.68
23857,1803,1025,33.68
100159,1198,3186,104.68
100159,1307,841,27.68
100159,1312,1998,65.68
100159,1998,1998,65.68
63935,1198,1025,33.68
63935,1898,1025,33.68
22501,116,3156,103.68
22501,202,2425,79.68
22501,205,1968,64.68
22501,304,1968,64.68
22501,305,1268,41.68
22501,306,1268,41.68
22501,307,1268,41.68
22501,411,2638,86.68
22501,432,2425,79.68
22501,911,1299,42.68
22501,915,2029,66.68
22501,916,2821,92.68
22501,1205,1664,54.68
22501,1619,1664,54.68
22501,1801,4282,140.68
22501,1810,5194,170.68
22501,1898,2060,67.68
51007,406,2821,92.68
51007,1813,2852,93.68
51007,1816,1299,42.68
14391,1198,3186,104.68
16327,116,1876,61.68
16327,205,1725,56.68
16327,428,2607,85.68
16327,714,1695,55.68
16327,1110,4068,133.68
16327,1113,4068,133.68
16327,1119,1146,37.68
76046,407,4221,138.68
76046,426,3551,116.68
42035,202,1025,33.68
42035,304,1603,52.68
42035,426,1025,33.68
42035,432,1391,45.68
42035,705,872,28.68
42035,1605,1664,54.68
42035,1701,1268,41.68
42035,1813,2699,88.68
88666,504,1998,65.68
88666,719,964,31.68
88666,1198,1998,65.68
3680,405,2182,71.68
3680,1812,3551,116.68
4898,304,1968,64.68
4898,306,2547,83.68
4898,426,2333,76.68
4898,610,1207,39.68
4898,705,902,29.68
4898,713,1207,39.68
4898,1105,2210,72.68
4898,1817,2699,88.68
73581,1110,1360,44.68
80540,205,1452,47.68
80540,1803,933,30.68
80540,1810,5986,196.68
2951,915,1542,50.68
2951,1617,4374,143.68
2951,1813,2182,71.68
86619,304,1421,46.68
86619,305,1421,46.68
86619,307,1421,46.68
4482,423,1845,60.68
4482,424,1664,54.68
4482,1612,3337,109.68
4482,1812,3217,105.68
84370,415,933,30.68
86250,304,1725,56.68
86250,498,1086,35.68
33632,1620,1360,44.68
2058,916,1330,43.68
2058,1634,3337,109.68
2058,1803,841,27.68
90385,708,964,31.68
875,412,1238,40.68
875,1622,1603,52.68
875,1640,1452,47.68
90018,405,1238,40.68
90018,705,1086,35.68
90018,1312,1025,33.68
90018,1817,1480,48.68
42222,298,902,29.68
42222,405,2029,66.68
42222,423,2060,67.68
42222,1612,2394,78.68
42222,1812,902,29.68
74354,423,1299,42.68
7406,1627,1633,53.68
86049,305,1360,44.68
86049,306,1360,44.68
86049,426,1086,35.68
86049,712,933,30.68
77331,311,1055,34.68
77331,1634,1115,36.68
77331,1637,994,32.68
77331,1801,964,31.68
77331,1898,872,28.68
1825,1801,1695,55.68
61352,305,3247,106.68
61352,306,3247,106.68
61352,423,933,30.68
61352,426,2972,97.68
61352,512,933,30.68
54038,1215,1086,35.68
88681,1701,1968,64.68
79274,304,1146,37.68
79274,307,1146,37.68
79274,708,2972,97.68
79274,809,2241,73.68
79274,1801,2821,92.68
99915,426,690,22.68
99915,1801,599,19.68
2753,202,994,32.68
5665,305,1268,41.68
5665,1111,1268,41.68
5665,1113,1268,41.68
5665,1817,3916,128.68
42881,1622,1238,40.68
42881,1637,1238,40.68
83965,1810,1330,43.68
85129,1614,4678,153.68
95885,304,2607,85.68
95885,306,2607,85.68
95885,307,2607,85.68
95885,405,2791,91.68
95885,1215,2576,84.68
95885,1412,780,25.68
95885,1701,1542,50.68
95885,1705,2333,76.68
34956,1622,1480,48.68
34962,423,4252,139.68
34962,914,1725,56.68
91484,107,1299,42.68
91484,202,1086,35.68
91484,304,933,30.68
91484,412,1115,36.68
91484,1616,1299,42.68
91484,1634,1360,44.68
92035,202,872,28.68
92035,1703,1115,36.68
101909,1198,3551,116.68
79512,1798,1025,33.68
96039,305,1238,40.68
96039,306,1238,40.68
25904,198,964,31.68
25904,1111,1968,64.68
25904,1601,1542,50.68
65499,1637,1998,65.68
65499,1704,1907,62.68
64727,706,872,28.68
64727,719,1511,49.68
64727,914,4282,140.68
64727,1701,5224,171.68
56654,706,1695,55.68
56654,708,1695,55.68
56654,712,1633,53.68
18552,304,2791,91.68
18552,1607,4739,155.68
18552,1609,4739,155.68
18552,1617,4739,155.68
18552,1622,4767,156.68
18552,1634,4798,157.68
47027,404,1115,36.68
47027,405,1115,36.68
87045,428,2821,92.68
83782,1801,841,27.68
78275,1704,1268,41.68
2674,1627,1876,61.68
4214,198,4129,135.68
4214,414,4190,137.68
4214,428,3855,126.68
4214,504,2363,77.68
4214,519,2302,75.68
4214,608,1207,39.68
4214,1211,1207,39.68
4214,1798,4494,147.68
41164,102,1238,40.68
41164,504,4798,157.68
41164,1105,1725,56.68
22628,198,3916,128.68
22628,304,1480,48.68
22628,305,3247,106.68
22628,426,3916,128.68
22628,898,1633,53.68
22628,1605,2760,90.68
22628,1617,2425,79.68
22628,1801,3125,102.68
22628,1817,2060,67.68
88903,102,1360,44.68
88903,1110,1146,37.68
88903,1701,2913,95.68
53609,201,994,32.68
53609,202,994,32.68
53609,206,994,32.68
53609,1106,994,32.68
53609,1110,994,32.68
53609,1113,994,32.68
32974,432,3916,128.68
32974,1113,1086,35.68
32974,1801,4160,136.68
30769,1812,2272,74.68
30769,1898,3702,121.68
97701,1110,1572,51.68
97701,1701,2060,67.68
97701,1703,1695,55.68
97701,1798,1360,44.68
62137,1698,2576,84.68
62137,1812,1055,34.68
76647,898,1480,48.68
76647,1113,1391,45.68
89556,705,1511,49.68
89556,1637,2913,95.68
89556,1704,2241,73.68
79822,107,3612,118.68
79822,109,1177,38.68
79822,202,2241,73.68
79822,298,1817,59.68
79822,426,3186,104.68
79822,428,2486,81.68
79822,504,1511,49.68
79822,512,1086,35.68
79822,519,1511,49.68
79822,1111,1633,53.68
79822,1113,1633,53.68
91121,108,1786,58.68
91121,304,1391,45.68
91121,305,2182,71.68
91121,313,2029,66.68
91121,713,1542,50.68
91121,1801,1845,60.68
91121,1805,1664,54.68
91121,1817,902,29.68
18613,1801,1207,39.68
16775,432,1055,34.68
16775,1105,1086,35.68
16775,1110,5043,165.68
95361,498,1421,46.68
61734,1701,1025,33.68
61734,1812,1391,45.68
49043,403,1756,57.68
49043,432,1542,50.68
79953,1105,1876,61.68
79953,1116,2090,68.68
79953,1117,1907,62.68
87631,428,1055,34.68
52529,426,2151,70.68
89580,1701,964,31.68
81908,1605,1937,63.68
81908,1607,1968,64.68
81908,1612,1907,62.68
81908,1616,1876,61.68
81908,1622,1968,64.68
81908,1634,1998,65.68
81908,1640,1907,62.68
81908,1812,1725,56.68
81908,1898,1603,52.68
81736,112,1025,33.68
81736,298,1268,41.68
81736,1605,1391,45.68
23635,1701,2090,68.68
23635,1704,2455,80.68
10425,198,1786,58.68
10425,206,1391,45.68
10425,426,1664,54.68
10425,713,1115,36.68
10425,1312,1664,54.68
10425,1898,2913,95.68
30491,1605,1421,46.68
30491,1704,1360,44.68
41560,304,1633,53.68
41560,306,1633,53.68
33793,1812,1633,53.68
55575,203,4433,145.68
55575,304,2821,92.68
55575,313,4433,145.68
55575,410,2425,79.68
55575,1801,3612,118.68
55575,1814,3612,118.68
62878,1615,1115,36.68
9273,1801,1603,52.68
3997,304,1480,48.68
3997,916,2486,81.68
3997,1801,3490,114.68
52332,198,2455,80.68
52332,1105,2425,79.68
52332,1817,1360,44.68
32259,428,2821,92.68
32259,498,2821,92.68
32259,1110,2821,92.68
103239,1617,1391,45.68
103239,1801,994,32.68
62725,304,1238,40.68
34014,108,1664,54.68
34014,310,1664,54.68
34014,709,994,32.68
34014,1110,994,32.68
34014,1617,994,32.68
43617,306,933,30.68
43617,1627,994,32.68
68004,101,1511,49.68
68004,102,2363,77.68
68004,103,2363,77.68
31655,307,1025,33.68
5508,1812,964,31.68
99675,598,1086,35.68
99675,102,1695,55.68
99675,306,1695,55.68
99675,916,1695,55.68
99675,1113,1146,37.68
99675,1798,4433,145.68
99675,1801,1391,45.68
80742,305,2547,83.68
80742,605,2972,97.68
80742,1809,3490,114.68
80742,1898,2029,66.68
80470,1616,1146,37.68
90096,1215,1845,60.68
97313,108,690,22.68
97313,426,690,22.68
97313,1617,721,23.68
13464,305,2972,97.68
13464,405,1876,61.68
13464,510,1876,61.68
13464,998,1876,61.68
13464,1198,1876,61.68
58174,1701,1025,33.68
58174,1809,994,32.68
58174,1810,994,32.68
68895,202,964,31.68
94773,304,1998,65.68
94773,305,1998,65.68
94773,307,1998,65.68
94773,423,599,19.68
94773,1617,3886,127.68
78288,406,1055,34.68
78288,426,1055,34.68
78288,1616,1480,48.68
85926,1803,1360,44.68
18366,1609,4252,139.68
18366,1617,4252,139.68
60286,404,1025,33.68
60286,430,2791,91.68
60286,601,3824,125.68
60286,607,3824,125.68
60286,914,1238,40.68
60286,1111,1238,40.68
60286,1817,3582,117.68
63453,406,902,29.68
63453,411,933,30.68
63453,1113,933,30.68
63453,1215,3217,105.68
63453,1312,933,30.68
63453,1811,1207,39.68
63453,1812,1207,39.68
95104,412,2455,80.68
95104,1803,1391,45.68
30192,108,933,30.68
30192,198,1146,37.68
30192,203,4586,150.68
30192,410,2791,91.68
30192,1113,2241,73.68
30192,1198,4708,154.68
30192,1801,1421,46.68
33193,1103,5012,164.68
33193,1198,5012,164.68
33193,118,872,28.68
33193,201,1725,56.68
33193,304,3186,104.68
33193,313,5012,164.68
33193,426,5012,164.68
33193,428,1542,50.68
33193,504,1360,44.68
33193,712,1756,57.68
33193,998,1360,44.68
33193,1110,5043,165.68
33193,1812,1756,57.68
26107,1210,2972,97.68
97014,412,780,25.68
97014,426,780,25.68
97014,713,1086,35.68
97014,1636,1115,36.68
97014,1708,1238,40.68
97014,1811,721,23.68
2457,198,5012,164.68
2457,298,5012,164.68
2457,304,5012,164.68
2457,405,5012,164.68
2457,423,5132,168.68
2457,424,5132,168.68
2457,426,5012,164.68
2457,428,5012,164.68
2457,598,1786,58.68
2457,601,5012,164.68
2457,604,1876,61.68
2457,709,1055,34.68
2457,809,994,32.68
2457,1110,5012,164.68
2457,1312,5012,164.68
2457,1701,2638,86.68
66205,709,1998,65.68
66205,1637,2060,67.68
5179,713,1907,62.68
11349,1805,4920,161.68
37712,1801,811,26.68
100329,101,1360,44.68
100329,201,1360,44.68
100329,304,2821,92.68
100329,605,994,32.68
100329,1105,1360,44.68
100329,1616,6200,203.68
100329,1708,5073,166.68
100329,1816,5377,176.68
88020,705,964,31.68
88020,915,4190,137.68
88020,998,4190,137.68
88020,1898,4494,147.68
3043,911,3643,119.68
3043,1627,3217,105.68
18906,706,1664,54.68
18906,809,1664,54.68
18906,1701,1238,40.68
49884,1801,1572,51.68
40596,306,1876,61.68
74187,1117,3671,120.68
59674,915,1330,43.68
59674,998,1330,43.68
59674,1098,1968,64.68
59674,1630,2182,71.68
85050,425,1511,49.68
85050,1630,1542,50.68
77553,1703,933,30.68
48363,305,1025,33.68
11069,713,3186,104.68
11069,1605,2060,67.68
20550,705,902,29.68
20550,916,1055,34.68
78459,304,3702,121.68
78459,305,3337,109.68
78459,411,872,28.68
86047,914,1664,54.68
86047,916,1664,54.68
86047,1609,3582,117.68
98296,107,902,29.68
27175,1801,2486,81.68
102426,102,1511,49.68
102426,411,2060,67.68
102426,432,2060,67.68
102426,713,1664,54.68
102426,1637,4647,152.68
20717,108,4982,163.68
20717,202,1603,52.68
20717,205,1268,41.68
20717,305,1268,41.68
20717,307,1086,35.68
20717,511,1725,56.68
20717,705,3186,104.68
20717,710,1360,44.68
20717,809,2821,92.68
20717,916,964,31.68
20717,1017,964,31.68
20717,1113,1025,33.68
20717,1117,3551,116.68
20717,1215,5835,191.68
20717,1312,3551,116.68
20717,1605,6016,197.68
20717,1617,5804,190.68
14275,304,1572,51.68
14275,1801,1572,51.68
57174,102,902,29.68
103207,108,476,15.68
103207,423,660,21.68
103207,708,629,20.68
103207,1617,629,20.68
103207,1701,476,15.68
103207,1707,537,17.68
15963,304,1115,36.68
15963,307,1115,36.68
15963,1113,1817,59.68
15963,1802,1421,46.68
15963,1815,1421,46.68
25570,432,933,30.68
21500,426,964,31.68
21500,1117,2486,81.68
89124,304,1025,33.68
89124,412,3306,108.68
89124,426,3125,102.68
89124,705,1115,36.68
89124,709,3306,108.68
41125,108,1421,46.68
41125,708,1146,37.68
101932,404,537,17.68
101932,407,1055,34.68
84922,705,902,29.68
84922,916,1086,35.68
84922,1812,902,29.68
74571,305,1115,36.68
74571,504,1542,50.68
71889,304,1452,47.68
71889,398,1452,47.68
71889,706,3368,110.68
71889,1617,3459,113.68
71889,1704,3368,110.68
15411,415,872,28.68
74928,304,4433,145.68
74928,305,4313,141.68
74928,306,4313,141.68
59893,102,1086,35.68
59893,305,1817,59.68
59893,1198,1146,37.68
59893,1312,2272,74.68
59893,1801,4282,140.68
59893,1812,2486,81.68
59893,1817,1603,52.68
67729,1701,1146,37.68
78705,305,4798,157.68
55402,304,1695,55.68
29827,408,5529,181.68
29827,504,1876,61.68
29827,1305,902,29.68
29827,1605,5043,165.68
29827,1617,5498,180.68
29827,1701,2913,95.68
62697,102,1695,55.68
62697,201,1695,55.68
82301,406,1025,33.68
82301,1640,1086,35.68
82301,1801,1086,35.68
39052,306,964,31.68
39052,398,964,31.68
39052,412,3671,120.68
39052,426,3064,100.68
39052,705,1055,34.68
39052,1105,1086,35.68
39052,1801,964,31.68
67343,1113,2090,68.68
67343,1198,964,31.68
67343,1205,964,31.68
95599,306,690,22.68
95599,410,3429,112.68
95599,1798,3156,103.68
95599,1801,1542,50.68
95599,1817,1452,47.68
85561,1609,2821,92.68
98247,428,994,32.68
98247,498,1268,41.68
98247,916,1360,44.68
98247,1110,1633,53.68
98247,1801,5316,174.68
80191,405,3643,119.68
80191,412,3643,119.68
80191,423,3643,119.68
80191,712,3643,119.68
80191,1815,3612,118.68
34089,306,1876,61.68
34089,1634,2210,72.68
53415,117,1330,43.68
53415,414,2607,85.68
53415,1108,3033,99.68
60036,305,964,31.68
60036,1215,1664,54.68
60036,1710,1207,39.68
6210,202,841,27.68
6210,406,841,27.68
26144,713,994,32.68
26144,1617,1391,45.68
24238,298,1452,47.68
14789,1703,1086,35.68
44218,305,994,32.68
44218,708,3916,128.68
85440,108,1360,44.68
85440,713,1299,42.68
85440,1609,1452,47.68
85440,1617,1391,45.68
85440,1634,1391,45.68
22206,304,2363,77.68
22206,305,1115,36.68
22206,313,3278,107.68
22206,432,2425,79.68
22206,713,2760,90.68
22206,809,2791,91.68
22206,1605,2882,94.68
22206,1701,2455,80.68
22206,1817,2090,68.68
4368,504,1876,61.68
4368,1106,1876,61.68
4368,1701,4464,146.68
73634,798,994,32.68
3626,1598,4221,138.68
3626,405,3916,128.68
3626,406,3916,128.68
3626,423,3916,128.68
3626,426,3916,128.68
3626,428,2302,75.68
3626,1801,1299,42.68
3626,1898,2272,74.68
99737,305,780,25.68
99737,705,660,21.68
83185,306,1115,36.68
83185,1802,2729,89.68
83185,1805,2729,89.68
69970,306,811,26.68
69970,428,1086,35.68
69970,1611,2486,81.68
23007,709,1115,36.68
23007,713,1115,36.68
6974,1098,4708,154.68
6974,1113,1238,40.68
6974,1119,1238,40.68
6974,1215,4343,142.68
28269,1619,1207,39.68
99878,1117,1025,33.68
99878,1605,1086,35.68
76619,304,1572,51.68
76619,313,3794,124.68
76619,426,3794,124.68
76619,1617,2699,88.68
76619,1619,4252,139.68
76619,1637,3643,119.68
76619,1801,841,27.68
84451,304,1360,44.68
84451,305,1360,44.68
84451,306,1360,44.68
84451,310,1968,64.68
84451,311,1845,60.68
84451,404,1480,48.68
84451,706,1115,36.68
84451,1617,1115,36.68
84451,1898,1360,44.68
54111,1704,1330,43.68
69034,1609,1086,35.68
69034,1703,2151,70.68
18333,305,1511,49.68
18333,306,1511,49.68
18333,1198,1817,59.68
18333,1609,4678,153.68
18333,1617,4617,151.68
86712,1215,1480,48.68
2232,708,1876,61.68
2232,1617,1845,60.68
8953,426,2821,92.68
8953,1617,2455,80.68
102941,307,446,14.68
102941,1605,537,17.68
47387,809,2302,75.68
19232,1813,5743,188.68
78997,202,1115,36.68
78997,916,841,27.68
4296,205,1146,37.68
4296,305,1115,36.68
4296,1805,994,32.68
4296,1817,994,32.68
49232,398,3429,112.68
49232,310,3429,112.68
11358,305,1421,46.68
11358,306,1421,46.68
11358,605,964,31.68
11358,1816,5743,188.68
91806,504,2121,69.68
91806,202,2060,67.68
91806,408,2090,68.68
91806,510,1480,48.68
91806,512,1480,48.68
91806,1617,2121,69.68
91806,1801,2060,67.68
64588,1598,2729,89.68
64588,104,1055,34.68
64588,1117,2729,89.68
33016,803,2090,68.68
33016,908,1725,56.68
65522,304,1330,43.68
65522,305,1330,43.68
65522,306,1330,43.68
65522,1605,2760,90.68
65522,1637,2699,88.68
65522,1801,2425,79.68
65522,1817,2363,77.68
33887,205,1025,33.68
33887,304,872,28.68
33887,410,902,29.68
33887,411,902,29.68
33887,809,1299,42.68
33887,898,1268,41.68
33887,915,1146,37.68
33887,1112,5621,184.68
33887,1113,1511,49.68
33887,1117,5621,184.68
33887,1312,3156,103.68
33887,1709,1207,39.68
33887,1805,5986,196.68
33887,1810,6139,201.68
102908,108,507,16.68
102908,404,1146,37.68
102908,1619,1146,37.68
89276,1622,1603,52.68
31045,103,1146,37.68
31045,705,1086,35.68
31045,809,1086,35.68
31045,1307,1876,61.68
31045,1634,933,30.68
93697,305,1299,42.68
93697,498,721,23.68
93697,1117,2821,92.68
71198,202,1452,47.68
71198,1812,1572,51.68
85931,198,1207,39.68
85931,108,1238,40.68
85931,110,1207,39.68
85931,202,994,32.68
85931,709,1025,33.68
26828,202,3916,128.68
26828,412,3916,128.68
26828,426,3916,128.68
26828,712,3916,128.68
26828,809,2394,78.68
26828,1617,4555,149.68
93717,410,1299,42.68
93717,411,1299,42.68
62236,1312,1511,49.68
84835,202,4221,138.68
84835,498,4647,152.68
84835,1008,2333,76.68
84835,1106,1633,53.68
84835,1112,1664,54.68
84835,1798,3459,113.68
4525,1215,3094,101.68
4525,1627,2972,97.68
19838,304,1998,65.68
19838,1704,3337,109.68
19838,1798,2882,94.68
49964,202,1695,55.68
49964,405,1695,55.68
49964,410,1177,38.68
49964,426,1695,55.68
49964,1801,2821,92.68
62413,426,2029,66.68
62413,705,933,30.68
31160,198,2121,69.68
31160,1113,1177,38.68
31160,1801,1330,43.68
58208,713,1542,50.68
63640,1810,5073,166.68
39072,107,3733,122.68
39072,304,1876,61.68
39072,305,994,32.68
39072,306,994,32.68
39072,313,3855,126.68
39072,714,3551,116.68
39072,809,1876,61.68
27708,102,1876,61.68
27708,307,2972,97.68
27708,706,2972,97.68
27708,1113,2972,97.68
57521,498,2607,85.68
57521,1701,1542,50.68
27751,304,2972,97.68
27751,504,1817,59.68
27751,1801,1025,33.68
4194,1304,1086,35.68
96688,405,1055,34.68
96688,424,1055,34.68
96688,426,1055,34.68
96688,1617,1086,35.68
43787,608,1055,34.68
43787,916,3824,125.68
43787,1105,4313,141.68
43787,1113,1603,52.68
43787,1211,1055,34.68
43787,1601,3916,128.68
43787,1801,1937,63.68
23279,1605,1268,41.68
10237,104,1480,48.68
10237,109,1664,54.68
10237,202,1786,58.68
10237,305,1542,50.68
10237,306,1542,50.68
10237,423,1845,60.68
10237,1113,1845,60.68
10237,1215,2821,92.68
10237,1601,4647,152.68
42028,1801,1633,53.68
50637,304,1299,42.68
50637,305,2638,86.68
50637,405,5163,169.68
50637,1105,2060,67.68
50637,1108,2972,97.68
50637,1110,2972,97.68
50637,1113,2972,97.68
50637,1605,5316,174.68
50637,1616,5316,174.68
75228,408,3671,120.68
75228,1117,2121,69.68
75228,1617,3612,118.68
72237,498,1268,41.68
72237,1617,902,29.68
72237,1898,994,32.68
60747,1198,2394,78.68
60747,426,1725,56.68
60747,998,933,30.68
60747,1105,2394,78.68
82520,202,1146,37.68
82520,1119,1086,35.68
82520,1307,1086,35.68
82520,1704,2913,95.68
9232,118,1756,57.68
9232,119,2425,79.68
9232,202,3064,100.68
9232,304,994,32.68
9232,504,1391,45.68
9232,1617,994,32.68
9232,1814,1695,55.68
91112,203,2090,68.68
91112,411,1756,57.68
91112,428,1238,40.68
44296,304,1725,56.68
44296,305,1725,56.68
102684,102,1725,56.68
102684,104,1725,56.68
102684,201,537,17.68
102684,304,1725,56.68
102684,809,2363,77.68
102684,1810,2090,68.68
99103,504,5498,180.68
99103,304,629,20.68
99103,305,2090,68.68
99103,307,721,23.68
99103,504,5498,180.68
99103,1701,1725,56.68
95023,111,1146,37.68
95023,1617,1177,38.68
95023,1704,994,32.68
95023,1803,902,29.68
103145,413,2090,68.68
103145,414,2090,68.68
103145,423,2090,68.68
103145,426,2090,68.68
103145,705,3733,122.68
103145,708,537,17.68
60377,704,2913,95.68
60377,313,1756,57.68
60377,408,1025,33.68
60377,432,1146,37.68
60377,1801,1756,57.68
60377,1816,1238,40.68
57602,306,4160,136.68
57602,1811,4160,136.68
90282,1115,1360,44.68
90282,1116,1360,44.68
34795,426,1725,56.68
1284,1117,1330,43.68
78753,201,1998,65.68
78753,298,1330,43.68
97265,304,780,25.68
97265,305,1360,44.68
97265,405,1360,44.68
97265,407,1360,44.68
97265,423,1360,44.68
97265,424,1360,44.68
16739,107,2060,67.68
16739,498,872,28.68
66377,798,1086,35.68
66377,898,2455,80.68
66377,1601,2729,89.68
66377,1617,2060,67.68
66377,1622,1998,65.68
62072,102,1330,43.68
62072,404,1330,43.68
62072,915,1330,43.68
62072,1298,1664,54.68
81206,1111,2210,72.68
79646,304,1115,36.68
79646,305,1845,60.68
79646,309,2210,72.68
78599,102,1025,33.68
78599,798,2060,67.68
78599,1637,1664,54.68
6501,704,4739,155.68
6501,908,1025,33.68
6501,1701,1299,42.68
6501,1703,1177,38.68
6501,1798,4647,152.68
6501,1898,964,31.68
76309,198,933,30.68
76309,304,933,30.68
76309,1105,1756,57.68
76309,1113,1756,57.68
76309,1898,1756,57.68
705,307,1086,35.68
29270,704,3217,105.68
29270,406,2699,88.68
29270,407,933,30.68
12415,109,1086,35.68
12415,1801,3916,128.68
64313,304,4037,132.68
64313,426,4282,140.68
64313,1801,3916,128.68
64313,1898,2363,77.68
70734,102,1725,56.68
70734,1706,964,31.68
76592,304,1055,34.68
76592,305,1421,46.68
76592,908,1786,58.68
76592,914,2151,70.68
76592,1802,1238,40.68
59753,411,3337,109.68
59753,998,3278,107.68
59753,1637,3337,109.68
34078,304,2455,80.68
34078,1637,4374,143.68
35807,108,2547,83.68
60807,432,872,28.68
60807,1635,1572,51.68
60807,1898,1817,59.68
95982,1617,1268,41.68
36130,202,4586,150.68
36130,306,1238,40.68
36130,412,6534,214.68
36130,1111,4008,131.68
36130,1113,4008,131.68
36130,1210,4008,131.68
36130,1708,3521,115.68
36130,1813,3733,122.68
10885,915,3702,121.68
10885,1106,2394,78.68
16754,1298,2882,94.68
16754,1815,3551,116.68
14049,1113,1391,45.68
999,407,4068,133.68
999,1113,1360,44.68
43494,104,1025,33.68
43494,108,1086,35.68
43494,304,1452,47.68
43494,307,1452,47.68
43494,313,1452,47.68
43494,1617,1360,44.68
43494,1810,1115,36.68
74828,201,1177,38.68
74828,606,2272,74.68
74828,1105,1360,44.68
74828,1113,1360,44.68
94278,304,721,23.68
94278,305,721,23.68
25836,1598,3582,117.68
25836,305,2090,68.68
25836,1810,1238,40.68
25836,1811,2394,78.68
25836,1813,1817,59.68
98990,312,1421,46.68
98990,498,1511,49.68
98990,709,1146,37.68
98990,798,1146,37.68
98990,1304,1146,37.68
98990,1634,1695,55.68
64983,306,1845,60.68
64983,1801,933,30.68
32114,1627,1360,44.68
32114,1704,1207,39.68
96123,998,690,22.68
96123,1106,1572,51.68
96123,1198,3916,128.68
96123,1898,3916,128.68
54435,1105,1391,45.68
95604,708,933,30.68
95604,1110,1268,41.68
95604,1804,1268,41.68
87109,102,1086,35.68
87109,198,2852,93.68
87109,304,1452,47.68
87109,305,1786,58.68
87109,406,2121,69.68
87109,426,3643,119.68
87109,809,1937,63.68
87109,909,1086,35.68
87109,1111,2547,83.68
87109,1309,902,29.68
87109,1701,4037,132.68
87109,1703,3824,125.68
87109,1803,3186,104.68
87109,1898,1086,35.68
89098,313,3886,127.68
89098,713,2882,94.68
102619,498,568,18.68
49031,306,2210,72.68
36339,107,1876,61.68
73407,398,1115,36.68
89466,304,1299,42.68
89466,305,2425,79.68
89466,1817,5438,178.68
79802,1622,2547,83.68
79802,1817,1998,65.68
95579,1113,1572,51.68
95579,1605,1480,48.68
95579,1708,4221,138.68
79782,1703,1695,55.68
39330,504,1786,58.68
39330,1117,2516,82.68
25555,428,660,21.68
87859,304,1115,36.68
87859,305,1115,36.68
87859,307,1115,36.68
7709,1215,1511,49.68
7709,1708,2729,89.68
7709,1998,1511,49.68
100743,101,780,25.68
100743,203,5529,181.68
100743,304,2607,85.68
100743,305,1876,61.68
100743,411,5163,169.68
100743,708,4798,157.68
100743,1622,3977,130.68
6610,1701,964,31.68
68600,698,3702,121.68
50530,306,2576,84.68
50530,398,2576,84.68
50530,426,1817,59.68
50530,1104,1786,58.68
50530,1801,1025,33.68
92338,304,2425,79.68
92338,498,1330,43.68
92338,708,1845,60.68
92338,712,1845,60.68
92338,715,1845,60.68
92338,1616,4252,139.68
92338,1801,3156,103.68
92338,1817,1695,55.68
83255,304,2882,94.68
83255,1105,933,30.68
83255,1298,3551,116.68
83255,1704,3855,126.68
62415,1098,2182,71.68
62415,916,2029,66.68
96161,108,994,32.68
97423,306,2821,92.68
97423,1619,5560,182.68
49603,809,1025,33.68
33411,915,5043,165.68
33411,1113,933,30.68
31890,101,2333,76.68
31890,801,2151,70.68
31890,1617,2210,72.68
31890,1622,2210,72.68
31890,1634,2210,72.68
31890,1809,1511,49.68
13768,103,1633,53.68
13768,305,1876,61.68
13768,504,4068,133.68
13768,1198,1876,61.68
13768,1817,1452,47.68
91396,605,872,28.68
91396,612,841,27.68
91396,1617,3947,129.68
91396,1898,1330,43.68
57722,304,1572,51.68
57722,305,1572,51.68
87622,304,1421,46.68
87622,404,3247,106.68
87622,428,1421,46.68
20306,304,4739,155.68
20306,307,4739,155.68
20306,406,1695,55.68
20306,498,4008,131.68
20306,504,4739,155.68
20306,1112,1391,45.68
20306,1298,1086,35.68
20306,1627,3278,107.68
23052,1617,3278,107.68
23052,1634,3278,107.68
23052,1701,3094,101.68
23052,1817,2729,89.68
23052,1898,2090,68.68
37563,304,1480,48.68
37563,1622,1480,48.68
37563,1701,933,30.68
37563,1703,1055,34.68
37563,1898,872,28.68
72105,304,1299,42.68
72105,307,1299,42.68
72105,1812,2972,97.68
72105,1813,2029,66.68
68335,998,1299,42.68
68335,1634,4920,161.68
9400,108,1876,61.68
9400,202,1876,61.68
9400,311,2607,85.68
9400,407,2607,85.68
9400,426,2607,85.68
9400,1617,2394,78.68
9400,1703,1146,37.68
9400,1812,1330,43.68
86975,305,1603,52.68
86975,306,1603,52.68
83349,1705,2151,70.68
29060,1215,1086,35.68
29060,1801,1025,33.68
29060,1812,964,31.68
21315,102,1907,62.68
21315,205,1177,38.68
21315,1215,4282,140.68
63488,108,2302,75.68
63488,304,1025,33.68
63488,1801,2363,77.68
8310,1114,1998,65.68
93738,202,994,32.68
30151,1304,2151,70.68
30151,1601,1845,60.68
1145,306,3368,110.68
1145,428,2455,80.68
1145,1312,3033,99.68
1145,1637,4555,149.68
62288,202,1146,37.68
62288,305,1452,47.68
62288,1113,1876,61.68
62288,1407,1055,34.68
16149,109,1542,50.68
16149,412,4555,149.68
16149,498,4433,145.68
67933,305,1268,41.68
67933,1605,4920,161.68
67933,1634,4920,161.68
67933,1801,4494,147.68
87583,304,964,31.68
87583,305,964,31.68
38158,305,1876,61.68
38158,306,1876,61.68
38158,1113,2972,97.68
38158,1312,994,32.68
38158,1817,2090,68.68
99097,198,780,25.68
99097,1605,660,21.68
99097,1798,1025,33.68
7101,201,2302,75.68
7101,313,2302,75.68
7101,498,872,28.68
7101,798,1360,44.68
7101,1703,1452,47.68
7101,1812,933,30.68
7101,1816,2302,75.68
47948,104,1055,34.68
47948,202,1480,48.68
47948,405,1480,48.68
47948,1628,1452,47.68
2946,198,902,29.68
2946,608,902,29.68
2946,1113,1025,33.68
2946,1209,902,29.68
2946,1211,902,29.68
10716,298,1542,50.68
10716,1605,1452,47.68
10716,1898,1511,49.68
15615,1117,2516,82.68
15615,1215,3186,104.68
15615,1616,1025,33.68
52085,798,2972,97.68
52085,1105,3186,104.68
63976,102,2972,97.68
63976,305,2699,88.68
63976,306,1238,40.68
63976,1810,4767,156.68
63976,1817,4767,156.68
91402,202,1025,33.68
20513,102,1360,44.68
20513,304,1177,38.68
20513,305,964,31.68
20513,426,1725,56.68
20513,709,1360,44.68
20513,1113,1725,56.68
43512,407,1572,51.68
43512,426,1572,51.68
7228,410,1055,34.68
7228,426,1055,34.68
7228,605,1177,38.68
7228,1637,1268,41.68
7228,1801,3306,108.68
41034,198,4068,133.68
41034,1105,2607,85.68
41034,1198,1146,37.68
41034,1802,3094,101.68
96454,1634,780,25.68
96454,1803,721,23.68
47776,116,1086,35.68
12002,102,2486,81.68
12002,104,2121,69.68
12002,109,2121,69.68
12002,110,2121,69.68
12002,512,2363,77.68
12002,514,2363,77.68
79,1098,1360,44.68
91264,1105,1786,58.68
16451,916,1360,44.68
58173,1110,3582,117.68
58173,1215,2882,94.68
75779,1622,1603,52.68
29699,202,964,31.68
29699,423,1421,46.68
29699,426,1360,44.68
29699,709,1360,44.68
29699,916,1786,58.68
29699,1605,1146,37.68
29699,1703,1055,34.68
29699,1801,1391,45.68
62736,426,1238,40.68
30259,712,841,27.68
30259,713,1817,59.68
50857,304,1299,42.68
50857,305,1299,42.68
50857,711,3671,120.68
48742,206,1817,59.68
48742,1112,1055,34.68
48742,1898,1817,59.68
26149,709,933,30.68
26149,713,933,30.68
26149,1617,4129,135.68
26149,1619,3643,119.68
26149,1701,3064,100.68
36582,304,1633,53.68
36582,398,1633,53.68
36582,1601,1998,65.68
95856,1622,1817,59.68
95856,1634,1817,59.68
95856,1637,1817,59.68
95856,1640,1817,59.68
35792,1612,1330,43.68
42059,714,1086,35.68
42059,1609,1695,55.68
13487,1298,3643,119.68
22904,114,1511,49.68
22904,202,4037,132.68
22904,406,2791,91.68
22904,426,2791,91.68
22904,709,3064,100.68
22904,798,3064,100.68
22904,809,3064,100.68
22904,1634,4190,137.68
22904,1798,3064,100.68
22904,1801,4068,133.68
60687,1118,2607,85.68
67828,208,2729,89.68
67828,605,2821,92.68
67828,606,2729,89.68
67828,610,2821,92.68
67828,1116,2121,69.68
67828,1605,2821,92.68
67828,1609,2760,90.68
67880,304,1207,39.68
67880,915,2821,92.68
67880,1198,1146,37.68
84564,404,872,28.68
84564,426,872,28.68
84564,1898,841,27.68
1291,1113,2455,80.68
91374,202,4190,137.68
91374,305,1480,48.68
91374,504,872,28.68
47906,305,1817,59.68
47906,415,1146,37.68
47906,916,1055,34.68
47906,1801,1876,61.68
2643,304,2852,93.68
2643,705,3033,99.68
70501,412,2576,84.68
70501,1617,1756,57.68
11585,201,1299,42.68
11585,304,2516,82.68
11585,305,2516,82.68
17372,708,1452,47.68
71428,109,1177,38.68
50249,101,1115,36.68
50249,118,1115,36.68
50249,1304,4433,145.68
50249,1617,1299,42.68
41180,426,4647,152.68
41180,1798,5835,191.68
76377,915,2121,69.68
76377,1798,1360,44.68
98147,102,3186,104.68
98147,202,5012,164.68
98147,298,5012,164.68
98147,304,1725,56.68
98147,306,2821,92.68
98147,410,6443,211.68
98147,426,8330,273.68
98147,612,8330,273.68
98147,1013,5347,175.68
98147,1698,4982,163.68
23436,102,1511,49.68
23436,205,1511,49.68
23436,608,1360,44.68
23436,1211,1360,44.68
23436,1216,1146,37.68
23436,1605,4708,154.68
23436,1616,5529,181.68
54850,1619,1268,41.68
80407,1198,1238,40.68
80407,698,1299,42.68
80407,1198,1238,40.68
80407,1601,1603,52.68
86564,205,1511,49.68
86564,1113,1876,61.68
31982,305,1480,48.68
31982,1817,1025,33.68
17587,202,3156,103.68
17587,205,3156,103.68
17587,304,964,31.68
17587,305,1572,51.68
17587,307,964,31.68
17587,426,3156,103.68
17587,1205,1330,43.68
17587,1634,1725,56.68
17587,1798,2029,66.68
17587,1817,6593,216.68
99645,203,629,20.68
33945,102,1725,56.68
33945,305,4037,132.68
33945,1617,4617,151.68
33945,1701,2668,87.68
61326,198,2455,80.68
61326,504,1876,61.68
61326,519,1845,60.68
61326,598,1421,46.68
61326,608,1937,63.68
61326,1211,1937,63.68
39499,305,2516,82.68
39499,428,2333,76.68
39499,708,1115,36.68
39499,1113,1998,65.68
39499,1801,1633,53.68
45369,304,1421,46.68
45369,1105,1603,52.68
86773,298,2241,73.68
86773,305,1968,64.68
86773,405,1786,58.68
86773,412,1786,58.68
86773,423,1786,58.68
86773,712,1786,58.68
86773,1801,2241,73.68
86773,1812,1786,58.68
86773,1898,1968,64.68
38230,304,1725,56.68
38230,916,2090,68.68
38230,1014,3186,104.68
38230,1106,994,32.68
38230,1298,2060,67.68
20647,1816,2029,66.68
74581,405,1421,46.68
74581,1701,1055,34.68
74581,1812,1025,33.68
74581,1813,1025,33.68
92824,1801,811,26.68
42464,102,4951,162.68
42464,304,1452,47.68
42464,305,1845,60.68
42464,1210,1025,33.68
42464,1304,4343,142.68
42464,1703,1421,46.68
78781,202,994,32.68
78781,311,994,32.68
78781,1634,1115,36.68
78781,1812,1025,33.68
18710,208,721,23.68
96818,203,1025,33.68
96818,713,2090,68.68
87082,298,1238,40.68
87082,1801,3671,120.68
70018,1801,841,27.68
70018,1810,1086,35.68
38365,116,872,28.68
38365,313,4647,152.68
38365,426,3429,112.68
38365,1617,4555,149.68
38365,1622,4160,136.68
38365,1801,3278,107.68
17929,1113,1146,37.68
17929,1617,2182,71.68
79311,1113,1146,37.68
47597,1001,1177,38.68
47597,426,1360,44.68
47597,1617,1299,42.68
12044,1208,3003,98.68
28082,1110,2272,74.68
71540,203,3643,119.68
71540,305,3306,108.68
71540,432,1238,40.68
71540,1605,3612,118.68
88502,1014,1025,33.68
88502,1113,1025,33.68
84067,504,1633,53.68
84067,1105,1817,59.68
84067,1617,2972,97.68
84067,1898,2090,68.68
34967,610,3033,99.68
34967,1816,1725,56.68
76991,119,1207,39.68
76991,304,2090,68.68
76991,411,2852,93.68
85267,1617,2913,95.68
85267,1622,2913,95.68
20379,108,3459,113.68
20379,306,2791,91.68
20379,610,3459,113.68
20379,1105,1146,37.68
20379,1605,3459,113.68
20379,1609,3612,118.68
37562,307,1756,57.68
37562,411,3217,105.68
37562,426,1086,35.68
37562,916,2060,67.68
3094,1103,2941,96.68
3094,428,2455,80.68
3094,1110,2941,96.68
4161,304,1511,49.68
4161,305,1511,49.68
4161,1812,1998,65.68
4161,1817,2882,94.68
15070,306,1786,58.68
15070,708,3459,113.68
15070,1630,3643,119.68
15070,1803,1330,43.68
15070,1804,1330,43.68
82686,406,964,31.68
82686,1704,1633,53.68
6506,809,2029,66.68
6506,1622,2791,91.68
21561,305,1876,61.68
21561,710,1421,46.68
21561,1802,2941,96.68
60101,306,721,23.68
60101,1106,1086,35.68
60101,1111,721,23.68
60101,1812,3916,128.68
60101,1817,811,26.68
93605,306,933,30.68
93605,915,780,25.68
93605,916,780,25.68
93605,1614,4008,131.68
90442,1617,2333,76.68
74660,406,1299,42.68
74660,410,2029,66.68
74660,423,1025,33.68
83841,301,964,31.68
36428,202,1756,57.68
36428,1801,4282,140.68
51204,504,3459,113.68
51204,504,3459,113.68
51204,698,933,30.68
54597,102,1998,65.68
54597,205,1998,65.68
54597,305,5590,183.68
54597,306,5590,183.68
54597,428,4647,152.68
54597,714,5651,185.68
54597,915,1238,40.68
54597,1105,5012,164.68
54597,1113,1572,51.68
54597,1701,1907,62.68
54597,1703,3612,118.68
22,108,1937,63.68
22,304,933,30.68
22,305,1146,37.68
22,306,1146,37.68
22,708,1937,63.68
22,712,1937,63.68
81271,198,1115,36.68
81271,1815,3186,104.68
81495,305,1756,57.68
81495,412,1968,64.68
81495,914,2547,83.68
81495,1898,3368,110.68
12253,304,1360,44.68
12253,305,2151,70.68
12253,306,2455,80.68
56516,311,933,30.68
56516,398,933,30.68
72353,102,1633,53.68
72353,406,1633,53.68
72353,412,1268,41.68
72353,426,933,30.68
72353,712,1633,53.68
72353,1898,2699,88.68
81454,713,1025,33.68
81454,1605,1086,35.68
42332,428,1238,40.68
42332,432,994,32.68
42332,707,1238,40.68
42332,1110,2210,72.68
42332,1413,1268,41.68
42332,1614,4160,136.68
42332,1637,3064,100.68
18326,305,1391,45.68
18326,498,1391,45.68
18326,705,2394,78.68
18326,1801,2821,92.68
18326,1813,3582,117.68
35418,202,1786,58.68
35418,304,5163,169.68
35418,305,4160,136.68
35418,407,1115,36.68
35418,798,1360,44.68
35418,809,1391,45.68
35418,1117,2090,68.68
35418,1398,1817,59.68
35418,1801,4313,141.68
25705,1804,1817,59.68
86420,202,2151,70.68
21669,504,1480,48.68
21669,1801,4160,136.68
21669,1898,3977,130.68
56664,198,1725,56.68
56664,414,2425,79.68
56664,715,3612,118.68
56664,809,1055,34.68
56664,1005,2852,93.68
56664,1605,3612,118.68
56664,1617,4252,139.68
86400,798,841,27.68
86400,1617,1207,39.68
86796,102,1238,40.68
86796,202,1633,53.68
86796,205,994,32.68
86796,304,1360,44.68
86796,406,1207,39.68
86796,407,872,28.68
86796,426,1268,41.68
86796,429,872,28.68
86796,498,2182,71.68
86796,1105,1572,51.68
86796,1113,1238,40.68
86796,1898,1633,53.68
82645,202,2060,67.68
82645,203,2060,67.68
82645,1605,2791,91.68
82645,1616,1695,55.68
97295,1617,1603,52.68
87765,1619,3977,130.68
87765,1812,1238,40.68
94668,304,780,25.68
94668,307,780,25.68
94668,1617,1907,62.68
19727,101,6593,216.68
86118,108,2151,70.68
86118,304,2516,82.68
86118,305,1725,56.68
86118,426,1025,33.68
86118,604,902,29.68
32018,298,1086,35.68
83792,916,994,32.68
100986,1627,1421,46.68
94233,304,811,26.68
94233,305,811,26.68
94233,1701,1907,62.68
94233,1801,1756,57.68
4687,432,2455,80.68
84146,916,1025,33.68
26816,1113,872,28.68
81698,202,1968,64.68
81698,408,1968,64.68
81698,1118,964,31.68
81698,1798,872,28.68
81698,1898,3429,112.68
81698,1998,964,31.68
9363,1634,1268,41.68
15837,305,1633,53.68
25699,112,2333,76.68
25699,1215,1998,65.68
25699,1614,2302,75.68
25699,1633,2302,75.68
25699,1903,2210,72.68
25699,1904,2210,72.68
78140,298,994,32.68
78140,304,1480,48.68
78140,305,1480,48.68
78140,428,1055,34.68
78140,504,5194,170.68
78140,608,994,32.68
78140,1105,3064,100.68
78140,1113,3003,98.68
78140,1204,2182,71.68
78140,1211,994,32.68
78140,1312,1115,36.68
78140,1605,5132,168.68
78140,1617,4647,152.68
78140,1802,2913,95.68
78140,1812,4282,140.68
78140,1813,4586,150.68
62670,107,4068,133.68
62670,304,1086,35.68
62670,305,1086,35.68
79221,101,1055,34.68
79221,116,1360,44.68
79221,205,1055,34.68
79221,304,1055,34.68
79221,305,1055,34.68
79221,306,1360,44.68
79221,432,1664,54.68
79221,514,1055,34.68
79221,911,1055,34.68
79221,915,3916,128.68
79221,916,3916,128.68
79221,1601,1633,53.68
79221,1813,3855,126.68
79221,1817,1177,38.68
656,109,1452,47.68
656,305,1817,59.68
656,798,3156,103.68
656,1098,3886,127.68
656,1312,3186,104.68
656,1898,2394,78.68
4331,116,2090,68.68
4331,202,2090,68.68
4331,304,2090,68.68
4331,307,2090,68.68
4331,404,2090,68.68
4331,410,2090,68.68
4331,1113,2090,68.68
4331,1312,2029,66.68
4331,1605,2090,68.68
4331,1619,2121,69.68
36615,1813,964,31.68
22903,712,2425,79.68
22903,1304,1330,43.68
22903,1498,1207,39.68
14684,1801,1725,56.68
42098,202,1845,60.68
42098,498,1115,36.68
42098,1705,1238,40.68
56899,108,1330,43.68
7770,1598,3671,120.68
7770,804,3671,120.68
7770,1701,1421,46.68
7770,1798,1452,47.68
99180,1014,811,26.68
99180,1705,2516,82.68
80089,411,2425,79.68
85018,1801,2060,67.68
87440,102,1238,40.68
87440,202,1025,33.68
87440,304,902,29.68
87440,305,2090,68.68
87440,428,2455,80.68
87440,1105,2090,68.68
87440,1215,902,29.68
87440,1617,2363,77.68
87440,1622,2791,91.68
87440,1627,1115,36.68
87440,1634,2791,91.68
87440,1637,3733,122.68
87440,1640,2791,91.68
57850,713,1299,42.68
57850,1615,1480,48.68
83231,406,1786,58.68
83231,1112,2607,85.68
83231,1605,1115,36.68
55109,1305,1391,45.68
72115,304,933,30.68
72115,305,933,30.68
72115,1898,1055,34.68
101420,428,1391,45.68
101420,998,1086,35.68
101420,1113,1146,37.68
101420,1817,3247,106.68
91940,514,1998,65.68
91940,1105,1845,60.68
91940,1311,1998,65.68
40572,410,3886,127.68
40572,914,1664,54.68
40572,915,1238,40.68
40572,916,1664,54.68
40572,1013,4160,136.68
98886,108,780,25.68
98886,112,841,27.68
98886,504,872,28.68
11575,202,994,32.68
11575,305,2425,79.68
93919,428,1817,59.68
93919,1601,3582,117.68
93919,1817,2972,97.68
46350,1113,933,30.68
14705,107,3094,101.68
14705,109,4008,131.68
14705,304,2425,79.68
14705,306,3306,108.68
14705,914,1817,59.68
14705,1117,1756,57.68
14705,1801,3247,106.68
37279,305,749,24.68
37279,306,749,24.68
37279,1817,1968,64.68
62209,304,964,31.68
62209,915,2699,88.68
62209,1619,2699,88.68
62209,1798,872,28.68
62209,1810,2699,88.68
46197,313,2941,96.68
46197,1898,1238,40.68
44751,102,1542,50.68
44751,304,2638,86.68
44751,1704,4708,154.68
95984,421,1146,37.68
39837,305,1572,51.68
39837,307,1845,60.68
34904,304,1177,38.68
17734,1113,872,28.68
86694,305,1998,65.68
86694,307,1998,65.68
86694,504,1268,41.68
86694,1701,1845,60.68
83512,1801,1330,43.68
91165,108,841,27.68
91165,1609,872,28.68
91165,1634,841,27.68
61100,705,3459,113.68
61100,713,3306,108.68
61100,1113,2607,85.68
61100,1898,2699,88.68
91227,1198,2333,76.68
91227,1298,2333,76.68
91227,304,933,30.68
6108,1801,1725,56.68
88564,414,1207,39.68
88564,1801,2272,74.68
88564,1802,5194,170.68
68638,108,1876,61.68
68638,306,1786,58.68
68638,426,2121,69.68
68638,705,1756,57.68
81193,304,1480,48.68
81193,305,1480,48.68
81193,898,1817,59.68
81193,914,2060,67.68
21850,809,4708,154.68
67438,305,1238,40.68
67438,313,5012,164.68
67438,504,3398,111.68
67438,1198,1055,34.68
67438,1898,1055,34.68
102776,305,2272,74.68
102776,306,2302,75.68
99510,103,5498,180.68
99510,103,5438,178.68
99510,504,1268,41.68
47273,408,2668,87.68
47273,605,1817,59.68
90768,1605,841,27.68
13361,1598,2090,68.68
13361,411,964,31.68
103056,202,446,14.68
103056,405,1055,34.68
103056,406,1055,34.68
103056,407,1055,34.68
103056,412,1055,34.68
103056,426,1055,34.68
103056,712,1055,34.68
41377,305,1115,36.68
41377,504,1177,38.68
41377,1113,1055,34.68
41377,1805,1452,47.68
97456,498,2699,88.68
97456,605,2060,67.68
97456,610,2060,67.68
97456,712,2852,93.68
97456,1216,994,32.68
97456,1312,2852,93.68
97456,1617,1845,60.68
97456,1810,2913,95.68
97456,1998,2576,84.68
48175,426,3186,104.68
48175,705,3916,128.68
48175,1701,3916,128.68
60519,198,2972,97.68
60519,1113,1055,34.68
60519,1898,2972,97.68
94447,1637,780,25.68
18995,205,1177,38.68
18995,304,2455,80.68
18995,426,2882,94.68
18995,1113,2394,78.68
18995,1627,5316,174.68
48061,1617,1572,51.68
95630,304,1177,38.68
69219,206,994,32.68
69219,798,1146,37.68
69219,1113,2241,73.68
69219,1801,5163,169.68
97202,304,1238,40.68
97202,305,1238,40.68
97202,411,3459,113.68
97202,504,1299,42.68
97202,705,2821,92.68
97202,1609,2060,67.68
86658,1609,1452,47.68
86658,1622,1452,47.68
4227,304,660,21.68
4227,305,1452,47.68
4227,407,1086,35.68
4227,411,3429,112.68
4227,432,811,26.68
88029,428,2455,80.68
15866,313,2729,89.68
15866,411,1633,53.68
15866,1616,2638,86.68
15866,1637,2638,86.68
14083,205,1603,52.68
14083,306,872,28.68
14083,406,2607,85.68
14083,1106,4068,133.68
14083,1113,2241,73.68
14083,1198,4068,133.68
14083,1637,3337,109.68
14083,1801,2913,95.68
14083,1810,4037,132.68
71635,202,933,30.68
98255,411,1633,53.68
98255,432,660,21.68
98255,1312,872,28.68
98255,1901,872,28.68
17348,1617,1633,53.68
54549,1622,1756,57.68
54549,1637,1633,53.68
54549,1812,1725,56.68
72378,1698,2941,96.68
57701,306,2760,90.68
57701,1801,2882,94.68
40166,1616,1633,53.68
40166,1617,1391,45.68
40166,1622,1633,53.68
40166,1637,1633,53.68
40166,1640,1633,53.68
67510,916,2241,73.68
67510,1617,2241,73.68
67510,1804,2029,66.68
67510,1816,1968,64.68
35560,304,2729,89.68
35560,305,1268,41.68
35560,423,2729,89.68
35560,809,2333,76.68
35560,914,964,31.68
35560,916,994,32.68
35560,1109,2729,89.68
48390,305,933,30.68
48390,306,933,30.68
48390,1812,1025,33.68
48390,1813,1055,34.68
48390,1817,1360,44.68
76334,102,1360,44.68
76334,405,3459,113.68
76334,407,3521,115.68
76334,426,3521,115.68
76334,1113,1452,47.68
57498,203,2029,66.68
42820,206,1572,51.68
42820,1108,2972,97.68
42820,1110,3977,130.68
42820,1801,3094,101.68
56725,1619,1725,56.68
55337,112,2821,92.68
55337,426,3612,118.68
79722,306,1845,60.68
79722,428,933,30.68
79722,906,2913,95.68
79722,1106,1786,58.68
79722,1626,2882,94.68
79722,1627,2882,94.68
45133,108,3278,107.68
88108,1812,1817,59.68
92367,1627,811,26.68
71827,426,1664,54.68
98141,915,933,30.68
85363,1634,1025,33.68
31676,202,933,30.68
16074,304,2241,73.68
16074,313,4433,145.68
57924,1709,2821,92.68
58763,202,1055,34.68
58763,426,1086,35.68
58763,713,1055,34.68
58763,1617,994,32.68
58763,1812,1177,38.68
100828,405,537,17.68
100828,719,902,29.68
100828,1617,964,31.68
100828,1701,537,17.68
101185,116,1330,43.68
101185,398,1330,43.68
101185,504,1299,42.68
101185,612,1299,42.68
101185,898,749,24.68
101185,1205,507,16.68
101185,1703,1115,36.68
21074,1598,4464,146.68
21074,102,872,28.68
21074,108,872,28.68
21074,205,1115,36.68
21074,428,3337,109.68
21074,709,1480,48.68
21074,809,964,31.68
21074,1215,1633,53.68
21074,1407,1268,41.68
21074,1710,3551,116.68
21074,1802,3186,104.68
28485,1810,4617,151.68
28485,1813,1055,34.68
28485,1817,1238,40.68
35032,1801,1115,36.68
31697,304,1391,45.68
31697,1813,964,31.68
79470,504,1268,41.68
79470,304,1299,42.68
79470,305,1299,42.68
79470,1105,1025,33.68
79470,1616,1268,41.68
51944,1619,1695,55.68
12016,425,1542,50.68
12016,1812,2060,67.68
7724,1634,1299,42.68
46749,118,2972,97.68
46749,305,2576,84.68
46749,306,2576,84.68
46749,313,4739,155.68
46749,705,2029,66.68
46749,798,994,32.68
46749,914,2210,72.68
46749,1704,2913,95.68
46749,1801,1845,60.68
59718,504,2060,67.68
59718,1817,2425,79.68
60203,426,2090,68.68
60203,1017,1695,55.68
60203,1801,872,28.68
91686,1801,1086,35.68
74216,1701,902,29.68
79809,498,994,32.68
90205,298,902,29.68
90205,1111,1603,52.68
90205,1798,1633,53.68
15423,102,2090,68.68
15423,205,2455,80.68
15423,428,2821,92.68
15423,1812,6504,213.68
89076,203,1086,35.68
97266,504,964,31.68
97266,518,964,31.68
64754,428,3217,105.68
64754,1627,2760,90.68
1861,916,3186,104.68
88294,498,3306,108.68
88294,1105,2090,68.68
88294,1612,3521,115.68
98321,1617,780,25.68
73219,305,841,27.68
73219,306,841,27.68
73219,408,933,30.68
73219,1617,5316,174.68
75300,304,1146,37.68
75300,1117,2394,78.68
75300,1407,2394,78.68
75300,1622,2394,78.68
9820,432,1330,43.68
9820,1703,933,30.68
58088,498,994,32.68
30834,305,1086,35.68
30834,306,1086,35.68
30834,898,933,30.68
16891,504,4402,144.68
16891,915,964,31.68
16891,1112,3643,119.68
16891,1634,4402,144.68
16891,1637,4402,144.68
16891,1812,2182,71.68
94307,428,780,25.68
94307,1634,1695,55.68
94307,1812,721,23.68
81371,108,1055,34.68
81576,412,1207,39.68
81576,1803,1330,43.68
23941,1111,1177,38.68
23941,1605,3186,104.68
44269,705,1391,45.68
44269,1105,1937,63.68
44269,1638,2516,82.68
74119,306,568,18.68
74119,404,599,19.68
74119,423,599,19.68
74119,1812,660,21.68
81899,1805,1603,52.68
75765,411,902,29.68
75765,412,994,32.68
75765,423,1177,38.68
75765,426,1756,57.68
75765,709,1756,57.68
75765,712,1756,57.68
75765,719,1756,57.68
8740,1001,2576,84.68
8740,698,1115,36.68
8740,809,1817,59.68
8740,1098,2576,84.68
8740,1605,1177,38.68
8740,1998,1115,36.68
93983,202,933,30.68
93983,1105,933,30.68
93983,1898,933,30.68
93983,1905,811,26.68
69921,304,2090,68.68
69921,305,2090,68.68
69921,411,1025,33.68
34630,432,933,30.68
46150,305,994,32.68
46150,498,994,32.68
46150,1105,1756,57.68
46150,1113,994,32.68
46150,1605,3156,103.68
46150,1817,2455,80.68
46150,1898,1756,57.68
29731,1113,1907,62.68
29731,1117,2699,88.68
29731,1817,1725,56.68
91335,1698,1664,54.68
62640,102,2972,97.68
62640,109,3337,109.68
62640,201,2972,97.68
62640,305,3977,130.68
62640,1106,1998,65.68
62640,1801,2210,72.68
75855,809,1480,48.68
75855,1198,872,28.68
85414,998,4374,143.68
85414,916,933,30.68
85414,998,4374,143.68
85414,1098,4374,143.68
85414,1105,1360,44.68
36761,1637,2547,83.68
68727,1601,5073,166.68
68727,1605,4859,159.68
68727,1627,3459,113.68
52119,304,1115,36.68
52119,1605,2913,95.68
75410,498,2060,67.68
2685,108,3125,102.68
2685,428,3702,121.68
2685,430,4402,144.68
2685,1215,2972,97.68
2685,1816,1998,65.68
2685,1817,3186,104.68
60706,304,1299,42.68
60706,714,1086,35.68
84041,108,3643,119.68
84041,1817,933,30.68
27351,202,2455,80.68
27351,304,933,30.68
27351,405,1299,42.68
41493,916,1025,33.68
103473,108,721,23.68
103473,709,994,32.68
103473,1609,1268,41.68
103473,1812,476,15.68
87973,201,1511,49.68
87973,711,1146,37.68
84714,1704,2182,71.68
94516,108,721,23.68
94516,202,811,26.68
94516,426,690,22.68
94516,428,1572,51.68
94516,1601,690,22.68
94516,1698,3763,123.68
89879,1634,1542,50.68
85554,1619,1146,37.68
8327,198,1360,44.68
8327,298,1360,44.68
8327,304,1511,49.68
8327,305,1511,49.68
8327,498,1360,44.68
8327,608,1360,44.68
8327,914,1025,33.68
8327,1803,3855,126.68
19050,423,964,31.68
19050,719,1330,43.68
19050,1605,1695,55.68
19050,1817,1330,43.68
88261,306,994,32.68
88261,1703,872,28.68
37064,1598,2394,78.68
37064,304,1299,42.68
37064,415,1664,54.68
37064,429,1664,54.68
37064,706,902,29.68
37064,709,902,29.68
37064,713,872,28.68
37064,809,872,28.68
41072,1812,1421,46.68
48979,504,4099,134.68
48979,305,1421,46.68
48979,498,933,30.68
48979,713,3824,125.68
48979,798,2852,93.68
16543,101,3306,108.68
16543,510,2972,97.68
16543,1703,5377,176.68
16543,1803,1968,64.68
62703,1703,1572,51.68
54994,101,1725,56.68
54994,102,1725,56.68
54994,1307,1845,60.68
68851,405,1299,42.68
68851,412,2241,73.68
68851,426,2241,73.68
99735,504,1937,63.68
99735,504,1207,39.68
99735,1801,1542,50.68
15258,1113,872,28.68
15258,1801,933,30.68
89649,305,1115,36.68
89649,504,2302,75.68
89649,1801,2090,68.68
84992,202,872,28.68
84992,304,902,29.68
84992,432,902,29.68
84992,1622,872,28.68
84992,1805,1025,33.68
84992,1898,902,29.68
42123,1005,1817,59.68
42123,1627,3398,111.68
82003,915,3186,104.68
82003,1601,1146,37.68
66788,703,1480,48.68
66788,1001,1299,42.68
66788,411,964,31.68
66788,713,1238,40.68
59763,202,1299,42.68
59763,206,1299,42.68
59763,709,964,31.68
59763,1113,2241,73.68
59763,1703,1268,41.68
96714,498,811,26.68
84004,1809,1786,58.68
90486,304,5132,168.68
90486,305,1480,48.68
90486,504,872,28.68
90486,809,1603,52.68
4730,1198,2882,94.68
30285,1616,1633,53.68
30285,1617,1633,53.68
30285,1622,1452,47.68
30285,1627,1238,40.68
30285,1637,964,31.68
100259,205,721,23.68
100259,428,1725,56.68
100259,1112,2760,90.68
100259,1898,2760,90.68
69637,198,1817,59.68
69637,404,1146,37.68
69637,405,1146,37.68
69637,423,1146,37.68
69637,429,1146,37.68
69637,498,1146,37.68
69637,1816,964,31.68
95995,403,3337,109.68
95995,411,2455,80.68
95995,423,811,26.68
95995,711,1817,59.68
95995,915,1786,58.68
95995,1111,1998,65.68
95995,1210,1998,65.68
95995,1212,1786,58.68
50832,304,1177,38.68
50832,432,1025,33.68
50832,1601,3824,125.68
50832,1709,2729,89.68
11656,410,2151,70.68
11656,412,1238,40.68
11656,426,2272,74.68
11656,712,1268,41.68
11656,713,2210,72.68
11656,714,2060,67.68
35197,713,1299,42.68
35197,1809,1421,46.68
29193,1801,2455,80.68
37387,1113,964,31.68
11510,107,1968,64.68
11510,1616,1998,65.68
17901,1198,1330,43.68
17901,1605,1330,43.68
6778,313,3855,126.68
6778,1198,2029,66.68
6778,1801,2090,68.68
6778,1817,2791,91.68
50727,426,2486,81.68
50727,432,1238,40.68
50727,705,1937,63.68
50727,916,2791,91.68
50727,1617,2425,79.68
50727,1817,1725,56.68
92376,1640,2394,78.68
92376,1703,811,26.68
40157,202,3156,103.68
40157,406,1360,44.68
40157,1817,994,32.68
44215,427,2516,82.68
44215,1801,2638,86.68
89762,116,1268,41.68
89762,306,1268,41.68
100540,198,3824,125.68
63653,304,841,27.68
63653,307,841,27.68
63653,504,841,27.68
63653,1622,2363,77.68
63653,1805,2455,80.68
26800,426,1330,43.68
26800,713,1330,43.68
26800,1701,1756,57.68
10093,104,2090,68.68
10093,112,1086,35.68
10093,713,1360,44.68
10093,1312,1055,34.68
10093,1609,2821,92.68
10093,1630,3643,119.68
71674,304,994,32.68
71674,1812,1817,59.68
91658,1801,964,31.68
45593,426,1664,54.68
45593,430,1998,65.68
45593,1798,1664,54.68
77732,304,1330,43.68
77732,305,2121,69.68
77732,306,2121,69.68
77732,1110,841,27.68
77732,1113,841,27.68
102866,305,1055,34.68
102866,1810,2607,85.68
51335,423,3429,112.68
51335,1705,2821,92.68
10502,108,1572,51.68
10502,432,1360,44.68
10502,708,1542,50.68
10502,709,1542,50.68
10502,1605,1725,56.68
10502,1617,1480,48.68
10502,1637,1756,57.68
10502,1701,1086,35.68
10502,1704,1664,54.68
2357,1105,2272,74.68
96046,421,690,22.68
20533,202,902,29.68
20533,408,1299,42.68
20533,426,1299,42.68
20533,428,1025,33.68
20533,1605,933,30.68
20533,1812,1480,48.68
88449,203,1025,33.68
64945,202,1086,35.68
64945,1605,1391,45.68
64945,1617,1907,62.68
50732,1198,1238,40.68
50732,1605,1115,36.68
50732,1898,1238,40.68
21957,306,994,32.68
21957,1113,1876,61.68
18621,202,2668,87.68
18621,298,3671,120.68
18621,1898,3459,113.68
94600,1617,1695,55.68
31768,411,3459,113.68
31768,426,1268,41.68
31768,1698,2821,92.68
31768,1816,2151,70.68
54241,202,994,32.68
49847,412,3947,129.68
13698,504,1968,64.68
13698,704,5377,176.68
13698,304,2333,76.68
13698,305,2333,76.68
13698,504,2333,76.68
13698,914,3156,103.68
13698,916,994,32.68
13698,1112,1511,49.68
13698,1804,5163,169.68
980,998,1268,41.68
980,1198,2486,81.68
980,498,964,31.68
980,916,964,31.68
980,1117,2486,81.68
980,1617,2060,67.68
102361,1705,1025,33.68
15246,304,3916,128.68
15246,1205,2455,80.68
99885,305,1817,59.68
99885,306,3003,98.68
99885,504,2547,83.68
99885,512,933,30.68
99885,720,629,20.68
99885,908,1025,33.68
99885,1701,2638,86.68
54456,1630,1238,40.68
81959,1634,1146,37.68
73766,1198,4586,150.68
73766,612,4617,151.68
99082,305,1146,37.68
99082,504,660,21.68
97586,426,1238,40.68
97586,1816,1055,34.68
97586,1898,964,31.68
90681,1105,1115,36.68
40368,398,1207,39.68
40368,1801,1146,37.68
69035,426,933,30.68
18589,202,3794,124.68
18589,1802,3643,119.68
18589,1817,933,30.68
98172,202,780,25.68
98172,708,690,22.68
98172,709,690,22.68
98172,713,780,25.68
98172,1617,1421,46.68
80047,202,1603,52.68
80047,1817,1025,33.68
77392,1801,1786,58.68
77392,1809,902,29.68
77392,1813,1055,34.68
77392,1816,1421,46.68
77392,1817,1177,38.68
73095,1605,1603,52.68
73095,1812,964,31.68
62238,809,872,28.68
62238,1619,1756,57.68
62238,1701,1603,52.68
62238,1817,1725,56.68
9944,1634,2302,75.68
77917,305,1268,41.68
77917,504,1421,46.68
77917,605,1511,49.68
69266,304,964,31.68
69266,305,964,31.68
69266,306,964,31.68
69266,307,964,31.68
69266,898,964,31.68
62396,426,7355,241.68
62396,606,7355,241.68
17510,109,902,29.68
17510,1298,2941,96.68
17510,1801,3033,99.68
100562,202,780,25.68
100562,304,721,23.68
57485,429,1480,48.68
57485,1801,3186,104.68
80376,415,1268,41.68
83499,404,1817,59.68
83499,423,1817,59.68
49208,305,872,28.68
49208,713,1968,64.68
49208,1113,872,28.68
73791,107,3247,106.68
73791,305,1146,37.68
73791,428,3125,102.68
73791,1701,4099,134.68
76322,713,1177,38.68
76322,1798,1177,38.68
78115,398,1299,42.68
78115,423,2394,78.68
78115,713,1725,56.68
78115,1113,1086,35.68
78115,1813,2151,70.68
59992,410,841,27.68
59992,411,841,27.68
86454,102,902,29.68
86454,304,1207,39.68
86454,305,1207,39.68
86454,306,1207,39.68
86454,307,1207,39.68
86454,908,1025,33.68
86454,916,902,29.68
4013,1617,1391,45.68
62704,1106,1146,37.68
686,108,2425,79.68
686,709,2029,66.68
59698,1813,902,29.68
98184,102,872,28.68
98184,298,872,28.68
98184,304,872,28.68
98184,512,872,28.68
98184,612,872,28.68
98184,1104,872,28.68
95865,304,1421,46.68
95865,714,3094,101.68
71036,304,1146,37.68
71036,809,2060,67.68
2284,304,3398,111.68
2284,428,1330,43.68
2284,1113,2455,80.68
2284,1312,3398,111.68
2284,1622,3278,107.68
2284,1640,3398,111.68
2284,1812,1725,56.68
2284,1816,2090,68.68
55001,304,2607,85.68
55001,305,2607,85.68
55001,713,5529,181.68
8967,1105,1025,33.68
54433,201,3643,119.68
100597,298,629,20.68
100597,1215,629,20.68
100597,1709,629,20.68
52053,114,1299,42.68
52053,120,1299,42.68
52053,1312,1786,58.68
16591,423,1937,63.68
16591,432,994,32.68
16591,504,1937,63.68
16591,510,1937,63.68
16591,511,1968,64.68
16591,519,1786,58.68
16591,1105,1968,64.68
16591,1609,2668,87.68
16591,1616,2668,87.68
16591,1622,1633,53.68
16591,1634,2333,76.68
16591,1801,2060,67.68
16591,1817,2516,82.68
17867,304,1025,33.68
17867,713,3064,100.68
91613,198,2821,92.68
91613,205,1725,56.68
91613,304,3551,116.68
91613,305,1360,44.68
91613,915,2272,74.68
91613,1113,994,32.68
66654,202,964,31.68
66654,206,2029,66.68
66654,304,1146,37.68
66654,406,872,28.68
66654,407,933,30.68
66654,426,1025,33.68
66654,432,1695,55.68
66654,712,4160,136.68
66654,1113,1330,43.68
66654,1215,3763,123.68
66654,1617,5469,179.68
66654,1628,2090,68.68
66654,1634,4678,153.68
50487,101,1725,56.68
50487,201,1725,56.68
80929,306,1146,37.68
80929,432,1695,55.68
91494,201,1115,36.68
91494,305,994,32.68
91494,306,994,32.68
25066,428,2516,82.68
62571,1898,1330,43.68
14945,1117,2972,97.68
14945,1804,3916,128.68
81551,305,1055,34.68
81551,411,1633,53.68
81551,426,1998,65.68
81551,1619,2241,73.68
41155,704,1572,51.68
2484,1304,3217,105.68
85284,1801,1207,39.68
36835,305,2455,80.68
36835,915,1603,52.68
27128,1619,3916,128.68
27128,1627,3643,119.68
34004,426,1542,50.68
34004,504,933,30.68
34004,708,933,30.68
34004,1617,1786,58.68
34004,1637,1786,58.68
7735,305,1115,36.68
7735,1014,3398,111.68
79682,108,1025,33.68
79682,1704,3977,130.68
85457,998,3398,111.68
85457,1398,3398,111.68
85457,304,1177,38.68
85457,305,1177,38.68
85457,998,3398,111.68
85457,1108,933,30.68
85457,1109,933,30.68
85457,1117,933,30.68
85457,1398,3398,111.68
100036,202,994,32.68
100036,412,994,32.68
100036,1605,1025,33.68
100036,1622,902,29.68
87649,307,2060,67.68
87649,1616,1633,53.68
73557,1614,1177,38.68
73557,1622,1238,40.68
37732,102,1146,37.68
37732,107,1876,61.68
37732,201,1968,64.68
37732,203,1968,64.68
37732,304,902,29.68
37732,305,1876,61.68
37732,428,1876,61.68
37732,504,1207,39.68
37732,512,1207,39.68
37732,1215,4829,158.68
63920,1817,1330,43.68
72786,198,1664,54.68
72786,202,2394,78.68
72786,203,2394,78.68
72786,307,3094,101.68
72786,406,6443,211.68
72786,407,1725,56.68
72786,411,933,30.68
72786,423,2791,91.68
72786,426,2760,90.68
72786,698,7842,257.68
72786,1801,3064,100.68
89106,1630,3490,114.68
65864,306,994,32.68
65864,1215,2151,70.68
62974,1312,2455,80.68
62818,1198,1633,53.68
62818,1622,1664,54.68
62818,1637,1238,40.68
62818,1640,1664,54.68
62818,1801,1055,34.68
49594,914,933,30.68
82514,102,1603,52.68
82514,304,1603,52.68
82514,916,1421,46.68
21591,116,1725,56.68
21591,304,1572,51.68
21591,305,1937,63.68
80475,1622,1542,50.68
89120,307,872,28.68
91745,432,811,26.68
59510,306,1360,44.68
59510,412,2425,79.68
90496,428,1055,34.68
90496,1601,4678,153.68
90496,1637,3612,118.68
90496,1801,1725,56.68
90496,1802,3125,102.68
70714,305,1268,41.68
86614,705,1115,36.68
88558,310,2516,82.68
88558,405,2882,94.68
88558,412,3612,118.68
88558,423,2882,94.68
88558,1198,2882,94.68
88558,1601,2151,70.68
13097,1605,1907,62.68
99001,1801,660,21.68
99001,1817,690,22.68
8660,206,1207,39.68
8660,304,1725,56.68
8660,798,2425,79.68
282,203,994,32.68
282,304,1452,47.68
282,305,2090,68.68
282,423,1725,56.68
282,1804,1086,35.68
38280,304,2121,69.68
38280,305,1452,47.68
38280,307,2882,94.68
38280,411,3094,101.68
11760,102,1391,45.68
11760,201,2972,97.68
11760,305,1086,35.68
11760,504,2241,73.68
85858,306,1207,39.68
85858,407,994,32.68
87591,304,1695,55.68
87591,306,1695,55.68
87591,512,1115,36.68
87591,809,3702,121.68
87591,1709,872,28.68
88210,708,1725,56.68
88210,1617,3582,117.68
100087,712,599,19.68
43472,713,1146,37.68
43472,1703,1086,35.68
24143,504,5774,189.68
24143,304,4647,152.68
24143,504,5894,193.68
24143,1112,4647,152.68
24143,1309,1146,37.68
97186,1609,1756,57.68
73306,102,1725,56.68
73306,1612,6930,227.68
73306,1622,6930,227.68
73306,1634,6930,227.68
73306,1637,6930,227.68
30282,412,1086,35.68
30282,426,1480,48.68
30282,809,2241,73.68
30282,1617,2547,83.68
35839,1617,2272,74.68
37097,1113,1998,65.68
72453,202,933,30.68
72453,423,1146,37.68
100212,306,690,22.68
100212,1605,4708,154.68
100212,1813,4313,141.68
3527,201,1299,42.68
3527,304,1391,45.68
3527,313,4008,131.68
3527,404,933,30.68
3527,407,933,30.68
3527,412,4374,143.68
3527,423,933,30.68
3527,504,1968,64.68
3527,510,1968,64.68
3527,511,1968,64.68
3527,519,1968,64.68
3527,720,2394,78.68
3527,1105,1664,54.68
3527,1108,1633,53.68
3527,1628,4374,143.68
50666,423,933,30.68
8684,708,1330,43.68
8684,1801,1207,39.68
61053,1801,1603,52.68
3584,102,1511,49.68
3584,109,964,31.68
3584,116,2607,85.68
3584,205,1876,61.68
3584,305,902,29.68
3584,1312,2972,97.68
3584,1612,5955,195.68
52941,1112,2729,89.68
52941,1798,5316,174.68
101964,304,2090,68.68
101964,898,2090,68.68
101964,915,780,25.68
101964,916,780,25.68
101964,1111,1025,33.68
101964,1112,1025,33.68
101964,1113,1025,33.68
101964,1904,4739,155.68
98100,404,690,22.68
98100,1016,1452,47.68
98100,1701,3521,115.68
55272,504,3186,104.68
55272,304,1330,43.68
55272,404,3459,113.68
55272,504,3186,104.68
15806,504,5469,179.68
15806,202,4708,154.68
15806,411,1664,54.68
15806,426,4708,154.68
15806,428,2241,73.68
15806,504,5469,179.68
15806,1113,629,20.68
66221,414,902,29.68
66221,1601,4586,150.68
66221,1812,3003,98.68
24271,108,2760,90.68
24271,405,933,30.68
70044,909,964,31.68
69820,304,2972,97.68
69820,1118,1207,39.68
85480,202,872,28.68
85480,411,841,27.68
85480,426,2729,89.68
85480,428,994,32.68
85480,432,1086,35.68
85480,708,1207,39.68
85480,712,1207,39.68
85480,719,2729,89.68
85480,1609,2791,91.68
85480,1622,2791,91.68
46893,1118,1391,45.68
46893,1619,4402,144.68
90319,201,1786,58.68
90319,205,1786,58.68
90319,304,3671,120.68
90319,305,3671,120.68
90319,310,3671,120.68
93262,202,4555,149.68
93262,206,3186,104.68
93262,304,1391,45.68
93262,411,2699,88.68
93262,426,4525,148.68
57182,206,2182,71.68
57182,410,1025,33.68
57182,504,1330,43.68
56496,801,2791,91.68
56496,801,2972,97.68
101073,1609,964,31.68
101073,1703,902,29.68
101073,1704,721,23.68
95163,709,964,31.68
95163,713,1055,34.68
95163,1605,964,31.68
95163,1637,1177,38.68
89740,1810,4708,154.68
73403,304,1360,44.68
86148,415,2090,68.68
86148,1106,2821,92.68
86148,1113,2821,92.68
86148,1701,1542,50.68
86148,1798,1542,50.68
65936,1001,1817,59.68
65936,306,841,27.68
65936,313,1907,62.68
65936,504,1421,46.68
5759,1810,1268,41.68
56277,304,902,29.68
47903,305,1664,54.68
47903,1105,1603,52.68
70014,306,1238,40.68
70014,498,1025,33.68
65151,1812,2363,77.68
65151,1817,1876,61.68
65151,1898,2182,71.68
97380,306,2852,93.68
97380,1113,2852,93.68
97380,1801,964,31.68
97380,1810,4068,133.68
33634,104,1146,37.68
33634,202,1086,35.68
33634,304,1146,37.68
33634,404,1115,36.68
33634,809,2333,76.68
33634,1106,994,32.68
33634,1305,2333,76.68
33634,1809,1115,36.68
91853,504,1025,33.68
36657,103,1511,49.68
36657,305,1421,46.68
36657,306,1817,59.68
36657,307,1817,59.68
4575,705,1238,40.68
4575,1622,1299,42.68
44219,1634,1177,38.68
55012,202,902,29.68
26835,102,1876,61.68
26835,198,1876,61.68
26835,304,1876,61.68
26835,305,1876,61.68
26835,504,1511,49.68
26835,705,994,32.68
26835,1113,2241,73.68
26835,1215,2972,97.68
84061,426,1421,46.68
85182,1634,1238,40.68
65222,206,1330,43.68
30620,304,2060,67.68
30620,1617,2516,82.68
45894,1105,1207,39.68
45894,1312,1299,42.68
45894,1622,3247,106.68
45894,1801,3156,103.68
45894,1812,2729,89.68
45894,1817,1664,54.68
45894,1898,1207,39.68
56188,403,2060,67.68
56188,411,1360,44.68
56188,1011,1207,39.68
28455,304,994,32.68
28455,305,994,32.68
10353,305,2547,83.68
10353,398,2547,83.68
10353,407,964,31.68
10353,1113,872,28.68
71989,304,3094,101.68
71989,709,1330,43.68
71989,1113,1572,51.68
71989,1812,2455,80.68
30163,1117,1025,33.68
12411,426,6169,202.68
12411,428,3337,109.68
12411,429,2760,90.68
12411,432,4494,147.68
12411,809,1511,49.68
12411,1198,5073,166.68
12411,1617,6047,198.68
12411,1627,5682,186.68
12411,1633,5682,186.68
12411,1809,2516,82.68
12411,1816,3763,123.68
72030,306,2121,69.68
72030,430,3643,119.68
72030,718,2668,87.68
72030,1119,1937,63.68
72030,1617,3429,112.68
72030,1698,3643,119.68
72030,1898,1937,63.68
85592,203,2425,79.68
85592,809,3398,111.68
85592,1617,3429,112.68
46785,1609,2516,82.68
46785,1617,2516,82.68
19704,201,1664,54.68
19704,1801,1511,49.68
65417,202,1115,36.68
65417,1809,1391,45.68
47191,409,5043,165.68
47191,1216,1299,42.68
47191,1801,2699,88.68
47191,1902,5043,165.68
81877,298,1845,60.68
81877,1605,2363,77.68
81877,1698,1845,60.68
66075,1601,1360,44.68
46682,304,1086,35.68
46682,421,2486,81.68
46682,426,2486,81.68
46682,713,2425,79.68
46682,915,2241,73.68
46682,1198,2699,88.68
46682,1614,1664,54.68
66552,1617,2486,81.68
90522,1617,1845,60.68
90522,1634,1695,55.68
37590,304,964,31.68
37590,415,2182,71.68
37590,504,964,31.68
83595,202,2607,85.68
83595,406,1786,58.68
83595,426,1786,58.68
83595,1605,2699,88.68
83595,1801,2182,71.68
83595,1816,2972,97.68
83595,1898,2760,90.68
84412,1198,2729,89.68
84412,605,2729,89.68
84412,1112,2729,89.68
17934,914,1299,42.68
55836,604,1055,34.68
55836,610,1055,34.68
15110,1634,2394,78.68
15110,1816,1330,43.68
46696,1117,2455,80.68
46696,1605,2821,92.68
46696,1898,2547,83.68
56604,426,964,31.68
56604,1812,933,30.68
94911,424,2455,80.68
94911,1108,1998,65.68
94911,1110,1998,65.68
14759,916,2455,80.68
14759,1113,1238,40.68
14759,1627,4494,147.68
14759,1637,2638,86.68
14759,1708,1968,64.68
14759,1804,4678,153.68
21507,1813,1086,35.68
19854,203,1025,33.68
61496,304,964,31.68
61496,1812,1360,44.68
61496,1817,1391,45.68
100992,426,1786,58.68
100992,432,1025,33.68
100992,1605,1756,57.68
100992,1701,1086,35.68
52072,403,3551,116.68
52072,704,3551,116.68
52072,404,2668,87.68
52072,405,2668,87.68
52072,407,2668,87.68
52072,412,2668,87.68
52072,423,2668,87.68
52072,426,2668,87.68
52072,708,3003,98.68
52072,709,3003,98.68
52072,712,2668,87.68
52072,713,2182,71.68
52072,809,1177,38.68
52072,1109,1725,56.68
52072,1113,1725,56.68
52072,1304,994,32.68
52072,1701,2486,81.68
52072,1804,1725,56.68
31817,102,1633,53.68
31817,304,3429,112.68
31817,305,2121,69.68
31817,306,2121,69.68
31817,415,3094,101.68
31817,430,3337,109.68
31817,432,1025,33.68
31817,504,1998,65.68
31817,714,994,32.68
31817,1617,3429,112.68
31817,1798,3337,109.68
31817,1903,1268,41.68
83124,304,2607,85.68
83124,504,1876,61.68
83124,708,1876,61.68
83124,712,1876,61.68
83124,1198,3337,109.68
83124,1605,2972,97.68
11892,1617,1907,62.68
11892,1817,1360,44.68
85456,1704,1421,46.68
651,116,2241,73.68
651,304,2210,72.68
651,305,2210,72.68
651,307,2210,72.68
651,405,2729,89.68
651,809,1055,34.68
651,914,1998,65.68
651,1117,3247,106.68
4734,305,1360,44.68
4734,914,2821,92.68
4734,1798,3916,128.68
76731,1119,902,29.68
46866,1111,2272,74.68
46866,1605,2852,93.68
88125,304,3582,117.68
88125,305,3582,117.68
88125,504,3947,129.68
88125,1312,3702,121.68
88125,1805,4160,136.68
88125,1898,4160,136.68
84332,428,2516,82.68
84332,604,1146,37.68
84332,605,1146,37.68
84332,610,933,30.68
84332,611,841,27.68
84332,1616,2516,82.68
4989,405,4586,150.68
4989,426,4586,150.68
4989,1816,1876,61.68
49578,428,964,31.68
7196,102,3702,121.68
7196,111,4433,145.68
7196,1204,2182,71.68
7196,1304,3643,119.68
7196,1305,3671,120.68
7196,1701,5743,188.68
7196,1998,3612,118.68
95114,428,1725,56.68
95114,498,780,25.68
95114,1640,3521,115.68
95114,1704,3337,109.68
95114,1801,2241,73.68
4209,1109,1786,58.68
4209,1817,1480,48.68
99200,109,994,32.68
99200,112,994,32.68
99200,198,994,32.68
99200,304,2394,78.68
99200,432,841,27.68
99200,713,1146,37.68
99200,1214,2852,93.68
99200,1312,2882,94.68
99200,1801,1725,56.68
78377,304,1786,58.68
78377,306,1786,58.68
78377,423,2394,78.68
78377,429,2394,78.68
78377,432,3217,105.68
78377,504,1146,37.68
78377,511,1086,35.68
78377,512,1086,35.68
78377,514,1086,35.68
78377,605,1115,36.68
78377,908,994,32.68
78377,1113,2394,78.68
56763,428,1360,44.68
56763,1798,1480,48.68
56763,1816,1725,56.68
94947,102,2394,78.68
94947,306,4982,163.68
94947,414,1511,49.68
94947,510,1268,41.68
94947,519,1268,41.68
94947,809,1025,33.68
94947,915,3551,116.68
94947,1312,2972,97.68
94947,1618,1086,35.68
94947,1627,4617,151.68
94947,1801,2791,91.68
94947,1817,4037,132.68
98902,101,1025,33.68
98902,205,1025,33.68
98902,305,1177,38.68
98902,512,1511,49.68
26497,429,4525,148.68
69375,405,1299,42.68
69375,1617,1360,44.68
69375,1801,1055,34.68
6761,306,3094,101.68
6761,428,2363,77.68
6761,510,1633,53.68
6761,709,3094,101.68
33204,1105,3247,106.68
33204,1198,2852,93.68
33204,1709,3582,117.68
77343,1105,2090,68.68
77343,1801,2333,76.68
79084,713,1299,42.68
79084,1701,1086,35.68
84683,705,1055,34.68
84683,1816,1268,41.68
84683,1898,1238,40.68
48183,411,2638,86.68
48183,1637,2607,85.68
49916,304,1055,34.68
49916,305,1391,45.68
79577,1098,1756,57.68
79577,1114,1817,59.68
65274,798,3368,110.68
65274,705,3368,110.68
65274,708,3368,110.68
65274,809,3368,110.68
100162,313,721,23.68
100162,1627,629,20.68
86922,1198,1572,51.68
86922,1813,1391,45.68
76129,205,811,26.68
76129,1205,933,30.68
76129,1312,933,30.68
76129,1815,4647,152.68
92710,206,1817,59.68
92710,1105,4798,157.68
92710,1112,1025,33.68
92710,1701,3368,110.68
29486,914,1664,54.68
29486,916,1664,54.68
89147,304,1268,41.68
89147,1113,2455,80.68
102514,201,3916,128.68
102514,303,3824,125.68
102514,120,2455,80.68
102514,305,1664,54.68
102514,428,1998,65.68
102514,708,446,14.68
102514,709,446,14.68
102514,1701,3125,102.68
102514,1801,3947,129.68
3479,198,1725,56.68
3479,1637,1421,46.68
9673,1117,1633,53.68
48449,705,2151,70.68
48449,1215,1268,41.68
50940,504,4068,133.68
50940,108,1756,57.68
50940,206,2060,67.68
50940,304,1025,33.68
50940,305,4678,153.68
50940,306,5408,177.68
50940,504,4068,133.68
50940,1113,1086,35.68
50940,1605,5377,176.68
50940,1627,4647,152.68
50940,1701,5560,182.68
50940,1801,4068,133.68
50940,1812,6139,201.68
50940,1898,4068,133.68
90193,1017,1238,40.68
24375,304,5104,167.68
24375,305,5104,167.68
24375,307,5104,167.68
24375,1215,4525,148.68
24375,1801,1725,56.68
1334,411,1025,33.68
1334,1619,1391,45.68
1334,1898,902,29.68
78452,313,1572,51.68
67080,504,1756,57.68
67080,512,1756,57.68
67080,1801,2151,70.68
13417,202,1817,59.68
34323,407,1268,41.68
34323,1117,994,32.68
34323,1630,1360,44.68
31830,305,1786,58.68
31830,1805,4767,156.68
86178,405,3003,98.68
86178,412,3003,98.68
86178,1204,1238,40.68
86178,1215,1268,41.68
7488,430,4767,156.68
41216,423,1207,39.68
41216,426,1207,39.68
71246,410,1146,37.68
71246,411,1146,37.68
71246,1198,1146,37.68
12800,1198,1664,54.68
12800,304,2607,85.68
12800,1111,1025,33.68
12800,1113,1664,54.68
12800,1312,3977,130.68
12800,1701,1572,51.68
92624,428,841,27.68
96456,102,1452,47.68
96456,201,1817,59.68
96456,513,4739,155.68
96456,914,2729,89.68
96456,915,1086,35.68
96456,1198,2852,93.68
96456,1801,6473,212.68
56300,1810,1968,64.68
21015,304,872,28.68
21015,305,872,28.68
21015,307,872,28.68
21015,1215,3916,128.68
60990,412,1664,54.68
60990,423,1664,54.68
60990,1113,1664,54.68
60990,1605,1633,53.68
89869,1701,1025,33.68
12828,304,1937,63.68
12828,305,1937,63.68
12828,307,1937,63.68
12828,313,1937,63.68
12828,1198,1055,34.68
56896,202,1025,33.68
56896,426,1055,34.68
56896,1215,4647,152.68
56896,1637,1268,41.68
56896,1801,1452,47.68
56896,1806,2182,71.68
24540,1634,1664,54.68
24540,1705,1695,55.68
24540,1801,1055,34.68
32519,116,1756,57.68
32519,205,1086,35.68
32519,304,1177,38.68
32519,432,4647,152.68
32519,916,1391,45.68
32519,1113,1238,40.68
32519,1612,4678,153.68
32519,1701,4252,139.68
53875,426,1086,35.68
53875,504,2486,81.68
53875,1113,4313,141.68
53875,1306,4678,153.68
53875,1627,2090,68.68
53875,1802,1330,43.68
19837,102,1542,50.68
19837,305,1086,35.68
19837,309,1086,35.68
19837,713,1817,59.68
19837,1698,5713,187.68
4309,705,964,31.68
4309,1113,2241,73.68
4309,1117,3855,126.68
4309,1637,3947,129.68
4309,1801,2182,71.68
4309,1817,2425,79.68
88000,430,994,32.68
61083,105,1756,57.68
61083,1705,1572,51.68
41305,202,2182,71.68
41305,304,2363,77.68
41305,428,2363,77.68
41305,712,2182,71.68
41305,1113,1115,36.68
41305,1798,3459,113.68
41305,1801,3033,99.68
31387,305,1360,44.68
31387,306,2394,78.68
31387,423,1146,37.68
51058,1110,3459,113.68
51058,1609,1360,44.68
51058,1623,3671,120.68
57519,303,1786,58.68
57519,305,1786,58.68
57519,310,1786,58.68
57519,1605,1725,56.68
4017,426,994,32.68
7460,1298,5986,196.68
7460,202,5986,196.68
7460,304,5986,196.68
7460,1198,2852,93.68
7460,1215,5986,196.68
7460,1216,1480,48.68
74325,201,1086,35.68
74325,428,4739,155.68
74325,504,933,30.68
76742,398,933,30.68
76742,504,1299,42.68
76742,911,1299,42.68
76742,1619,4343,142.68
76742,1798,2151,70.68
90622,1112,872,28.68
90622,1113,872,28.68
90622,1627,2029,66.68
90622,1803,872,28.68
90622,1817,1511,49.68
43061,101,1845,60.68
43061,1809,1845,60.68
43061,1898,1845,60.68
49090,202,964,31.68
49090,405,1115,36.68
49090,406,1115,36.68
49090,408,1115,36.68
49090,410,1115,36.68
49090,412,1115,36.68
49090,423,1115,36.68
49090,1616,5012,164.68
49090,1637,3003,98.68
94636,713,841,27.68
94636,1637,811,26.68
94636,1640,811,26.68
78739,1704,1452,47.68
35781,1627,2151,70.68
71781,405,1055,34.68
71781,423,1055,34.68
71781,1903,994,32.68
41202,206,1330,43.68
29411,705,2151,70.68
29411,1630,2760,90.68
39257,1001,3064,100.68
39257,598,2729,89.68
79478,102,2121,69.68
79478,198,2121,69.68
79478,426,1786,58.68
79478,713,2394,78.68
95155,102,902,29.68
95155,205,2972,97.68
95155,304,2972,97.68
95155,1113,2241,73.68
95155,1636,4464,146.68
95155,1705,5224,171.68
51272,602,964,31.68
51272,1817,902,29.68
58030,206,2333,76.68
58030,1617,5377,176.68
58030,1637,4252,139.68
58030,1801,3368,110.68
35459,109,2729,89.68
35459,306,1055,34.68
35459,1407,811,26.68
62920,798,1817,59.68
30329,304,1268,41.68
30329,1801,1725,56.68
76648,201,3551,116.68
76648,304,1664,54.68
76648,423,3490,114.68
76648,426,2913,95.68
76648,1605,1238,40.68
76648,1627,2486,81.68
76648,1801,3490,114.68
76648,1817,1146,37.68
88047,304,1025,33.68
88047,718,1786,58.68
16000,406,2913,95.68
16000,426,2913,95.68
16000,1105,1452,47.68
16000,1113,1086,35.68
27736,102,1695,55.68
27736,205,1695,55.68
27736,304,5347,175.68
27736,432,4617,151.68
27736,504,5285,173.68
27736,1205,1695,55.68
27736,1619,6139,201.68
27736,1701,5743,188.68
27736,1801,5377,176.68
61977,602,3733,122.68
73464,305,1146,37.68
73464,407,964,31.68
24440,306,3337,109.68
24440,1801,1207,39.68
73947,202,841,27.68
73947,206,1086,35.68
73947,304,841,27.68
73947,307,841,27.68
73947,809,1603,52.68
73947,1106,3033,99.68
73947,1110,3763,123.68
73947,1113,3337,109.68
73947,1801,1055,34.68
30718,102,1633,53.68
30718,304,2729,89.68
30718,305,1268,41.68
41757,504,2455,80.68
97285,108,1330,43.68
97285,1605,1268,41.68
97285,1801,1177,38.68
93767,1605,841,27.68
27539,109,3278,107.68
27539,202,1268,41.68
27539,305,4647,152.68
27539,310,4739,155.68
27539,406,994,32.68
27539,426,1360,44.68
27539,1106,2060,67.68
27539,1110,4282,140.68
27539,1112,964,31.68
27539,1113,2182,71.68
27539,1803,4798,157.68
65265,410,1055,34.68
65265,705,1025,33.68
74401,304,1633,53.68
74401,1705,2882,94.68
74401,1898,4464,146.68
32378,201,1421,46.68
32378,305,3278,107.68
32378,906,994,32.68
32378,915,1511,49.68
32378,916,994,32.68
32378,1113,1664,54.68
32378,1205,1360,44.68
13474,916,872,28.68
13474,1113,872,28.68
13474,1215,3824,125.68
9013,201,1115,36.68
9013,202,1845,60.68
9013,313,5498,180.68
9013,514,1480,48.68
30578,304,2791,91.68
30578,305,1695,55.68
30578,1198,1360,44.68
30578,1803,3916,128.68
30578,1804,3916,128.68
30578,1898,3702,121.68
32554,398,5012,164.68
32554,304,690,22.68
32554,305,690,22.68
32554,306,690,22.68
32554,313,5012,164.68
32554,423,2151,70.68
32554,809,1360,44.68
56637,102,1937,63.68
56637,104,1937,63.68
56637,305,2760,90.68
56637,404,1025,33.68
56637,407,2241,73.68
56637,432,2060,67.68
56637,805,1542,50.68
56637,809,1542,50.68
56637,1215,3033,99.68
56637,1305,1907,62.68
56637,1307,1907,62.68
56637,1312,933,30.68
56637,1605,1177,38.68
56637,1627,2060,67.68
7151,426,1360,44.68
7151,1812,1756,57.68
7151,1817,2151,70.68
50426,202,2029,66.68
50426,405,1664,54.68
3604,1113,1756,57.68
12437,304,1998,65.68
12437,305,1452,47.68
12437,307,872,28.68
12437,404,2241,73.68
12437,1801,1542,50.68
39125,914,1937,63.68
39125,1701,1664,54.68
102406,411,476,15.68
102406,1605,1238,40.68
102406,1634,1238,40.68
102406,1637,1238,40.68
44017,102,1937,63.68
44017,202,4555,149.68
44017,305,2729,89.68
44017,604,1025,33.68
44017,1305,1115,36.68
90130,1810,11587,380.68
14585,202,1268,41.68
17665,202,994,32.68
17665,1701,1330,43.68
90283,304,964,31.68
90283,998,841,27.68
90283,1619,964,31.68
61458,101,1511,49.68
61458,104,3337,109.68
61458,115,4221,138.68
61458,201,1511,49.68
61458,202,2972,97.68
61458,304,994,32.68
61458,407,2972,97.68
61458,424,2972,97.68
61458,428,3337,109.68
61458,708,2972,97.68
61458,714,1086,35.68
61458,1105,2241,73.68
61458,1305,1025,33.68
27877,107,3217,105.68
27877,1113,994,32.68
85901,108,933,30.68
85901,304,1360,44.68
85901,305,994,32.68
85901,405,2241,73.68
85901,408,2241,73.68
85901,424,1391,45.68
85901,1113,1695,55.68
85901,1605,2394,78.68
85901,1617,2394,78.68
85901,1628,1391,45.68
85901,1805,1664,54.68
85901,1817,1664,54.68
52059,108,2029,66.68
52059,423,902,29.68
52059,1704,2607,85.68
30689,398,1207,39.68
30689,1609,1542,50.68
30689,1617,1542,50.68
86172,304,1817,59.68
86172,305,1817,59.68
86172,306,1817,59.68
89885,298,1511,49.68
89885,1816,1817,59.68
84184,1617,1055,34.68
89361,1637,1511,49.68
81422,305,1115,36.68
81422,1802,2272,74.68
81422,1805,2272,74.68
81422,1812,2272,74.68
59647,304,1633,53.68
59647,306,1633,53.68
59647,1614,3064,100.68
59647,1898,1817,59.68
99076,426,2668,87.68
99076,510,994,32.68
99076,1312,1391,45.68
41633,304,1177,38.68
41633,305,1177,38.68
47489,298,1817,59.68
47489,498,1025,33.68
42388,202,2607,85.68
42388,206,1756,57.68
42388,712,2607,85.68
61082,304,964,31.68
61082,1106,1817,59.68
61082,1701,1391,45.68
31028,101,2852,93.68
31028,102,2852,93.68
31028,198,2852,93.68
31028,809,6169,202.68
31028,1113,2852,93.68
31028,1817,2791,91.68
549,304,5743,188.68
549,305,5743,188.68
549,307,5743,188.68
549,1617,2090,68.68
32396,304,1146,37.68
32396,809,1360,44.68
32396,908,1146,37.68
32396,1113,2363,77.68
32396,1312,2760,90.68
87032,713,1238,40.68
96738,430,1238,40.68
96738,1217,1330,43.68
101055,1105,994,32.68
101055,1634,568,18.68
20207,1118,902,29.68
20207,1198,902,29.68
20207,1204,902,29.68
68765,704,1330,43.68
69893,108,2455,80.68
69893,423,2516,82.68
29340,304,1299,42.68
29340,310,1452,47.68
29340,426,1330,43.68
88959,407,4739,155.68
88959,1801,2699,88.68
85700,1614,3156,103.68
85700,1617,964,31.68
36879,1804,2060,67.68
36879,1805,2060,67.68
36879,1810,2060,67.68
7108,305,2210,72.68
7108,1704,3702,121.68
7108,1817,3337,109.68
44452,304,1115,36.68
44452,305,1115,36.68
44452,307,1115,36.68
44452,706,5438,178.68
44452,708,5621,184.68
44452,709,5621,184.68
44452,1215,4678,153.68
44452,1619,2791,91.68
48531,305,1603,52.68
48531,432,1238,40.68
48531,498,3916,128.68
48531,1817,1268,41.68
85726,1798,1907,62.68
85726,1817,1268,41.68
21750,407,872,28.68
61332,102,2151,70.68
61332,202,4739,155.68
61332,308,933,30.68
61332,423,4678,153.68
61332,504,1025,33.68
61332,1117,5377,176.68
61332,1898,5347,175.68
14015,304,1360,44.68
14015,307,1360,44.68
14015,498,15756,517.68
14015,1817,2547,83.68
9592,298,2060,67.68
9592,304,1845,60.68
9592,305,1845,60.68
9592,412,1360,44.68
9592,423,2060,67.68
9592,498,2060,67.68
9592,698,2060,67.68
9592,712,1360,44.68
9592,998,2060,67.68
9592,1198,2060,67.68
9592,1398,2060,67.68
9592,1615,2090,68.68
9592,1640,2455,80.68
9592,1998,2060,67.68
93621,404,1207,39.68
93621,1198,1177,38.68
93621,1215,1299,42.68
93621,1703,1542,50.68
93621,1801,1756,57.68
93621,1812,2121,69.68
1119,202,1115,36.68
99470,108,629,20.68
37218,498,1968,64.68
37218,413,1968,64.68
37218,708,1725,56.68
37218,798,1238,40.68
37218,1617,1968,64.68
37218,1703,1876,61.68
271,305,1998,65.68
271,432,4343,142.68
271,1817,1786,58.68
81619,504,2363,77.68
81619,1622,2363,77.68
65256,304,3094,101.68
65256,305,3094,101.68
65256,306,3094,101.68
65256,408,1968,64.68
65256,1110,3094,101.68
65256,1801,4433,145.68
5612,406,1299,42.68
5612,423,3247,106.68
5612,610,4313,141.68
5612,713,872,28.68
100320,205,568,18.68
100320,304,568,18.68
100320,305,1845,60.68
100320,313,3156,103.68
69771,202,1330,43.68
69771,408,1330,43.68
69771,1801,1572,51.68
98468,302,749,24.68
70017,1701,1968,64.68
70017,1817,1876,61.68
260,313,2241,73.68
260,423,2455,80.68
260,1617,2121,69.68
33607,1609,2455,80.68
33607,1898,2760,90.68
14748,713,3064,100.68
14748,1015,1756,57.68
14748,1630,3217,105.68
90752,304,1115,36.68
90752,406,1115,36.68
90752,424,1480,48.68
90752,1113,1664,54.68
90752,1312,1633,53.68
12081,304,1452,47.68
12081,305,1452,47.68
12081,1105,1055,34.68
12081,1117,1055,34.68
72913,915,1299,42.68
72913,916,1360,44.68
67833,1298,964,31.68
67192,1617,1330,43.68
67192,1801,994,32.68
87988,102,3156,103.68
87988,108,4282,140.68
87988,205,1633,53.68
87988,304,1845,60.68
87988,307,2210,72.68
87988,432,1055,34.68
87988,705,1756,57.68
87988,1113,902,29.68
87988,1616,933,30.68
604,423,1391,45.68
604,426,1391,45.68
52134,519,1725,56.68
52134,713,2547,83.68
5613,405,2852,93.68
5613,498,2852,93.68
5613,1802,994,32.68
5613,1898,1360,44.68
52015,298,1055,34.68
52015,304,690,22.68
52015,498,4282,140.68
52015,798,2151,70.68
52015,898,933,30.68
52015,1198,4282,140.68
13621,305,2029,66.68
13621,306,2029,66.68
13621,1105,2760,90.68
13621,1106,2760,90.68
98316,1617,2121,69.68
85711,305,1756,57.68
85711,705,1480,48.68
85711,1619,2821,92.68
93858,202,1055,34.68
93858,1703,780,25.68
25294,423,1876,61.68
32275,705,2729,89.68
89062,1817,1511,49.68
46410,305,3033,99.68
46410,306,3033,99.68
70923,298,4708,154.68
70923,304,1086,35.68
70923,305,1817,59.68
70923,307,1817,59.68
70923,313,6959,228.68
70923,712,2882,94.68
70923,1113,3671,120.68
70923,1801,2821,92.68
70923,1816,3064,100.68
70923,1817,5073,166.68
70923,1898,4767,156.68
84330,1015,1299,42.68
84330,1617,1299,42.68
1466,102,1998,65.68
1466,205,1786,58.68
1466,304,1845,60.68
1466,305,1845,60.68
1466,512,1817,59.68
1466,514,1817,59.68
1466,1113,1817,59.68
1466,1701,872,28.68
1466,1803,3551,116.68
61212,304,1511,49.68
61212,305,1511,49.68
61212,406,1268,41.68
61212,1701,4402,144.68
16477,1898,6200,203.68
49502,404,3643,119.68
49502,407,3643,119.68
103571,1617,1330,43.68
72918,109,964,31.68
72918,612,2821,92.68
72918,1117,3763,123.68
72918,1609,3763,123.68
72918,1616,3763,123.68
72918,1637,3763,123.68
96519,305,811,26.68
96519,306,811,26.68
96519,504,2090,68.68
96519,1605,3033,99.68
66431,102,1177,38.68
66431,205,1177,38.68
66431,304,3551,116.68
66431,305,3551,116.68
66431,498,1542,50.68
66431,1216,1207,39.68
66431,1298,1907,62.68
66431,1704,5835,191.68
19322,102,933,30.68
19322,304,1360,44.68
19322,305,994,32.68
19322,1198,721,23.68
19322,1298,446,14.68
94500,1622,2029,66.68
34470,1817,1025,33.68
16824,1701,1360,44.68
32469,305,1845,60.68
32469,408,4221,138.68
58402,1637,2425,79.68
58402,1801,2060,67.68
58402,1817,2121,69.68
81369,432,1025,33.68
81369,713,1695,55.68
97341,108,1452,47.68
98250,201,1330,43.68
98250,712,5377,176.68
98250,1605,4982,163.68
98250,1701,2791,91.68
6326,1812,994,32.68
98140,1617,1086,35.68
28737,304,1360,44.68
28737,305,1360,44.68
28737,1117,1756,57.68
28737,1617,2516,82.68
5257,1627,1725,56.68
63771,202,1786,58.68
63771,205,1876,61.68
63771,407,1786,58.68
63771,504,1845,60.68
63771,608,1845,60.68
63771,610,1086,35.68
63771,713,1086,35.68
63771,1113,1817,59.68
63771,1705,3612,118.68
63771,1803,4678,153.68
63771,1809,2516,82.68
63771,1813,2486,81.68
90298,304,1756,57.68
90298,1812,3429,112.68
90298,1817,2241,73.68
74000,1798,1025,33.68
1816,102,1695,55.68
1816,304,964,31.68
1816,1812,933,30.68
66349,202,3278,107.68
66349,313,3582,117.68
66349,405,2151,70.68
66349,408,2151,70.68
66349,412,3125,102.68
66349,423,1421,46.68
66349,428,1998,65.68
66349,706,4160,136.68
66349,910,2455,80.68
66349,1617,4494,147.68
66349,1801,4068,133.68
52819,206,4739,155.68
52819,1216,1055,34.68
52819,1801,1786,58.68
52819,1817,1360,44.68
63821,305,1238,40.68
63821,809,1207,39.68
63821,914,4190,137.68
63821,1617,3947,129.68
63821,1701,2638,86.68
63821,1707,964,31.68
63821,1801,1603,52.68
57364,116,1177,38.68
57364,304,964,31.68
57364,305,1330,43.68
57364,306,3217,105.68
57364,915,1664,54.68
57364,1801,1330,43.68
57364,1817,2333,76.68
54447,306,1268,41.68
54447,707,1876,61.68
84143,298,1025,33.68
84143,1612,1177,38.68
20220,304,1146,37.68
20220,1812,994,32.68
68099,109,1330,43.68
68099,116,1876,61.68
68099,304,3582,117.68
68099,717,933,30.68
68099,1113,933,30.68
91969,1627,1055,34.68
44156,1619,1391,45.68
83313,101,1725,56.68
83313,102,2090,68.68
83313,111,2455,80.68
83313,201,1725,56.68
83313,304,2455,80.68
83313,305,2455,80.68
83313,410,1360,44.68
83313,504,2455,80.68
83313,1637,1725,56.68
75209,102,2151,70.68
75209,101,2121,69.68
75209,198,1876,61.68
75209,423,1452,47.68
75209,424,1817,59.68
75209,510,1299,42.68
75209,1617,2121,69.68
75209,1634,1177,38.68
75209,1812,1937,63.68
98757,107,1299,42.68
18521,1817,902,29.68
4057,1704,1115,36.68
4057,1898,1268,41.68
42410,898,1633,53.68
42410,1617,3643,119.68
42410,1812,3702,121.68
6623,404,1055,34.68
6623,411,1330,43.68
6623,423,1055,34.68
6623,426,1055,34.68
6623,498,2852,93.68
6623,709,1086,35.68
6623,1105,1937,63.68
6623,1609,4221,138.68
6623,1615,1268,41.68
6623,1801,1238,40.68
21666,708,872,28.68
21666,1630,3643,119.68
37003,108,1207,39.68
37003,915,1603,52.68
37003,916,1603,52.68
74774,306,1360,44.68
74774,1609,964,31.68
74774,1617,964,31.68
87254,432,933,30.68
87254,1617,1756,57.68
87254,1627,2791,91.68
87254,1812,3916,128.68
93057,202,811,26.68
93057,304,811,26.68
93057,406,2821,92.68
93505,304,902,29.68
93505,1810,2090,68.68
13495,108,2425,79.68
13495,1801,1876,61.68
39193,404,3368,110.68
39193,412,3368,110.68
39193,423,3368,110.68
39193,498,3368,110.68
39193,1605,3855,126.68
39193,1802,1572,51.68
39193,1898,3459,113.68
33573,1701,1360,44.68
33573,1898,933,30.68
84036,304,1055,34.68
84036,1617,2486,81.68
1224,304,902,29.68
1224,406,964,31.68
1224,426,994,32.68
95566,426,1330,43.68
95566,1112,1391,45.68
95566,1813,690,22.68
95566,1817,721,23.68
49595,203,5682,186.68
49595,304,1542,50.68
49595,405,5590,183.68
49595,410,4798,157.68
49595,1106,994,32.68
49595,1112,2241,73.68
49595,1616,2699,88.68
49595,1812,3125,102.68
5527,1898,3886,127.68
38719,423,1664,54.68
38719,708,1817,59.68
38719,1617,1817,59.68
88674,107,1695,55.68
88674,202,1391,45.68
88674,428,964,31.68
95688,1622,749,24.68
85088,202,1603,52.68
85088,304,1511,49.68
85088,407,1603,52.68
85088,1801,2090,68.68
85088,1898,2760,90.68
92231,202,872,28.68
92231,498,841,27.68
49257,115,4859,159.68
49257,304,3947,129.68
49257,307,2852,93.68
49257,424,2791,91.68
49257,1113,933,30.68
49257,1810,994,32.68
84711,798,994,32.68
29717,415,2241,73.68
89381,108,2210,72.68
89381,423,1055,34.68
27474,1616,1421,46.68
31559,304,1968,64.68
31559,1298,2941,96.68
51511,304,1207,39.68
51511,426,1330,43.68
51511,1617,1360,44.68
40391,412,1330,43.68
40391,1619,1480,48.68
92492,201,1817,59.68
92492,304,1511,49.68
92492,504,3337,109.68
92492,1298,2516,82.68
45118,304,1480,48.68
45118,305,1480,48.68
45118,423,1876,61.68
45118,1108,1115,36.68
45118,1112,1115,36.68
46006,304,1238,40.68
85683,108,1480,48.68
85683,709,2607,85.68
40507,202,841,27.68
40507,406,841,27.68
40507,1105,841,27.68
93529,308,2972,97.68
93529,916,2913,95.68
8454,305,1207,39.68
36349,1110,2394,78.68
41435,305,1452,47.68
41435,311,1452,47.68
41435,313,1452,47.68
41435,411,1725,56.68
41435,1605,1725,56.68
65661,313,2060,67.68
65661,423,1756,57.68
65661,426,1756,57.68
63939,915,3916,128.68
71976,1798,2791,91.68
71976,1811,3156,103.68
48216,709,1268,41.68
48216,713,1572,51.68
48216,1117,1268,41.68
48216,1615,1572,51.68
48216,1704,1452,47.68
48216,1798,1330,43.68
48216,1898,1238,40.68
50429,202,2576,84.68
57896,298,1664,54.68
57896,428,994,32.68
65679,304,1480,48.68
65679,305,1480,48.68
65679,1113,902,29.68
65679,1216,902,29.68
3911,116,1756,57.68
3911,202,1025,33.68
3911,304,964,31.68
3911,405,2486,81.68
3911,423,1025,33.68
3911,1113,2486,81.68
34827,304,1511,49.68
34827,305,1511,49.68
34827,306,902,29.68
34827,307,902,29.68
34827,412,4190,137.68
34827,606,1725,56.68
34827,914,2486,81.68
34827,916,2576,84.68
34827,1106,1603,52.68
34827,1117,3702,121.68
34827,1312,994,32.68
34827,1630,4586,150.68
34827,1898,4221,138.68
48554,202,2121,69.68
54881,406,964,31.68
54881,916,3733,122.68
54881,1703,1055,34.68
88065,705,994,32.68
31927,1105,1817,59.68
15711,118,1330,43.68
15711,205,1511,49.68
15711,398,1876,61.68
15711,1113,1876,61.68
15711,1616,2210,72.68
15711,1801,5560,182.68
15711,1898,2210,72.68
20427,304,1330,43.68
20427,305,1330,43.68
20427,306,1330,43.68
20427,405,2882,94.68
20427,428,964,31.68
20427,432,3429,112.68
20427,498,1725,56.68
58265,1801,1115,36.68
58265,1802,2090,68.68
58265,1812,2241,73.68
58265,1813,2882,94.68
40864,1312,1725,56.68
40864,1701,1177,38.68
68632,304,1330,43.68
68632,305,1330,43.68
68632,405,1664,54.68
68632,1801,2972,97.68
5702,423,1086,35.68
5702,1116,1146,37.68
13,1813,1421,46.68
51566,426,1817,59.68
84935,304,841,27.68
84935,1898,841,27.68
42062,914,2060,67.68
42062,916,1055,34.68
38027,305,1786,58.68
38027,1801,1115,36.68
90862,1013,1025,33.68
63179,426,1055,34.68
88104,304,964,31.68
88104,305,964,31.68
88104,423,1086,35.68
88104,426,1086,35.68
88104,798,1177,38.68
88104,1312,2029,66.68
88104,1703,4767,156.68
88104,1817,4859,159.68
44555,1198,1086,35.68
1875,306,1725,56.68
11748,1598,3156,103.68
11748,1110,3217,105.68
11748,1111,2272,74.68
11748,1801,2394,78.68
11748,1898,2272,74.68
99341,1617,629,20.68
76403,408,964,31.68
76403,423,964,31.68
67014,205,1299,42.68
67014,698,4617,151.68
67014,1810,4617,151.68
34755,305,2638,86.68
34755,1622,5377,176.68
34755,1634,5377,176.68
34755,1637,5377,176.68
34755,1640,5377,176.68
37644,1617,4739,155.68
37644,1810,2455,80.68
37644,1813,1086,35.68
10662,202,3582,117.68
22438,102,1452,47.68
22438,202,3490,114.68
22438,205,1299,42.68
22438,304,1115,36.68
22438,306,1299,42.68
22438,405,1238,40.68
22438,423,3125,102.68
22438,809,1299,42.68
22438,1817,3855,126.68
38461,410,1725,56.68
38461,1898,3278,107.68
90362,304,1268,41.68
90362,1601,2486,81.68
90362,1801,2029,66.68
90362,1805,2760,90.68
79180,1801,2121,69.68
64299,504,2547,83.68
64299,304,872,28.68
64299,305,872,28.68
64299,426,1664,54.68
64299,504,2394,78.68
64299,1898,1633,53.68
42998,425,1360,44.68
24976,916,1603,52.68
24976,1601,1907,62.68
24976,1614,1907,62.68
69173,304,1055,34.68
69173,1634,1360,44.68
92544,201,1360,44.68
92544,304,2821,92.68
92544,705,994,32.68
92544,1810,6047,198.68
74991,1310,2821,92.68
74991,1607,5347,175.68
21197,426,3824,125.68
21197,916,4798,157.68
21197,1812,1268,41.68
82959,713,1907,62.68
82959,915,1146,37.68
82959,1312,3824,125.68
82959,1637,3763,123.68
74779,304,1025,33.68
74779,705,1391,45.68
74779,1634,2516,82.68
100186,106,2182,71.68
100186,498,2060,67.68
100186,708,2090,68.68
100186,709,2210,72.68
74795,102,1845,60.68
74795,1801,2576,84.68
74795,1816,2576,84.68
100450,1215,660,21.68
100450,1605,1207,39.68
47834,305,1603,52.68
47834,415,2151,70.68
47834,1709,2151,70.68
47834,1801,1603,52.68
63067,119,1633,53.68
63067,1117,3186,104.68
63067,1801,1633,53.68
63067,1803,3186,104.68
63067,1809,1633,53.68
63067,1814,1633,53.68
46009,705,1177,38.68
71005,705,1998,65.68
71005,1801,1603,52.68
71005,1817,1146,37.68
6998,410,1268,41.68
6998,1703,994,32.68
55954,304,1025,33.68
55954,914,3368,110.68
24310,202,872,28.68
24310,708,1086,35.68
265,114,3916,128.68
265,304,2547,83.68
265,305,2547,83.68
265,306,2547,83.68
265,1015,4282,140.68
265,1106,2576,84.68
265,1111,2576,84.68
265,1113,2576,84.68
265,1119,1025,33.68
265,1798,4402,144.68
265,1803,1055,34.68
58965,708,841,27.68
58965,1105,964,31.68
58965,1701,1998,65.68
71497,406,1360,44.68
65573,1610,1177,38.68
65573,1817,1511,49.68
65573,1898,1146,37.68
91675,102,1360,44.68
91675,428,1360,44.68
91675,510,1421,46.68
91675,1810,4555,149.68
102061,108,629,20.68
102061,304,721,23.68
60989,1312,2333,76.68
60989,1701,1907,62.68
84125,406,964,31.68
84125,411,964,31.68
84125,423,964,31.68
56892,1813,4525,148.68
56892,1817,1542,50.68
69647,1198,1055,34.68
69647,112,1876,61.68
69647,304,1086,35.68
69647,611,1360,44.68
69647,1110,1086,35.68
90934,1617,2272,74.68
98447,1617,721,23.68
53280,104,1845,60.68
53280,202,2060,67.68
20819,1609,1633,53.68
20819,1801,1664,54.68
20819,1812,1572,51.68
20819,1898,1511,49.68
29083,201,2729,89.68
29083,305,1480,48.68
29083,306,994,32.68
29083,1709,2455,80.68
29083,1798,2455,80.68
29083,1817,2029,66.68
29083,1898,994,32.68
92840,411,1603,52.68
92840,705,872,28.68
92840,1634,1633,53.68
75839,304,2090,68.68
75839,305,2090,68.68
75839,914,2090,68.68
75839,915,2090,68.68
75839,916,2090,68.68
93889,1708,1633,53.68
68426,415,1391,45.68
68426,1616,1330,43.68
68426,1801,1360,44.68
9588,426,1146,37.68
9588,915,1725,56.68
9588,1705,2941,96.68
9588,1798,3156,103.68
31365,404,1603,52.68
31365,426,1511,49.68
31365,432,1633,53.68
31365,915,1207,39.68
31365,1898,1330,43.68
43017,1605,1207,39.68
50253,304,1633,53.68
50253,305,1633,53.68
50253,307,1633,53.68
7986,1817,1207,39.68
95450,112,1817,59.68
95450,1801,1542,50.68
58978,1312,1177,38.68
58978,1605,3977,130.68
58978,1898,2090,68.68
48446,304,1238,40.68
48446,305,1238,40.68
99731,305,780,25.68
99731,426,1238,40.68
99731,432,780,25.68
99731,1617,2760,90.68
99731,1710,2029,66.68
46411,102,2151,70.68
46411,202,1421,46.68
46411,305,2516,82.68
46411,1803,872,28.68
86737,304,1055,34.68
86737,709,2547,83.68
86737,798,2547,83.68
86737,1098,2699,88.68
27164,426,1511,49.68
38531,1812,2210,72.68
55134,305,1907,62.68
66346,428,1725,56.68
66346,705,994,32.68
66346,911,1421,46.68
66346,1113,1086,35.68
66346,1622,3582,117.68
62901,305,1146,37.68
62901,306,1146,37.68
62901,307,1146,37.68
62901,809,3247,106.68
62901,1111,2607,85.68
58192,202,1786,58.68
58192,1801,2394,78.68
31991,1108,2576,84.68
100399,504,1177,38.68
100399,1312,2821,92.68
100399,1605,2972,97.68
100399,1616,2941,96.68
100399,1617,2941,96.68
100399,1634,2941,96.68
100399,1637,2941,96.68
100399,1640,2941,96.68
18816,109,2241,73.68
18816,504,2486,81.68
18816,510,1086,35.68
18816,519,1452,47.68
18816,605,902,29.68
18816,713,2821,92.68
66057,202,1603,52.68
66057,1801,2090,68.68
90637,298,811,26.68
90637,405,3429,112.68
90637,1812,4282,140.68
67863,498,2121,69.68
67863,798,3337,109.68
67863,1617,2791,91.68
67863,1898,2638,86.68
59651,1198,1115,36.68
17218,1701,1330,43.68
4065,406,2060,67.68
4065,1612,902,29.68
15472,512,1268,41.68
15472,519,1268,41.68
49451,423,2182,71.68
70831,304,1330,43.68
70831,426,3125,102.68
70831,1617,4525,148.68
12088,1001,4951,162.68
12088,428,1725,56.68
12088,713,3459,113.68
78502,313,5163,169.68
78502,414,2699,88.68
78502,426,2486,81.68
78502,428,3337,109.68
78502,1105,2941,96.68
78502,1113,2791,91.68
89042,202,994,32.68
89042,498,964,31.68
66956,798,1907,62.68
66956,1704,1055,34.68
66956,1798,1299,42.68
94157,102,1360,44.68
94157,111,3217,105.68
94157,598,841,27.68
94157,916,749,24.68
94157,1113,2060,67.68
94157,1801,3886,127.68
57867,914,1207,39.68
57867,915,1207,39.68
57867,1801,1238,40.68
22720,713,1238,40.68
89408,504,4160,136.68
89408,504,4160,136.68
89408,713,3064,100.68
89408,1617,5012,164.68
27062,511,933,30.68
89105,406,933,30.68
89105,809,3278,107.68
66278,412,3794,124.68
66278,1817,811,26.68
93941,1617,2302,75.68
93941,1898,2121,69.68
43323,504,1238,40.68
84870,498,1876,61.68
56390,1605,1391,45.68
12214,198,3247,106.68
27223,306,1480,48.68
27223,423,1055,34.68
27223,1817,1268,41.68
84397,304,1177,38.68
84397,305,1177,38.68
84397,307,1177,38.68
84397,898,1177,38.68
66650,202,2302,75.68
66650,298,2302,75.68
66650,1110,2363,77.68
66650,1198,2363,77.68
66650,1312,841,27.68
24888,107,2791,91.68
26535,115,4068,133.68
26535,120,1937,63.68
26535,511,1542,50.68
26535,1112,2821,92.68
26535,1627,2821,92.68
32844,107,2607,85.68
32844,1198,902,29.68
32844,1215,2121,69.68
44885,304,690,22.68
44885,408,1511,49.68
44885,1817,690,22.68
15506,304,1177,38.68
48617,1617,1299,42.68
48617,1637,1299,42.68
27823,305,1391,45.68
27823,1634,902,29.68
27823,1801,1086,35.68
26762,705,1511,49.68
26762,1627,1786,58.68
67463,1113,1786,58.68
9188,305,1817,59.68
9188,712,2241,73.68
9188,914,933,30.68
9188,1614,1207,39.68
97106,202,2516,82.68
97106,405,2882,94.68
97106,1305,780,25.68
80913,1105,1603,52.68
80913,1110,2241,73.68
80913,1115,1603,52.68
80913,1117,1603,52.68
26565,708,1876,61.68
26565,1112,1876,61.68
26565,1113,1876,61.68
26565,1898,2972,97.68
45339,298,3612,118.68
45339,1106,3824,125.68
45339,1108,3824,125.68
85032,426,2821,92.68
85032,1215,2941,96.68
85032,1619,2972,97.68
88463,1627,994,32.68
60327,1616,2455,80.68
60327,1617,964,31.68
60327,1817,964,31.68
30440,306,2272,74.68
30440,1801,4160,136.68
30440,1812,2821,92.68
31123,1113,933,30.68
31123,1801,3459,113.68
31123,1812,2425,79.68
54441,1617,1115,36.68
54441,1812,1146,37.68
26395,898,872,28.68
26395,1105,872,28.68
26395,1113,994,32.68
28047,406,1146,37.68
28047,410,1299,42.68
28047,426,1299,42.68
28047,1105,1603,52.68
28047,1817,1238,40.68
98775,411,690,22.68
98775,1619,2760,90.68
99063,1813,1817,59.68
17790,504,2486,81.68
17790,514,2486,81.68
17790,708,4920,161.68
17790,709,4920,161.68
17790,908,1452,47.68
17790,910,3337,109.68
17790,1312,1817,59.68
24004,428,1572,51.68
24004,1617,3916,128.68
49650,305,1421,46.68
13144,206,933,30.68
13144,423,4678,153.68
13144,426,4678,153.68
40719,1801,1542,50.68
52584,109,1725,56.68
52584,423,841,27.68
63670,415,1845,60.68
63670,1617,2302,75.68
100161,1622,1086,35.68
86406,104,872,28.68
86406,306,1421,46.68
86406,1112,872,28.68
86406,1113,872,28.68
86406,1215,2791,91.68
86406,1622,933,30.68
41609,304,2913,95.68
41609,305,1177,38.68
41609,519,1330,43.68
41609,1814,4374,143.68
82915,432,1876,61.68
82915,1112,2151,70.68
71039,1703,3033,99.68
3462,305,1511,49.68
3462,407,4068,133.68
3462,412,4068,133.68
3462,712,4068,133.68
3462,1105,1391,45.68
3462,1801,3459,113.68
3462,1898,1391,45.68
4644,198,2090,68.68
4644,202,1786,58.68
4644,412,1817,59.68
4644,712,1817,59.68
4644,1098,1238,40.68
4644,1634,2941,96.68
4644,1637,2941,96.68
78364,698,872,28.68
78364,916,902,29.68
8944,1701,1177,38.68
59573,426,933,30.68
59573,916,1207,39.68
59573,1617,1268,41.68
38485,304,811,26.68
38485,307,811,26.68
38485,411,1756,57.68
38485,713,1937,63.68
38485,1110,2760,90.68
2723,1113,2547,83.68
2723,1204,2060,67.68
2723,1601,3824,125.68
34924,405,3551,116.68
34924,426,3582,117.68
34924,1105,2272,74.68
34924,1106,1664,54.68
34924,1701,4464,146.68
51532,405,1421,46.68
51532,410,1421,46.68
51532,411,1421,46.68
51532,412,1421,46.68
51532,423,1421,46.68
51532,1612,1421,46.68
93086,102,1391,45.68
93086,103,1786,58.68
93086,304,4739,155.68
93086,305,1452,47.68
93086,411,780,25.68
93086,432,12803,420.68
93086,998,1115,36.68
93086,1898,6108,200.68
58047,424,2333,76.68
58047,498,2182,71.68
70631,1630,3429,112.68
78492,108,1360,44.68
78492,423,1817,59.68
78492,705,1786,58.68
78492,1817,1480,48.68
67761,305,1845,60.68
67761,406,3855,126.68
67761,412,3855,126.68
67761,426,3855,126.68
67761,1015,2363,77.68
67761,1106,964,31.68
27968,412,1146,37.68
27968,1617,1086,35.68
3833,311,2363,77.68
3833,423,2394,78.68
3833,714,902,29.68
3833,1117,994,32.68
94141,712,1330,43.68
52553,102,1330,43.68
52553,109,1452,47.68
52553,111,2182,71.68
52553,304,1299,42.68
52553,305,1299,42.68
52553,504,1299,42.68
52553,510,1299,42.68
52553,1113,1207,39.68
52553,1817,1664,54.68
42720,410,1299,42.68
42720,411,1756,57.68
42720,426,1299,42.68
42720,1117,1452,47.68
9372,102,1177,38.68
9372,1105,1360,44.68
9372,1705,1542,50.68
2517,108,1086,35.68
2517,404,1633,53.68
2517,498,690,22.68
2517,610,1511,49.68
2517,1615,1511,49.68
13168,1198,5132,168.68
13168,102,1146,37.68
13168,109,1360,44.68
13168,198,4313,141.68
13168,201,1086,35.68
13168,426,4282,140.68
13168,718,994,32.68
13168,898,994,32.68
13168,1112,5132,168.68
13168,1801,5043,165.68
23125,423,1146,37.68
23125,424,964,31.68
74180,423,964,31.68
74180,1801,1086,35.68
32577,415,2882,94.68
32577,426,2516,82.68
32577,915,2455,80.68
32577,1637,3064,100.68
66672,304,994,32.68
66672,809,994,32.68
66672,1619,5163,169.68
38247,306,1391,45.68
63617,705,1695,55.68
63617,1627,1391,45.68
63617,1815,2060,67.68
78825,108,1055,34.68
78825,798,1238,40.68
99835,406,964,31.68
99835,412,964,31.68
99835,426,964,31.68
2212,305,2852,93.68
2212,1112,2668,87.68
2212,1119,1452,47.68
2212,1312,1452,47.68
2212,1813,2729,89.68
2212,1817,2333,76.68
57355,1001,1633,53.68
97792,1812,841,27.68
99806,304,629,20.68
99806,307,629,20.68
99806,432,690,22.68
99806,1601,1695,55.68
99806,1817,994,32.68
99806,1898,1756,57.68
96881,1617,507,16.68
18381,498,2060,67.68
18381,713,1845,60.68
18381,1212,2060,67.68
18381,1804,2060,67.68
18381,1810,2060,67.68
18381,1898,2060,67.68
3211,201,2607,85.68
3211,698,902,29.68
3211,1105,2241,73.68
3211,1113,2607,85.68
74501,1634,2699,88.68
11916,202,2576,84.68
11916,426,2576,84.68
11916,428,2090,68.68
11916,1312,902,29.68
11916,1612,1633,53.68
57384,915,1146,37.68
57384,1802,1725,56.68
57384,1817,1391,45.68
92003,1634,1391,45.68
64694,1110,4798,157.68
64694,1113,4798,157.68
48097,1801,1360,44.68
101880,198,780,25.68
57325,304,1725,56.68
57325,305,1725,56.68
57325,307,1725,56.68
57325,405,4313,141.68
57325,412,4494,147.68
57325,498,4494,147.68
57325,605,2182,71.68
57325,1298,902,29.68
57325,1605,2486,81.68
57325,1798,2060,67.68
57325,1812,2821,92.68
9297,1605,2547,83.68
9297,1627,3278,107.68
25556,1105,2090,68.68
27231,705,3551,116.68
27231,1113,780,25.68
505,101,4252,139.68
505,104,3886,127.68
505,198,3886,127.68
18855,205,1268,41.68
18855,206,2882,94.68
18855,898,1330,43.68
18855,1701,5104,167.68
18855,1798,2090,68.68
18855,1812,1845,60.68
18855,1898,2882,94.68
28466,411,1633,53.68
51714,304,1086,35.68
51714,1817,2729,89.68
97357,406,2090,68.68
97357,410,2090,68.68
97357,1898,2882,94.68
30176,305,1695,55.68
30176,306,1695,55.68
30176,404,4617,151.68
30176,411,2425,79.68
24848,498,933,30.68
24848,1105,3217,105.68
93937,108,1238,40.68
93937,1801,1086,35.68
79092,108,1725,56.68
79092,1617,1086,35.68
60367,102,902,29.68
60367,205,933,30.68
60367,412,1480,48.68
60367,711,902,29.68
60367,915,1330,43.68
60367,1709,6078,199.68
56971,1106,1268,41.68
56971,1108,2972,97.68
56971,1111,1268,41.68
56971,1701,2455,80.68
89689,1108,1086,35.68
35906,201,1268,41.68
35906,1701,5498,180.68
35906,1810,4647,152.68
62437,1627,2182,71.68
78862,1113,1238,40.68
78862,1816,3824,125.68
25358,708,994,32.68
25358,709,994,32.68
25358,1098,1115,36.68
57445,304,1756,57.68
57445,708,2913,95.68
57445,712,2913,95.68
57445,1640,3763,123.68
57445,1798,1330,43.68
44510,405,994,32.68
44510,1801,1603,52.68
9338,205,1299,42.68
9338,305,1299,42.68
9338,511,1452,47.68
9338,598,964,31.68
9338,610,1055,34.68
9338,1110,1452,47.68
9338,1113,1452,47.68
9338,1617,1146,37.68
56179,1102,4433,145.68
56179,1307,1511,49.68
56179,1802,690,22.68
94470,298,2151,70.68
94470,1634,2151,70.68
53249,498,1115,36.68
53249,1106,1086,35.68
97253,408,721,23.68
37669,198,1452,47.68
37669,504,1542,50.68
37669,715,1360,44.68
37669,1118,872,28.68
37669,1398,1817,59.68
16985,1108,4129,135.68
16985,1634,4343,142.68
16985,1801,3824,125.68
56145,1627,1480,48.68
22158,1637,1998,65.68
62821,304,1786,58.68
62821,305,1786,58.68
62821,306,1786,58.68
62821,1817,1360,44.68
72263,202,1480,48.68
72263,1113,2972,97.68
99662,107,3459,113.68
99662,305,3459,113.68
99662,313,3459,113.68
54163,305,1025,33.68
54163,1804,3612,118.68
41771,104,1695,55.68
41771,205,1937,63.68
41771,304,2210,72.68
41771,305,2210,72.68
41771,406,902,29.68
41771,407,902,29.68
41771,1312,902,29.68
46839,504,1786,58.68
46839,205,933,30.68
46839,305,3916,128.68
46839,404,3702,121.68
46839,432,1511,49.68
46839,504,1786,58.68
46839,519,1786,58.68
46839,1106,1725,56.68
46839,1110,994,32.68
46839,1113,1725,56.68
46839,1801,4708,154.68
100662,1801,568,18.68
100662,1898,1756,57.68
60574,306,902,29.68
60574,604,1725,56.68
60574,1113,964,31.68
79849,112,2821,92.68
79849,407,2638,86.68
79849,412,2607,85.68
79849,426,1937,63.68
79849,1117,2090,68.68
95047,202,1330,43.68
95047,406,1330,43.68
95047,412,1207,39.68
95047,426,933,30.68
95047,1105,1391,45.68
95047,1617,1542,50.68
63628,407,2151,70.68
63628,426,1086,35.68
63628,1112,599,19.68
63628,1801,1360,44.68
63628,1804,2607,85.68
63628,1810,2607,85.68
12206,108,1360,44.68
12206,423,1086,35.68
12206,1802,4099,134.68
52678,108,1756,57.68
52678,1617,1876,61.68
84511,1617,902,29.68
69688,202,3824,125.68
69688,1113,1146,37.68
21080,1801,2241,73.68
21080,1804,2241,73.68
87637,411,964,31.68
78015,411,994,32.68
36420,305,660,21.68
36420,405,1695,55.68
36420,1615,933,30.68
36420,1905,902,29.68
73127,1806,872,28.68
73127,1810,872,28.68
68837,305,2210,72.68
68837,504,1115,36.68
68837,598,1115,36.68
68837,1809,2394,78.68
68837,1812,1299,42.68
99038,423,749,24.68
99038,426,749,24.68
87566,108,994,32.68
87566,708,1055,34.68
87566,1617,1115,36.68
43370,304,902,29.68
43370,313,5498,180.68
43370,914,2272,74.68
43370,1117,2882,94.68
43370,1309,902,29.68
43370,1801,2029,66.68
96033,1813,933,30.68
73090,202,1664,54.68
25064,1801,1238,40.68
25064,1812,3582,117.68
73148,108,1268,41.68
73148,1605,933,30.68
62593,202,1725,56.68
62593,412,1146,37.68
62593,998,964,31.68
62593,1703,1633,53.68
58707,1017,2302,75.68
58707,1610,2333,76.68
58707,1617,2394,78.68
58707,1634,1299,42.68
53090,713,2882,94.68
53090,915,1968,64.68
53090,1306,1968,64.68
32201,916,933,30.68
83401,405,2547,83.68
83401,915,2547,83.68
83401,916,2090,68.68
83401,1609,2333,76.68
83401,1617,2333,76.68
79444,112,3551,116.68
79444,1110,3551,116.68
79444,1617,3551,116.68
11327,1622,1391,45.68
4294,304,2547,83.68
4294,305,1452,47.68
4294,306,1452,47.68
4294,421,1603,52.68
4294,1105,3947,129.68
4294,1113,2394,78.68
4294,1119,1725,56.68
4294,1627,3947,129.68
4294,1801,3459,113.68
4294,1898,5590,183.68
81537,304,2607,85.68
81537,305,2607,85.68
81537,306,3702,121.68
81537,423,2455,80.68
81537,510,2516,82.68
81537,518,2516,82.68
81537,1215,4282,140.68
81537,1701,1511,49.68
71063,423,1025,33.68
71063,426,1025,33.68
69377,1498,2029,66.68
69377,1817,1330,43.68
56822,708,1146,37.68
56822,1810,1421,46.68
51924,428,1177,38.68
85567,1609,994,32.68
21099,1204,1268,41.68
21099,1801,1421,46.68
72253,1110,3156,103.68
95398,1098,721,23.68
95398,1634,721,23.68
31781,202,2729,89.68
31781,412,3064,100.68
31781,428,1756,57.68
31781,432,2363,77.68
70185,405,3947,129.68
88225,426,3490,114.68
88225,504,902,29.68
92073,1817,1177,38.68
41453,201,2516,82.68
41453,1113,1817,59.68
45654,304,1876,61.68
45654,305,1876,61.68
40003,430,3306,108.68
40003,1105,629,20.68
40003,1812,2852,93.68
274,304,1115,36.68
274,411,2394,78.68
274,426,2394,78.68
274,1117,2425,79.68
47014,1898,1998,65.68
90216,304,933,30.68
90216,305,933,30.68
90216,424,964,31.68
90216,1817,872,28.68
87617,705,841,27.68
57036,1617,933,30.68
13118,104,1998,65.68
13118,304,4160,136.68
13118,305,2699,88.68
13118,406,6381,209.68
13118,914,4678,153.68
13118,916,4678,153.68
13118,1105,1115,36.68
13118,1407,2333,76.68
13118,1617,2486,81.68
13118,1640,3916,128.68
13685,411,2760,90.68
13685,916,2760,90.68
78381,998,2882,94.68
78381,1817,1664,54.68
11452,205,2090,68.68
11452,407,2516,82.68
11452,504,1299,42.68
11452,1117,2760,90.68
29444,205,780,25.68
29444,304,1146,37.68
29444,305,3156,103.68
29444,908,1146,37.68
93018,205,933,30.68
93018,304,933,30.68
93018,598,933,30.68
52709,304,2363,77.68
52709,305,2363,77.68
52709,306,2363,77.68
52709,1113,1998,65.68
95769,1637,994,32.68
8995,1701,2090,68.68
8995,1898,1695,55.68
93729,304,1207,39.68
93729,305,1207,39.68
93729,313,2121,69.68
93729,404,2241,73.68
93729,430,2241,73.68
93729,432,2241,73.68
62497,304,1845,60.68
62497,305,1845,60.68
62497,1637,3855,126.68
71078,411,1817,59.68
12089,305,1115,36.68
12089,306,1115,36.68
12089,404,2913,95.68
12089,414,2029,66.68
12089,1113,1845,60.68
12089,1817,3186,104.68
85681,305,1238,40.68
85681,428,1603,52.68
85681,432,1421,46.68
85681,498,2516,82.68
82841,108,3733,122.68
82841,305,1817,59.68
82841,307,2090,68.68
82841,412,3977,130.68
82841,426,3977,130.68
82841,708,994,32.68
82841,712,3977,130.68
82841,1110,4221,138.68
82841,1112,1055,34.68
82841,1312,994,32.68
82841,1601,4708,154.68
82841,1605,4282,140.68
82841,1612,1299,42.68
82841,1617,4739,155.68
82841,1640,3824,125.68
82841,1801,3612,118.68
89273,915,1603,52.68
90140,1701,2425,79.68
76102,304,2760,90.68
100305,313,1115,36.68
35591,206,2121,69.68
35591,423,1817,59.68
35591,1617,1817,59.68
89035,610,902,29.68
89035,809,902,29.68
89035,1817,964,31.68
17480,198,1360,44.68
17480,305,3186,104.68
17480,1698,5163,169.68
17480,1701,4464,146.68
17480,1798,4464,146.68
94083,705,3278,107.68
94083,915,1268,41.68
94083,1111,780,25.68
94083,1605,2455,80.68
94083,1616,3429,112.68
94083,1708,1664,54.68
77629,1805,1207,39.68
32843,714,1421,46.68
32843,916,1968,64.68
32843,1619,3094,101.68
32843,1801,1207,39.68
34111,109,1115,36.68
34111,305,1391,45.68
34111,415,2972,97.68
34111,426,3064,100.68
34111,430,3582,117.68
34111,1617,3490,114.68
22314,423,2182,71.68
22314,1617,3886,127.68
81530,1605,568,18.68
81530,1622,1268,41.68
81530,1634,1207,39.68
81530,1701,690,22.68
81530,1798,568,18.68
81530,1812,1207,39.68
96507,426,1421,46.68
96507,504,3217,105.68
96507,714,2760,90.68
96507,906,1299,42.68
96507,998,1299,42.68
96507,1298,1299,42.68
96507,1605,1603,52.68
96507,1634,3429,112.68
96507,1640,3429,112.68
96507,1698,2394,78.68
54081,426,1756,57.68
44005,1105,1421,46.68
44005,1634,1695,55.68
44005,1701,3794,124.68
57061,104,721,23.68
57061,198,1817,59.68
57061,304,2913,95.68
57061,423,4008,131.68
57061,426,4008,131.68
57061,428,1452,47.68
57061,1106,1086,35.68
57061,1113,1086,35.68
27770,428,2972,97.68
50989,1105,1480,48.68
21203,707,2272,74.68
48367,108,1115,36.68
48367,1198,1299,42.68
48367,1817,1238,40.68
95316,1622,1725,56.68
95316,1810,1421,46.68
20918,428,1299,42.68
35921,304,1786,58.68
35921,306,1786,58.68
35921,404,3824,125.68
35921,426,3977,130.68
35921,1110,994,32.68
35921,1118,3916,128.68
35921,1637,5651,185.68
35921,1801,3794,124.68
1472,398,1725,56.68
1472,405,1360,44.68
1472,1098,2121,69.68
97569,1215,1452,47.68
97569,1614,2607,85.68
78635,306,4586,150.68
78635,504,1845,60.68
78635,998,1998,65.68
78635,1114,1817,59.68
78635,1710,5408,177.68
78635,1805,3551,116.68
21172,116,1421,46.68
21172,206,1786,58.68
21172,412,3977,130.68
21172,426,3977,130.68
21172,1605,4068,133.68
21172,1898,1786,58.68
8846,403,4951,162.68
8846,202,2729,89.68
8846,304,3551,116.68
8846,305,1299,42.68
8846,1704,4313,141.68
8846,1708,2791,91.68
63258,305,1238,40.68
63258,307,1238,40.68
63258,1215,1238,40.68
63258,1803,933,30.68
74137,304,3551,116.68
74137,305,1845,60.68
74137,411,1725,56.68
74137,432,2791,91.68
74137,504,3306,108.68
74137,705,3643,119.68
74137,714,1664,54.68
74137,798,2210,72.68
74137,1113,1603,52.68
74137,1605,4252,139.68
74137,1622,4252,139.68
74137,1640,4252,139.68
74137,1817,2852,93.68
17065,203,1786,58.68
17065,1605,1603,52.68
17065,1622,1786,58.68
96179,1813,4708,154.68
27857,101,1511,49.68
27857,103,1511,49.68
27857,119,1511,49.68
27857,120,1542,50.68
27857,304,2607,85.68
27857,405,2547,83.68
27857,414,1480,48.68
27857,1215,1207,39.68
27857,1604,1542,50.68
1306,498,1238,40.68
1306,1113,872,28.68
27821,108,1391,45.68
27821,415,1299,42.68
51760,304,2210,72.68
51760,405,1725,56.68
51760,423,1725,56.68
51760,1215,2821,92.68
11086,305,1695,55.68
11086,306,1695,55.68
11086,1617,1664,54.68
74168,410,3521,115.68
74168,1801,3186,104.68
100140,1105,1207,39.68
92186,304,902,29.68
92186,1640,2760,90.68
71325,101,2029,66.68
71325,107,1968,64.68
71325,118,2576,84.68
71325,406,2821,92.68
71325,411,1695,55.68
71325,1209,1664,54.68
71325,1307,2272,74.68
51900,916,3459,113.68
96491,306,1725,56.68
96491,432,1603,52.68
96491,610,1177,38.68
96491,712,4586,150.68
96491,916,841,27.68
96491,1119,933,30.68
96491,1614,872,28.68
96491,1698,1177,38.68
96491,1816,3855,126.68
25950,202,1025,33.68
25950,408,6108,200.68
25950,412,6108,200.68
25950,708,1268,41.68
98502,1605,1511,49.68
98502,1701,811,26.68
98502,1801,1025,33.68
42165,411,1998,65.68
42165,705,1055,34.68
6222,708,1177,38.68
89343,510,1238,40.68
85162,1106,2852,93.68
85162,1113,2852,93.68
85162,1801,4402,144.68
100396,198,1633,53.68
100396,112,1633,53.68
100396,708,629,20.68
100396,1105,1207,39.68
100396,1617,1542,50.68
60026,426,1452,47.68
60026,1105,1480,48.68
60026,1810,1511,49.68
60026,1817,1907,62.68
89059,1617,902,29.68
12612,202,1115,36.68
12612,423,1845,60.68
64837,104,1025,33.68
64837,404,2121,69.68
64837,1801,1391,45.68
27367,1098,2090,68.68
27367,1810,1876,61.68
71632,1701,2638,86.68
71632,1898,2090,68.68
18512,311,2668,87.68
18512,1117,2455,80.68
73302,709,1998,65.68
73302,712,3886,127.68
34675,202,1360,44.68
34675,1601,964,31.68
77564,1105,1391,45.68
26420,708,1511,49.68
1644,108,1664,54.68
1644,203,3977,130.68
1644,305,2394,78.68
1644,306,2394,78.68
1644,426,4313,141.68
1644,713,3551,116.68
1644,1105,3003,98.68
1644,1298,1146,37.68
1644,1312,1238,40.68
1644,1798,1268,41.68
44236,1617,1330,43.68
44236,1801,1572,51.68
45303,708,1055,34.68
45303,1015,1603,52.68
45303,1607,964,31.68
101195,108,629,20.68
101195,406,780,25.68
101195,1110,1330,43.68
76970,1617,1115,36.68
76970,1801,1055,34.68
93252,108,811,26.68
93252,109,780,25.68
26205,404,1817,59.68
26205,426,1817,59.68
26205,1817,964,31.68
91373,1105,1146,37.68
91373,1609,2516,82.68
1158,1013,1268,41.68
1158,1801,2182,71.68
91280,705,2852,93.68
89327,406,1725,56.68
89327,1798,4343,142.68
59246,305,994,32.68
59246,1801,3156,103.68
42640,202,994,32.68
42640,304,994,32.68
42640,305,994,32.68
4886,304,1421,46.68
4886,307,1421,46.68
4886,410,4221,138.68
4886,411,4221,138.68
4886,412,3490,114.68
4886,426,5285,173.68
7883,1102,1756,57.68
7883,706,1664,54.68
7883,1108,1817,59.68
7883,1701,1391,45.68
47045,305,2333,76.68
47045,711,1360,44.68
76761,407,1207,39.68
76761,426,1086,35.68
98328,202,1391,45.68
98328,426,1421,46.68
98328,1105,1025,33.68
24891,1198,1146,37.68
24891,111,1207,39.68
24891,1114,1146,37.68
24891,1198,1146,37.68
6200,1105,2333,76.68
45086,428,1511,49.68
45086,498,1146,37.68
77487,108,4282,140.68
77487,202,4282,140.68
77487,306,3643,119.68
77487,426,3886,127.68
77487,705,3643,119.68
77487,798,1146,37.68
77487,915,2182,71.68
77487,916,902,29.68
77487,1098,1177,38.68
77487,1198,902,29.68
77487,1216,1086,35.68
77487,1312,2821,92.68
88730,202,2821,92.68
88730,428,1025,33.68
88730,713,3306,108.68
88730,1106,1845,60.68
88730,1803,1086,35.68
21305,1630,2151,70.68
21305,1634,2425,79.68
96879,305,599,19.68
96879,306,4252,139.68
96879,428,2516,82.68
96879,708,1511,49.68
96879,1312,1511,49.68
96879,1617,4708,154.68
96879,1801,4252,139.68
18430,914,1603,52.68
102470,426,933,30.68
102470,1701,1542,50.68
102470,1801,1238,40.68
102470,1803,2090,68.68
25660,423,1391,45.68
25660,426,1391,45.68
25660,504,1391,45.68
25660,1605,1876,61.68
25660,1617,1876,61.68
25660,1622,1391,45.68
25660,1630,1876,61.68
25660,1801,1876,61.68
92417,205,933,30.68
92417,304,872,28.68
92417,305,872,28.68
92417,1703,1299,42.68
81142,411,1025,33.68
81142,426,1238,40.68
81142,430,4647,152.68
81142,1119,1421,46.68
81142,1619,4586,150.68
81142,1701,3977,130.68
81142,1801,2210,72.68
70274,102,3733,122.68
70274,498,1695,55.68
70274,1622,3733,122.68
70274,1634,3733,122.68
70274,1640,3733,122.68
6633,102,994,32.68
6633,205,994,32.68
6633,311,4767,156.68
6633,432,1360,44.68
6633,1634,4767,156.68
6633,1802,3855,126.68
50070,1617,1786,58.68
50070,1634,1786,58.68
50070,1640,1786,58.68
50070,1703,902,29.68
89330,512,1055,34.68
89330,1701,5194,170.68
89330,1812,5073,166.68
89330,1813,2972,97.68
89330,1898,4708,154.68
52173,305,1115,36.68
52173,306,1115,36.68
87729,108,1330,43.68
87729,423,2791,91.68
87729,424,1238,40.68
87729,426,1268,41.68
87729,504,2972,97.68
87729,705,1330,43.68
87729,915,1907,62.68
87729,1617,3003,98.68
14797,708,1725,56.68
14797,1627,1633,53.68
84111,1605,1786,58.68
84111,1614,2182,71.68
89234,712,2972,97.68
17242,104,2547,83.68
17242,304,2151,70.68
17242,428,1817,59.68
17242,1215,1603,52.68
63897,1634,1268,41.68
63897,1640,902,29.68
24335,305,1876,61.68
24335,307,1876,61.68
24335,311,6320,207.68
24335,404,2821,92.68
24335,405,2821,92.68
24335,426,6200,203.68
24335,428,1360,44.68
24335,432,3886,127.68
24335,1609,6443,211.68
24335,1617,6443,211.68
24335,1627,3886,127.68
24335,1634,6443,211.68
24335,1704,2852,93.68
56959,202,1330,43.68
56959,408,1360,44.68
56959,412,1360,44.68
56959,426,1360,44.68
56959,1622,1299,42.68
56959,1634,1330,43.68
62674,198,1360,44.68
62674,428,2821,92.68
62674,1109,4494,147.68
62674,1112,4494,147.68
62674,1113,3916,128.68
62674,1804,4555,149.68
62674,1805,4555,149.68
62674,1810,4555,149.68
19761,101,1421,46.68
19761,102,1421,46.68
19761,201,1421,46.68
19761,202,6259,205.68
19761,408,5377,176.68
19761,426,5377,176.68
19761,428,749,24.68
19761,432,4647,152.68
19761,708,964,31.68
19761,1113,964,31.68
19761,1627,4525,148.68
19761,1701,5529,181.68
1416,305,2668,87.68
1416,411,1998,65.68
1416,1605,2668,87.68
1416,1617,2333,76.68
61712,201,1360,44.68
61712,504,1725,56.68
61712,1627,994,32.68
57295,405,1207,39.68
57295,1801,1025,33.68
72354,1812,872,28.68
51645,205,2182,71.68
51645,305,2913,95.68
56135,202,4647,152.68
56135,304,2182,71.68
56135,306,2182,71.68
56135,411,5043,165.68
56135,412,4647,152.68
56135,432,5043,165.68
56135,705,2638,86.68
56135,712,3186,104.68
56135,1627,5043,165.68
17906,1801,1845,60.68
89080,108,964,31.68
89080,398,933,30.68
86146,1804,1268,41.68
48484,405,1055,34.68
32614,426,2151,70.68
21739,408,1330,43.68
21739,414,1695,55.68
87192,202,841,27.68
87192,304,902,29.68
87192,305,902,29.68
87192,407,841,27.68
87192,1634,4343,142.68
87192,1637,4343,142.68
71973,410,1725,56.68
71973,1704,1817,59.68
71973,1810,2151,70.68
82414,108,1268,41.68
9335,307,1695,55.68
9335,608,1998,65.68
9335,703,902,29.68
9335,705,964,31.68
9335,707,994,32.68
9335,906,964,31.68
9335,915,933,30.68
9335,1105,2121,69.68
9335,1113,1511,49.68
9335,1211,1998,65.68
9335,1214,1511,49.68
9335,1215,994,32.68
9335,1312,902,29.68
9335,1622,1115,36.68
9335,1898,2121,69.68
17785,406,2972,97.68
17785,428,964,31.68
17785,498,1025,33.68
17785,1802,1115,36.68
89125,426,1299,42.68
43037,305,1845,60.68
101002,305,660,21.68
101002,306,660,21.68
101002,426,1115,36.68
101002,1605,1177,38.68
29855,304,964,31.68
29855,1106,1968,64.68
29855,1215,3217,105.68
32399,915,1086,35.68
32399,1701,2699,88.68
57993,114,1511,49.68
57993,304,1480,48.68
57993,428,902,29.68
33303,1304,2972,97.68
33303,1801,1360,44.68
59226,305,1876,61.68
59226,311,2972,97.68
68925,202,1299,42.68
90173,120,3278,107.68
90173,202,4068,133.68
90173,304,1876,61.68
90173,305,1876,61.68
90173,398,1876,61.68
90173,1215,2972,97.68
90173,1627,3278,107.68
16697,504,1664,54.68
16697,911,1177,38.68
16697,1622,1725,56.68
16697,1804,1817,59.68
30472,610,994,32.68
2599,104,1238,40.68
2599,1113,2121,69.68
2599,1605,3824,125.68
2599,1812,2882,94.68
92030,698,1664,54.68
92030,798,1360,44.68
92030,1198,902,29.68
96017,1112,1055,34.68
96017,1605,1177,38.68
22265,202,902,29.68
22265,428,1268,41.68
22265,714,1238,40.68
82259,304,1330,43.68
82259,305,3368,110.68
82259,306,1055,34.68
82259,426,1086,35.68
82259,428,902,29.68
82259,798,2486,81.68
82259,1609,4982,163.68
82259,1622,4982,163.68
82259,1637,4798,157.68
82259,1812,2516,82.68
82259,1817,3278,107.68
7215,102,1876,61.68
7215,198,1876,61.68
7215,202,872,28.68
7215,405,872,28.68
7215,407,872,28.68
7215,411,1695,55.68
7215,608,2241,73.68
7215,1105,2972,97.68
7215,1106,2607,85.68
7215,1112,872,28.68
7215,1211,2241,73.68
81951,108,1115,36.68
81951,205,1695,55.68
81951,304,1817,59.68
81951,305,2729,89.68
81951,423,1299,42.68
81951,426,1299,42.68
81951,708,1268,41.68
81951,1113,1633,53.68
81951,1205,1968,64.68
81951,1623,1238,40.68
18559,405,1268,41.68
18559,916,1330,43.68
18559,1703,1268,41.68
32801,202,1725,56.68
32801,408,1725,56.68
32801,1802,964,31.68
35011,1598,3947,129.68
35011,498,2363,77.68
35011,1113,2210,72.68
90004,102,1299,42.68
90004,412,4494,147.68
90004,708,4555,149.68
90004,712,4494,147.68
90004,1701,1177,38.68
83820,304,1572,51.68
83820,414,841,27.68
83820,708,841,27.68
83820,1617,872,28.68
83820,1618,841,27.68
83820,1619,1115,36.68
83820,1637,4037,132.68
83820,1698,841,27.68
59355,102,1511,49.68
76121,202,1025,33.68
76121,1634,2333,76.68
36192,410,1998,65.68
36192,411,1998,65.68
36192,412,1968,64.68
36192,414,1968,64.68
36192,423,1998,65.68
36192,426,2151,70.68
36192,498,1998,65.68
36192,708,1968,64.68
36192,712,1968,64.68
36192,1812,872,28.68
10984,1630,1876,61.68
10984,1801,1207,39.68
85599,405,1299,42.68
85599,406,1299,42.68
85599,1605,1299,42.68
16703,713,872,28.68
103352,1801,2210,72.68
92277,306,1664,54.68
16749,304,1146,37.68
16749,305,1146,37.68
93038,1801,780,25.68
93038,1898,811,26.68
31934,1617,1756,57.68
39683,305,4190,137.68
39683,412,4739,155.68
39683,426,4739,155.68
39683,712,4739,155.68
39683,719,4739,155.68
39683,1017,5163,169.68
39683,1634,1452,47.68
59479,498,964,31.68
59479,1898,872,28.68
7794,1627,3217,105.68
93751,202,4252,139.68
93751,304,1480,48.68
93751,398,749,24.68
93751,1113,1511,49.68
93751,1605,4374,143.68
93751,1617,3916,128.68
93751,1802,2852,93.68
100097,304,964,31.68
100097,307,964,31.68
6684,1815,2425,79.68
50883,1105,1268,41.68
50883,1112,2455,80.68
50883,1803,2455,80.68
50883,1804,1268,41.68
88657,1627,1603,52.68
88657,1801,872,28.68
77772,304,1452,47.68
77772,305,1452,47.68
77772,313,2821,92.68
77772,1817,1025,33.68
4078,102,1268,41.68
4078,304,1177,38.68
4078,412,3824,125.68
4078,426,1633,53.68
4078,705,1817,59.68
4078,712,3824,125.68
4078,998,1968,64.68
4078,1630,5224,171.68
41353,102,1299,42.68
41353,208,3337,109.68
41353,304,2607,85.68
41353,606,3337,109.68
41353,1801,2547,83.68
35852,202,811,26.68
35852,304,2333,76.68
35852,406,4068,133.68
35852,428,3429,112.68
35852,432,2486,81.68
35852,608,1542,50.68
35852,703,5132,168.68
35852,712,1086,35.68
35852,809,3612,118.68
35852,915,4343,142.68
35852,1113,1177,38.68
35852,1211,1542,50.68
35852,1617,5590,183.68
35852,1704,4739,155.68
28206,206,2972,97.68
28206,713,4160,136.68
76877,1898,660,21.68
80942,304,1177,38.68
80942,305,1177,38.68
99587,1898,660,21.68
40580,102,1421,46.68
40580,304,1421,46.68
40580,512,2972,97.68
40580,1105,2760,90.68
69351,305,2913,95.68
69351,407,2852,93.68
69351,415,3217,105.68
69351,423,3217,105.68
69351,1810,3306,108.68
18466,198,2821,92.68
18466,304,994,32.68
18466,1106,3916,128.68
70854,1701,2272,74.68
97054,198,1511,49.68
97054,306,2972,97.68
97054,406,690,22.68
97054,1312,964,31.68
97054,1617,2241,73.68
97054,1634,1876,61.68
97054,1801,841,27.68
2526,1627,1360,44.68
85946,102,1907,62.68
85946,304,1177,38.68
85946,305,1542,50.68
85946,426,1452,47.68
85946,1113,994,32.68
25918,305,1115,36.68
25918,415,1421,46.68
25918,1105,2121,69.68
25918,1215,2425,79.68
25918,1803,2151,70.68
60569,915,1330,43.68
33174,405,2241,73.68
33174,408,2241,73.68
33174,423,2241,73.68
33174,1198,2241,73.68
33174,1705,2699,88.68
10756,426,1756,57.68
10756,605,2941,96.68
10756,1106,2394,78.68
50212,206,2241,73.68
50212,1801,2913,95.68
89429,112,1299,42.68
89429,916,1086,35.68
82169,202,1725,56.68
82169,426,1725,56.68
82169,1117,1725,56.68
82169,1801,964,31.68
3176,304,2729,89.68
3176,306,5894,193.68
40478,298,1268,41.68
40478,304,3247,106.68
40478,305,3247,106.68
40478,307,3247,106.68
40478,398,994,32.68
40478,898,1786,58.68
40478,1812,4982,163.68
48974,304,2090,68.68
14732,410,2791,91.68
14732,412,2791,91.68
14732,426,2791,91.68
14732,432,2791,91.68
14732,1110,1238,40.68
82530,1616,1025,33.68
82530,1801,994,32.68
71493,304,3794,124.68
71493,305,3794,124.68
71493,307,3794,124.68
71493,504,3794,124.68
71493,708,3247,106.68
71493,1898,4433,145.68
16508,1312,4252,139.68
16508,1802,1391,45.68
43128,1801,2333,76.68
43128,1812,1360,44.68
32763,102,1115,36.68
32763,202,2821,92.68
32763,313,5043,165.68
32763,423,4829,158.68
32763,428,964,31.68
32763,514,1025,33.68
32763,515,1025,33.68
32763,598,1025,33.68
32763,906,1025,33.68
32763,914,4464,146.68
32763,916,4464,146.68
32763,1108,5316,174.68
32763,1113,1480,48.68
32763,1298,1025,33.68
1801,305,1756,57.68
1801,306,1756,57.68
1801,307,1756,57.68
1801,1113,1360,44.68
50114,1637,1025,33.68
94300,407,2029,66.68
94300,408,2029,66.68
94300,412,2029,66.68
94300,426,2121,69.68
94300,1215,2182,71.68
98770,305,690,22.68
20939,1615,994,32.68
20939,1998,1786,58.68
87248,202,933,30.68
87248,208,1177,38.68
87248,423,1603,52.68
87248,432,1603,52.68
87248,1601,933,30.68
86687,306,2547,83.68
86687,1605,2394,78.68
86687,1617,1817,59.68
54290,424,2852,93.68
54290,428,2121,69.68
54290,713,2882,94.68
54290,1601,2607,85.68
54290,1634,2941,96.68
99292,304,1391,45.68
99292,305,872,28.68
99292,306,872,28.68
99292,307,1391,45.68
99292,428,1268,41.68
99292,432,1391,45.68
99292,504,1330,43.68
99292,598,1360,44.68
99292,998,1391,45.68
99292,1111,1055,34.68
99292,1113,1055,34.68
99292,1210,1055,34.68
99292,1601,1391,45.68
99292,1614,1391,45.68
99292,1619,1391,45.68
99292,1622,1391,45.68
30283,1614,1177,38.68
30283,1619,1177,38.68
30283,1637,1452,47.68
30283,1810,1480,48.68
83998,1704,2516,82.68
86415,304,1025,33.68
86415,423,1603,52.68
86415,424,841,27.68
86415,1619,2210,72.68
61310,1619,1360,44.68
23845,1817,1786,58.68
98458,1617,2455,80.68
75716,1801,2151,70.68
75716,1805,1998,65.68
4109,304,872,28.68
4109,426,933,30.68
4109,719,902,29.68
92271,498,1055,34.68
37535,1634,2576,84.68
98024,306,2486,81.68
98024,411,1299,42.68
98024,432,660,21.68
98024,1005,1086,35.68
98024,1113,1695,55.68
98024,1637,1633,53.68
98024,1801,1968,64.68
98024,1898,3763,123.68
33191,406,933,30.68
33191,426,1391,45.68
33191,705,994,32.68
88360,304,902,29.68
88360,1617,902,29.68
84883,205,1511,49.68
84883,410,5529,181.68
84883,411,2394,78.68
84883,414,2547,83.68
84883,426,5529,181.68
84883,498,2241,73.68
84883,1113,2241,73.68
84883,1306,2972,97.68
84883,1605,2791,91.68
84883,1616,1817,59.68
15647,304,1055,34.68
15647,305,1055,34.68
15647,398,1055,34.68
15647,604,1055,34.68
15647,605,1055,34.68
15647,714,2090,68.68
15647,898,1055,34.68
15647,998,1055,34.68
15647,1205,1055,34.68
15647,1627,1695,55.68
15647,1698,1695,55.68
73628,428,1268,41.68
73628,1198,1238,40.68
73628,1701,1146,37.68
73628,1801,1633,53.68
76948,1701,1391,45.68
76948,1703,1391,45.68
11927,304,1086,35.68
11927,307,841,27.68
79780,298,4343,142.68
79780,304,4313,141.68
79780,1798,4160,136.68
69260,102,2272,74.68
69260,201,1572,51.68
69260,205,1572,51.68
69260,304,1086,35.68
69260,305,2547,83.68
69260,504,1086,35.68
69260,512,1086,35.68
69260,908,1086,35.68
69260,1701,5498,180.68
96321,1634,1786,58.68
96321,1705,1086,35.68
3702,914,2272,74.68
3702,1801,1845,60.68
3702,1898,2272,74.68
47959,1798,3247,106.68
47959,1815,3612,118.68
73128,107,1572,51.68
73128,202,1480,48.68
98690,206,3125,102.68
98690,1609,5713,187.68
98690,1801,1391,45.68
56232,1801,2486,81.68
38321,1898,1025,33.68
90720,412,3521,115.68
90720,1112,3763,123.68
90720,1801,3763,123.68
90720,1817,872,28.68
77979,202,1391,45.68
46453,202,1633,53.68
46453,304,994,32.68
46453,424,872,28.68
97257,412,1603,52.68
97257,423,1603,52.68
17003,304,1664,54.68
17003,424,2241,73.68
17003,1627,902,29.68
9742,102,4313,141.68
9742,713,2272,74.68
9742,1113,1268,41.68
9742,1801,2638,86.68
81701,1198,6108,200.68
81701,202,1725,56.68
81701,1105,2729,89.68
81701,1110,6169,202.68
81701,1616,6169,202.68
81701,1617,6169,202.68
81701,1701,2638,86.68
13419,1113,1025,33.68
13419,1703,5438,178.68
8158,102,1817,59.68
8158,304,1817,59.68
8158,1111,2363,77.68
65082,102,1452,47.68
65082,205,1177,38.68
65082,305,933,30.68
65082,307,933,30.68
65082,406,3582,117.68
65082,1817,3916,128.68
84980,1810,4068,133.68
14422,1198,6108,200.68
14422,102,1756,57.68
14422,201,1756,57.68
14422,504,1025,33.68
14422,1205,1238,40.68
90794,304,1572,51.68
67159,108,3033,99.68
67159,109,2941,96.68
67159,498,2121,69.68
67159,1105,1511,49.68
67159,1801,2272,74.68
67159,1812,1025,33.68
67159,1817,2607,85.68
84308,202,3337,109.68
84308,405,994,32.68
84308,426,3459,113.68
84308,1110,1360,44.68
84308,1113,1177,38.68
84308,1215,3947,129.68
84308,1311,994,32.68
84308,1605,4068,133.68
84308,1622,4068,133.68
84308,1634,4068,133.68
84308,1637,4068,133.68
50568,428,1360,44.68
50568,1813,1421,46.68
49078,1816,1725,56.68
35761,202,2486,81.68
35761,428,2486,81.68
95123,202,994,32.68
95123,605,1756,57.68
95123,914,994,32.68
95123,915,811,26.68
95123,1617,4343,142.68
95123,1801,1664,54.68
51493,1312,1756,57.68
10796,102,1664,54.68
10796,205,964,31.68
10796,306,1115,36.68
10796,1801,2151,70.68
10796,1812,1664,54.68
81524,304,2029,66.68
81524,798,2852,93.68
81524,1701,994,32.68
81524,1901,1086,35.68
64093,504,1511,49.68
80569,306,2121,69.68
80569,405,933,30.68
80569,407,1695,55.68
80569,423,1695,55.68
80569,432,1330,43.68
80569,510,902,29.68
80569,1009,2121,69.68
80569,1015,1572,51.68
80569,1017,2090,68.68
80569,1628,2913,95.68
80569,1801,1391,45.68
80569,1817,1146,37.68
76973,304,811,26.68
76973,1113,811,26.68
25074,102,1725,56.68
25074,305,1146,37.68
25074,1113,2547,83.68
6724,1117,1330,43.68
12144,201,1998,65.68
12144,1601,1695,55.68
12144,1798,1937,63.68
38600,1215,1421,46.68
74550,202,2182,71.68
58823,304,1360,44.68
58823,411,1268,41.68
58823,432,1664,54.68
58823,798,2547,83.68
58823,1637,2760,90.68
58823,1798,2210,72.68
35543,428,1756,57.68
44565,304,1664,54.68
44565,1637,3217,105.68
44565,1817,1360,44.68
9093,423,2182,71.68
9093,426,2182,71.68
96357,1605,841,27.68
23362,705,1115,36.68
52326,304,1725,56.68
52326,305,1725,56.68
13263,104,1480,48.68
13263,304,1480,48.68
13263,305,1480,48.68
13263,915,3306,108.68
13263,1801,1146,37.68
55794,104,3217,105.68
55794,202,2455,80.68
55794,916,1786,58.68
55794,1215,3824,125.68
55794,1616,3824,125.68
88016,705,3033,99.68
88016,1106,3186,104.68
88016,1627,3886,127.68
4801,107,1603,52.68
4801,426,1025,33.68
55853,414,1207,39.68
55853,432,2182,71.68
55853,610,2029,66.68
55853,713,1937,63.68
55853,1605,2029,66.68
55853,1633,964,31.68
55853,1634,2210,72.68
55853,1801,1817,59.68
55853,1802,1330,43.68
55853,1803,1998,65.68
55853,1816,1998,65.68
55853,1817,1633,53.68
21725,304,1146,37.68
21725,305,1086,35.68
21725,423,994,32.68
21725,1198,1268,41.68
21725,1709,4647,152.68
95814,405,1572,51.68
95814,423,1572,51.68
95814,712,1695,55.68
95814,1801,1572,51.68
68460,202,1360,44.68
68460,412,1360,44.68
68460,1816,1360,44.68
38462,1617,2302,75.68
46657,104,994,32.68
46657,305,1542,50.68
46657,306,1452,47.68
46657,1801,3429,112.68
46657,1809,1452,47.68
46657,1998,1055,34.68
66984,426,1055,34.68
66984,1008,3217,105.68
66984,1307,964,31.68
66984,1622,3278,107.68
66984,1817,1025,33.68
55580,1112,933,30.68
78228,102,2241,73.68
78228,104,1146,37.68
78228,202,5894,193.68
78228,304,5894,193.68
78228,305,5894,193.68
78228,908,2241,73.68
78228,1205,1511,49.68
78228,1212,1695,55.68
78228,1701,5529,181.68
439,1809,4221,138.68
89956,1298,4767,156.68
89956,305,2607,85.68
89956,426,2029,66.68
89956,1106,1542,50.68
89956,1117,1817,59.68
89956,1898,1817,59.68
89956,1905,1542,50.68
29182,406,2455,80.68
102082,102,1876,61.68
102082,304,2972,97.68
102082,305,3916,128.68
102082,612,568,18.68
102082,709,1146,37.68
102082,1117,4798,157.68
102082,1205,1146,37.68
102082,1617,4798,157.68
68805,304,933,30.68
96348,202,749,24.68
96348,405,1725,56.68
96348,407,2363,77.68
96348,412,2363,77.68
96348,1311,749,24.68
2317,102,4494,147.68
2317,198,1876,61.68
2317,304,4678,153.68
2317,504,1876,61.68
2317,705,1268,41.68
2317,708,5347,175.68
2317,1105,3094,101.68
2317,1298,2760,90.68
2317,1312,4252,139.68
2317,1498,3855,126.68
2317,1605,4617,151.68
2317,1634,5894,193.68
2317,1812,5316,174.68
2317,1813,4525,148.68
2317,1816,5986,196.68
27313,102,1238,40.68
27313,116,1998,65.68
27313,202,3156,103.68
27313,304,4190,137.68
27313,414,1146,37.68
27313,714,2821,92.68
27313,809,1207,39.68
27313,1113,1756,57.68
27313,1614,2455,80.68
27313,1810,4920,161.68
48746,202,1756,57.68
48746,406,2333,76.68
48746,1705,1146,37.68
45341,504,3398,111.68
45341,1798,1998,65.68
10373,107,1786,58.68
72624,998,2821,92.68
72624,304,2363,77.68
57927,110,1238,40.68
57927,405,2760,90.68
57927,406,2760,90.68
57927,412,2363,77.68
57927,423,2821,92.68
57927,712,1572,51.68
90132,198,4464,146.68
90132,304,2607,85.68
90132,305,2607,85.68
90132,498,3398,111.68
90132,504,5347,175.68
90132,709,811,26.68
90132,1708,5012,164.68
81199,1312,2090,68.68
81199,1701,4494,147.68
81199,1803,1725,56.68
770,305,1725,56.68
770,306,1725,56.68
770,712,2699,88.68
770,1801,933,30.68
37746,1198,4859,159.68
37746,1898,2455,80.68
97195,202,1452,47.68
97195,428,994,32.68
97195,1118,1177,38.68
12629,202,1025,33.68
12629,398,1025,33.68
12629,423,964,31.68
12629,1110,1330,43.68
12629,1198,994,32.68
85399,1598,4008,131.68
85399,305,1360,44.68
85399,406,1695,55.68
85399,410,2941,96.68
85399,411,2941,96.68
85399,1110,2941,96.68
85399,1113,1452,47.68
85399,1817,1360,44.68
37614,102,2972,97.68
37614,1801,6381,209.68
50773,102,1299,42.68
50773,202,2760,90.68
50773,406,1177,38.68
50773,408,2972,97.68
50773,414,3003,98.68
50773,426,2821,92.68
50773,1209,2121,69.68
50773,1617,1664,54.68
50773,1618,3064,100.68
50773,1627,3855,126.68
50773,1817,2060,67.68
81305,106,4282,140.68
18594,915,1511,49.68
85330,498,841,27.68
99779,1617,660,21.68
43327,1627,1786,58.68
27182,102,1786,58.68
13635,102,1452,47.68
13635,202,1452,47.68
13635,412,4068,133.68
13635,606,902,29.68
13635,1113,1452,47.68
13635,1617,4282,140.68
30304,201,1268,41.68
30304,423,2060,67.68
30304,604,841,27.68
30304,1810,5408,177.68
16027,608,1086,35.68
16027,1619,4647,152.68
6114,408,1360,44.68
6114,1630,2090,68.68
6114,1815,1330,43.68
92424,1634,2090,68.68
1754,712,1299,42.68
1754,1605,1452,47.68
1754,1617,964,31.68
42927,202,1695,55.68
42927,914,1268,41.68
42927,1605,1664,54.68
72440,914,1876,61.68
72440,916,1115,36.68
72440,1105,2729,89.68
72440,1203,902,29.68
72440,1816,3094,101.68
89260,305,1086,35.68
89260,708,1177,38.68
89260,709,1177,38.68
89260,1105,1115,36.68
89260,1117,1055,34.68
18897,1801,1360,44.68
32162,304,1786,58.68
32162,423,2272,74.68
98223,202,629,20.68
98223,412,721,23.68
98223,712,721,23.68
98223,1609,780,25.68
98223,1705,749,24.68
98223,1798,629,20.68
98223,1812,660,21.68
6158,398,3490,114.68
6158,202,2821,92.68
6158,310,3490,114.68
6158,1706,2425,79.68
30415,1619,1268,41.68
30415,1801,1391,45.68
18707,203,3763,123.68
18707,304,1391,45.68
18707,412,3247,106.68
18707,1112,1725,56.68
18707,1113,1725,56.68
75165,305,994,32.68
49760,809,1786,58.68
49760,1630,3824,125.68
49760,1701,3306,108.68
81477,305,1817,59.68
81477,1704,1937,63.68
77704,108,2760,90.68
77704,304,1115,36.68
77704,305,1115,36.68
77704,306,1115,36.68
77704,307,1115,36.68
77704,428,1330,43.68
77704,1616,2760,90.68
27745,304,964,31.68
27745,311,2668,87.68
27745,313,2729,89.68
1834,798,2607,85.68
1834,1117,3671,120.68
1834,1605,3977,130.68
1834,1803,3671,120.68
30142,102,994,32.68
30142,304,3186,104.68
30142,305,3186,104.68
30142,504,1725,56.68
30142,705,2455,80.68
30142,714,994,32.68
30142,1630,4798,157.68
34895,198,5104,167.68
34895,304,1146,37.68
34895,313,5194,170.68
34895,428,1146,37.68
34895,432,994,32.68
34895,612,4829,158.68
34895,1605,2729,89.68
34895,1627,1968,64.68
34895,1634,4829,158.68
34895,1798,4525,148.68
96958,1815,1268,41.68
53041,398,2455,80.68
53041,1198,1025,33.68
53041,1801,1391,45.68
53041,1898,2029,66.68
64246,305,1786,58.68
64246,306,1177,38.68
64246,428,1086,35.68
69366,102,1055,34.68
69366,428,1998,65.68
69366,1113,994,32.68
69366,1312,1817,59.68
69366,1627,2699,88.68
69366,1801,5651,185.68
69366,1817,4525,148.68
34451,305,902,29.68
34451,1215,4068,133.68
74893,306,2121,69.68
19,1634,1330,43.68
19,1804,1391,45.68
96320,202,1055,34.68
78611,411,1391,45.68
78611,713,1268,41.68
78611,1701,1542,50.68
63744,415,1633,53.68
41619,504,1725,56.68
41619,1001,2363,77.68
41619,504,1725,56.68
41619,1801,1786,58.68
41619,1812,1115,36.68
28276,1627,2486,81.68
28276,1801,4343,142.68
42079,205,1511,49.68
42079,304,1511,49.68
42079,305,5132,168.68
42079,306,5132,168.68
42079,430,6228,204.68
42079,504,6228,204.68
42079,1204,1876,61.68
42079,1604,5377,176.68
42079,1898,4982,163.68
38192,1598,2090,68.68
38192,202,2090,68.68
38192,408,2486,81.68
38192,1110,2121,69.68
38192,1113,2121,69.68
91475,304,2972,97.68
91475,305,2972,97.68
91475,405,4282,140.68
91475,407,4282,140.68
91475,410,4282,140.68
91475,411,1025,33.68
91475,412,994,32.68
91475,708,4433,145.68
91475,809,2060,67.68
91475,1112,4374,143.68
91475,1817,3278,107.68
30547,504,1603,52.68
30547,1701,3003,98.68
101182,1627,568,18.68
84741,1617,1086,35.68
84741,1634,1115,36.68
84741,1640,1086,35.68
102646,1816,872,28.68
12324,304,1115,36.68
12324,410,1025,33.68
12324,411,1025,33.68
12324,1637,1695,55.68
12324,1812,4586,150.68
12324,1817,872,28.68
77505,1598,1421,46.68
77505,1215,1421,46.68
77243,711,1146,37.68
77243,1107,1238,40.68
77243,1609,1055,34.68
77243,1622,1055,34.68
77243,1898,841,27.68
100133,1117,1115,36.68
31622,202,841,27.68
31622,1312,1452,47.68
31622,1616,2547,83.68
103205,915,994,32.68
1807,208,2394,78.68
1807,423,2394,78.68
1807,1098,2607,85.68
1807,1701,1907,62.68
1807,1817,3551,116.68
69621,201,1511,49.68
69621,202,5743,188.68
69621,1106,994,32.68
69621,1312,5104,167.68
69621,1617,5835,191.68
90286,305,1299,42.68
90286,306,1299,42.68
90286,307,1299,42.68
90286,313,5863,192.68
90286,709,1268,41.68
29116,1898,1086,35.68
81015,202,1299,42.68
81015,405,1299,42.68
58146,202,1055,34.68
58146,423,3977,130.68
17044,612,2425,79.68
75526,1298,1238,40.68
75526,1622,1086,35.68
14636,203,4525,148.68
14636,304,2090,68.68
14636,1105,2821,92.68
14636,1616,4525,148.68
14636,1701,4008,131.68
14636,1802,1086,35.68
36564,108,2121,69.68
36564,1617,2302,75.68
36564,1798,964,31.68
18954,202,3306,108.68
18954,406,1086,35.68
18954,423,1025,33.68
18954,498,2852,93.68
18954,598,964,31.68
18954,705,2699,88.68
18954,707,4617,151.68
18954,708,2638,86.68
18954,712,994,32.68
18954,719,964,31.68
18954,1627,1391,45.68
43431,404,2913,95.68
43431,1703,1115,36.68
100500,712,933,30.68
36616,202,994,32.68
36616,304,994,32.68
89396,198,1786,58.68
89396,1617,1817,59.68
89396,1701,1542,50.68
89396,1801,902,29.68
33867,713,1695,55.68
33867,1601,872,28.68
33867,1609,2060,67.68
33867,1813,933,30.68
61504,102,2972,97.68
61504,104,721,23.68
61504,115,2972,97.68
61504,202,2607,85.68
61504,306,994,32.68
61504,713,1421,46.68
61504,719,1055,34.68
61504,1113,629,20.68
61504,1817,1146,37.68
82958,304,994,32.68
82958,305,994,32.68
82958,1801,994,32.68
82958,1898,933,30.68
90952,313,1146,37.68
90952,1117,1146,37.68
90952,1622,1511,49.68
83957,708,933,30.68
87568,504,1115,36.68
87568,708,2182,71.68
87568,1118,2090,68.68
18952,1617,2302,75.68
18952,1801,2333,76.68
18952,1804,2333,76.68
29903,1798,1360,44.68
97029,102,1480,48.68
97029,998,749,24.68
31756,311,1299,42.68
31756,398,1299,42.68
31756,424,1603,52.68
31756,706,1360,44.68
31756,1617,1207,39.68
31756,1898,1299,42.68
8635,1117,1299,42.68
51467,202,1572,51.68
51467,304,1360,44.68
51467,432,3977,130.68
51467,1112,1360,44.68
51467,1616,1146,37.68
51467,1622,1146,37.68
51467,1634,1146,37.68
51467,1640,1146,37.68
51467,1801,1572,51.68
56635,305,2425,79.68
56635,398,2455,80.68
56635,1898,2425,79.68
30826,1112,780,25.68
60199,304,994,32.68
60199,305,994,32.68
60199,1111,1756,57.68
60199,1312,1756,57.68
88423,704,2852,93.68
88423,104,3490,114.68
88423,304,2455,80.68
88423,305,2455,80.68
88423,504,1146,37.68
93214,112,872,28.68
93214,410,1055,34.68
93214,601,872,28.68
93214,607,872,28.68
57937,713,1480,48.68
57937,1801,690,22.68
96192,898,872,28.68
96192,898,872,28.68
96192,1801,537,17.68
75137,304,1086,35.68
75137,305,1086,35.68
75137,1605,5194,170.68
75137,1617,5163,169.68
36857,206,1664,54.68
36857,304,1086,35.68
36857,305,2821,92.68
36857,306,2821,92.68
36857,313,5194,170.68
36857,428,4890,160.68
36857,1105,2029,66.68
36857,1630,5163,169.68
36857,1898,3186,104.68
2702,1312,1633,53.68
85145,202,3094,101.68
85145,708,1511,49.68
85145,709,1511,49.68
38759,1617,3247,106.68
38759,1622,3247,106.68
38759,1640,3337,109.68
38759,1813,3337,109.68
28162,405,2607,85.68
28162,406,2607,85.68
28162,1311,3702,121.68
34696,298,902,29.68
28042,1605,933,30.68
28042,1616,1025,33.68
30550,198,2852,93.68
30550,306,1115,36.68
30550,406,2029,66.68
30550,426,2455,80.68
30550,1118,2394,78.68
30550,1216,1391,45.68
32221,304,2241,73.68
32221,305,4798,157.68
32221,428,872,28.68
32221,809,2882,94.68
32221,1305,3247,106.68
32221,1617,6139,201.68
25401,304,1025,33.68
25401,708,1421,46.68
25401,1205,1421,46.68
25401,1810,5560,182.68
90859,112,4708,154.68
90859,202,4678,153.68
90859,424,3886,127.68
90859,914,3582,117.68
90859,916,3582,117.68
90859,1105,2121,69.68
90859,1801,2394,78.68
35810,1617,1268,41.68
47194,605,1115,36.68
47194,610,1146,37.68
47194,706,1086,35.68
47194,1110,3521,115.68
47194,1801,1786,58.68
96846,1612,1055,34.68
61971,428,2882,94.68
61971,504,1055,34.68
61971,914,1937,63.68
61971,1617,2486,81.68
61971,1634,2060,67.68
71925,304,1086,35.68
71925,305,1086,35.68
71925,306,1086,35.68
71925,998,933,30.68
71925,1637,1115,36.68
46795,107,1725,56.68
46795,1616,2121,69.68
46795,1619,2121,69.68
46795,1622,2121,69.68
39717,107,2913,95.68
39717,304,872,28.68
39717,313,4464,146.68
39717,514,872,28.68
39717,1111,2182,71.68
49369,202,1025,33.68
49369,313,2029,66.68
49369,1630,1998,65.68
99883,505,2272,74.68
48787,102,2302,75.68
48787,103,1664,54.68
48787,1113,1299,42.68
92768,608,841,27.68
92768,1211,841,27.68
92768,1214,841,27.68
99795,304,1146,37.68
99795,307,1146,37.68
99795,406,1146,37.68
83739,1617,1360,44.68
4544,1598,4739,155.68
4544,304,4739,155.68
4544,305,4739,155.68
4544,1105,994,32.68
4544,1117,4739,155.68
54750,608,1146,37.68
54750,1410,1146,37.68
54750,1630,5377,176.68
81276,708,1115,36.68
51206,305,2151,70.68
51206,719,1998,65.68
51206,1617,2210,72.68
64258,305,2972,97.68
64258,306,1876,61.68
64258,1637,2607,85.68
103508,305,1299,42.68
103508,306,1299,42.68
103508,1637,2576,84.68
103508,1817,3064,100.68
76160,1105,1177,38.68
92332,809,1115,36.68
92332,1617,1876,61.68
2334,304,1055,34.68
2334,405,3947,129.68
2334,407,1086,35.68
2334,712,3368,110.68
2334,898,964,31.68
2334,1113,2394,78.68
27601,307,2029,66.68
27601,311,4525,148.68
27601,605,1480,48.68
76036,914,1146,37.68
76036,1798,994,32.68
5180,1198,1452,47.68
47991,304,811,26.68
47991,1112,4190,137.68
47991,1215,2547,83.68
47991,1804,4190,137.68
60241,1619,2241,73.68
70917,103,1391,45.68
70917,305,2241,73.68
70917,306,2241,73.68
70917,908,1025,33.68
75966,1627,4464,146.68
58789,408,1115,36.68
58789,1215,964,31.68
58789,1612,1115,36.68
39634,306,1177,38.68
39634,311,1177,38.68
39634,411,1664,54.68
39634,601,1268,41.68
38587,306,1968,64.68
38587,407,1207,39.68
38587,426,2455,80.68
38587,1011,2486,81.68
38587,1619,2486,81.68
38587,1622,2486,81.68
38587,1637,2486,81.68
38587,1812,2486,81.68
87992,304,1421,46.68
87992,406,1511,49.68
86851,304,902,29.68
86851,708,1055,34.68
86851,1617,1664,54.68
98700,205,1603,52.68
98700,305,749,24.68
98700,306,749,24.68
98700,307,749,24.68
98700,398,2333,76.68
98700,404,4678,153.68
98700,407,537,17.68
98700,428,4313,141.68
98700,713,3977,130.68
98700,798,3794,124.68
98700,898,1968,64.68
98700,916,1786,58.68
98700,1106,2060,67.68
98700,1108,4099,134.68
98700,1110,4099,134.68
98700,1112,2060,67.68
98700,1119,2060,67.68
98700,1198,2060,67.68
98700,1205,872,28.68
98700,1609,1633,53.68
98700,1617,1633,53.68
98700,1627,1603,52.68
98700,1698,2060,67.68
98700,1905,2060,67.68
69491,1605,1695,55.68
69491,1801,964,31.68
69491,1812,994,32.68
89635,201,2090,68.68
89635,304,2972,97.68
89635,412,2576,84.68
89635,705,3247,106.68
89635,1111,2029,66.68
89635,1803,5743,188.68
100385,504,1937,63.68
100385,1605,1786,58.68
100385,1634,1360,44.68
24588,202,1299,42.68
24588,1701,1360,44.68
84105,1001,1756,57.68
90514,304,2210,72.68
90514,305,2210,72.68
90514,306,2210,72.68
90514,411,2486,81.68
90514,809,3247,106.68
90514,914,3156,103.68
90514,1704,3217,105.68
96354,1622,2182,71.68
96354,1801,1115,36.68
62650,306,1238,40.68
62650,411,2121,69.68
62650,423,2210,72.68
62650,1105,1695,55.68
62650,1804,2210,72.68
71387,203,4647,152.68
71387,205,994,32.68
71387,304,4647,152.68
71387,305,2821,92.68
71387,428,4647,152.68
71387,504,1268,41.68
71387,608,1025,33.68
71387,710,2121,69.68
71387,1113,1268,41.68
71387,1634,5743,188.68
71387,1701,4767,156.68
71387,1703,1452,47.68
96132,117,2913,95.68
96132,305,1695,55.68
96132,407,3003,98.68
96132,428,1998,65.68
96132,1117,2882,94.68
96132,1640,721,23.68
37641,298,1421,46.68
37641,304,1025,33.68
37641,307,1025,33.68
37641,412,4525,148.68
37641,426,4525,148.68
37641,1216,1238,40.68
37641,1298,1603,52.68
103278,1617,749,24.68
93757,1637,3156,103.68
93757,1817,3582,117.68
93757,1998,3551,116.68
85200,411,2151,70.68
85200,1701,2029,66.68
85200,1810,1268,41.68
6542,304,2576,84.68
6542,305,2576,84.68
6542,410,2913,95.68
6542,1106,1452,47.68
6542,1801,2333,76.68
53648,305,902,29.68
11335,108,1238,40.68
11335,1619,994,32.68
11335,1705,1025,33.68
11335,1801,1238,40.68
33414,412,2638,86.68
25318,206,994,32.68
7989,1605,4525,148.68
7989,1703,1664,54.68
7989,1802,3247,106.68
7989,1812,2972,97.68
32060,305,1360,44.68
32060,1113,1725,56.68
32060,1816,1876,61.68
92,498,1633,53.68
92,504,1633,53.68
92,598,1633,53.68
92,413,1633,53.68
92,504,1633,53.68
92,1817,1452,47.68
63132,1110,2241,73.68
63132,1701,2791,91.68
63132,1801,2272,74.68
63132,1815,3217,105.68
58539,203,1115,36.68
58539,313,4739,155.68
58539,428,2486,81.68
58539,705,1115,36.68
57782,202,4525,148.68
57782,304,3490,114.68
57782,305,2455,80.68
57782,1637,4586,150.68
32219,101,2607,85.68
32219,102,2241,73.68
32219,103,2607,85.68
32219,304,2090,68.68
32219,305,2090,68.68
32219,809,2607,85.68
32219,908,2607,85.68
32219,1801,3247,106.68
17492,426,2455,80.68
92341,305,4586,150.68
92341,504,4951,162.68
92341,1617,1725,56.68
92341,1801,1695,55.68
86295,305,1299,42.68
86295,306,3217,105.68
86295,398,1299,42.68
86295,406,1756,57.68
86295,1898,3855,126.68
19484,304,933,30.68
19484,305,933,30.68
19484,1622,3064,100.68
19484,1634,3003,98.68
57400,1617,2547,83.68
57400,1634,2607,85.68
49661,1605,1268,41.68
49661,1813,964,31.68
56854,1198,1421,46.68
56854,1810,1998,65.68
56854,1898,1421,46.68
82931,398,1391,45.68
82931,1619,3247,106.68
47452,1605,933,30.68
47452,1898,1055,34.68
5968,298,4798,157.68
5968,304,2699,88.68
5968,305,2547,83.68
5968,306,2699,88.68
5968,432,1725,56.68
5968,1113,1603,52.68
5968,1605,3337,109.68
5968,1634,2029,66.68
5968,1801,2394,78.68
5968,1812,4129,135.68
23281,304,1146,37.68
23281,708,1360,44.68
81080,307,2516,82.68
81080,1113,1452,47.68
81080,1802,4099,134.68
81080,1805,5498,180.68
81080,1817,5132,168.68
81080,1998,2029,66.68
73725,1198,1177,38.68
73725,1110,1177,38.68
98131,1609,690,22.68
81462,112,2394,78.68
81462,419,1207,39.68
81462,498,1207,39.68
81462,809,1664,54.68
81462,914,3186,104.68
81462,915,3064,100.68
81462,1801,2151,70.68
81462,1909,1207,39.68
77936,428,994,32.68
99834,102,1115,36.68
99834,305,1115,36.68
99834,428,1238,40.68
72530,201,1664,54.68
72530,304,1055,34.68
72530,408,933,30.68
72530,1113,1695,55.68
72530,1205,1025,33.68
72530,1627,4586,150.68
72530,1812,3886,127.68
32719,1617,3125,102.68
32719,1816,2060,67.68
32719,1817,1299,42.68
41068,430,6990,229.68
41068,1113,6624,217.68
41068,1627,8451,277.68
40155,305,2182,71.68
40155,415,3337,109.68
40155,511,3217,105.68
40155,1105,3702,121.68
89970,112,2455,80.68
89970,432,841,27.68
89970,1112,841,27.68
89970,1627,3156,103.68
89970,1634,2394,78.68
89970,1817,1968,64.68
90379,304,1511,49.68
90379,307,1511,49.68
90379,1106,2972,97.68
90379,1113,2972,97.68
67958,304,902,29.68
67958,306,2272,74.68
67958,432,994,32.68
67958,1601,2852,93.68
67958,1605,2972,97.68
67958,1627,2852,93.68
67958,1801,1998,65.68
67958,1807,3033,99.68
67958,1812,2913,95.68
53620,108,872,28.68
53620,304,872,28.68
53620,1898,2607,85.68
55938,403,2210,72.68
55938,1102,1876,61.68
55938,405,2029,66.68
55938,713,933,30.68
55938,1108,1876,61.68
46806,103,872,28.68
46806,304,872,28.68
46806,915,4829,158.68
46806,916,4829,158.68
46806,1898,1238,40.68
89144,1106,1725,56.68
89144,1113,1725,56.68
89144,1615,1330,43.68
89144,1801,4129,135.68
67420,202,994,32.68
67420,405,1572,51.68
67420,1627,2729,89.68
26369,1598,1968,64.68
26369,411,994,32.68
18117,304,1177,38.68
18117,305,1177,38.68
18117,1617,1695,55.68
18117,1709,964,31.68
81264,1898,1177,38.68
10562,406,1207,39.68
10562,504,2121,69.68
10562,1817,2394,78.68
76064,304,1268,41.68
76064,305,1268,41.68
76064,306,1268,41.68
76064,1703,872,28.68
76064,1817,3459,113.68
11975,202,2486,81.68
11975,304,1207,39.68
11975,406,2425,79.68
11975,423,2425,79.68
11975,1108,3064,100.68
11958,304,1511,49.68
11958,406,1268,41.68
11958,1113,1876,61.68
50382,305,2791,91.68
50382,412,1695,55.68
50382,601,4739,155.68
50382,607,4739,155.68
50382,1119,1695,55.68
75912,1630,1572,51.68
29805,306,994,32.68
29805,1627,2029,66.68
29805,1898,994,32.68
16321,1708,3855,126.68
57101,426,1756,57.68
20261,410,3521,115.68
20261,908,1756,57.68
28091,1601,1572,51.68
28091,1619,1572,51.68
28091,1627,1572,51.68
97118,202,2972,97.68
97118,206,2972,97.68
97118,313,3247,106.68
97118,405,2607,85.68
97118,415,2607,85.68
97118,423,2607,85.68
97118,432,1511,49.68
97118,1801,749,24.68
97118,1815,2516,82.68
19409,304,1055,34.68
19409,1617,3612,118.68
19409,1798,964,31.68
19409,1812,2699,88.68
72446,1616,1115,36.68
36938,108,1968,64.68
36938,432,1299,42.68
36938,1605,1876,61.68
36938,1801,1511,49.68
89141,304,1330,43.68
76670,423,2729,89.68
76670,498,2729,89.68
76670,1105,2638,86.68
18891,430,2425,79.68
18891,706,1360,44.68
18891,1630,2486,81.68
53823,1801,1452,47.68
53823,1802,902,29.68
11408,304,1086,35.68
11408,313,2182,71.68
11408,1710,2241,73.68
17303,109,4129,135.68
17303,306,1146,37.68
17303,410,3490,114.68
17303,411,3490,114.68
17303,424,3490,114.68
17303,432,3490,114.68
17303,612,4190,137.68
17303,914,2302,75.68
17303,1105,3551,116.68
17303,1117,3551,116.68
17303,1607,4402,144.68
17303,1701,2333,76.68
17303,1904,3337,109.68
25208,809,1542,50.68
25208,1622,1480,48.68
25208,1801,3064,100.68
27172,102,1207,39.68
27172,304,1207,39.68
27172,602,1572,51.68
27172,1117,2576,84.68
27172,1623,2941,96.68
27172,1812,1907,62.68
53166,304,1115,36.68
53166,313,2394,78.68
53166,1601,2090,68.68
90078,705,1115,36.68
6042,415,1876,61.68
6042,705,1115,36.68
19598,411,1055,34.68
19598,1801,1055,34.68
96725,1798,2060,67.68
90271,108,841,27.68
90271,1637,872,28.68
98240,423,964,31.68
79805,306,2455,80.68
79805,504,629,20.68
48867,102,1452,47.68
48867,304,2486,81.68
48867,428,2029,66.68
48867,504,2486,81.68
48867,705,2486,81.68
48867,1111,933,30.68
48867,1210,933,30.68
48867,1614,2333,76.68
48867,1701,2151,70.68
95270,304,2302,75.68
95270,305,2302,75.68
95270,307,2302,75.68
95270,1703,3671,120.68
28369,304,1055,34.68
28369,305,1055,34.68
28369,311,4982,163.68
28369,410,2121,69.68
28369,412,1421,46.68
28369,423,1421,46.68
28369,504,1055,34.68
28369,708,2363,77.68
28369,709,2363,77.68
58496,498,1055,34.68
26079,202,2547,83.68
26079,1617,2729,89.68
26079,1623,2699,88.68
92468,306,3156,103.68
92468,1601,3186,104.68
92468,1627,3186,104.68
85250,202,1480,48.68
81127,304,1756,57.68
86388,406,994,32.68
48207,108,841,27.68
48207,405,811,26.68
48207,423,811,26.68
48207,424,811,26.68
48207,432,964,31.68
48207,916,2699,88.68
48207,1111,994,32.68
48207,1801,2852,93.68
48207,1812,4190,137.68
48207,1898,4647,152.68
2049,412,994,32.68
2049,1801,1480,48.68
68237,304,2090,68.68
68237,1111,1876,61.68
68237,1210,1876,61.68
68237,1802,1572,51.68
28757,1113,1664,54.68
28757,1627,3916,128.68
93582,1616,1421,46.68
45437,111,1695,55.68
69624,108,1756,57.68
69624,498,1633,53.68
69624,798,2455,80.68
69624,1817,902,29.68
7557,1704,2121,69.68
7557,1709,2760,90.68
7557,1805,3886,127.68
7557,1817,2060,67.68
16852,109,2516,82.68
16852,306,964,31.68
16852,712,2455,80.68
16852,898,2090,68.68
16852,1113,1786,58.68
33222,1605,1360,44.68
33222,1617,1391,45.68
83989,305,1452,47.68
83989,908,1452,47.68
83989,1605,5621,184.68
45440,713,2760,90.68
45440,1801,2516,82.68
6273,412,2333,76.68
6273,423,1360,44.68
6273,426,1360,44.68
69151,1616,1207,39.68
69151,1617,1207,39.68
46386,305,1480,48.68
46386,511,994,32.68
46386,1105,1268,41.68
46386,1117,1664,54.68
68474,414,1391,45.68
68474,914,1115,36.68
68474,1622,1055,34.68
57481,498,1177,38.68
57481,413,1177,38.68
57481,504,1268,41.68
98370,414,721,23.68
98370,1801,1086,35.68
102358,1616,476,15.68
98568,498,780,25.68
71017,306,964,31.68
71017,398,964,31.68
71017,428,964,31.68
21879,411,2760,90.68
21879,432,1055,34.68
21879,1105,2486,81.68
21879,1634,3855,126.68
374,102,2121,69.68
374,916,2333,76.68
374,1110,4402,144.68
374,1637,2090,68.68
62360,304,4617,151.68
62360,510,3490,114.68
62360,598,3490,114.68
62360,1117,841,27.68
62360,1304,1238,40.68
96649,198,2210,72.68
96649,412,3643,119.68
96649,708,3643,119.68
96649,712,3977,130.68
96649,719,1330,43.68
96649,1705,1786,58.68
79278,405,2241,73.68
79278,410,1725,56.68
83619,202,2699,88.68
83619,1630,2729,89.68
44362,116,1695,55.68
44362,306,2425,79.68
9957,405,994,32.68
9957,412,994,32.68
9957,712,994,32.68
9957,916,3490,114.68
9957,1605,1330,43.68
87042,1616,994,32.68
51886,1812,1055,34.68
88157,1113,1480,48.68
99612,602,4678,153.68
99612,304,1299,42.68
99612,305,4678,153.68
99612,311,4678,153.68
99612,602,4678,153.68
99612,1108,1695,55.68
99612,1701,2516,82.68
15021,102,1480,48.68
15021,201,1115,36.68
15021,304,1115,36.68
15021,306,1268,41.68
15021,504,4767,156.68
15021,708,964,31.68
15021,1617,964,31.68
100709,708,1086,35.68
100709,709,1086,35.68
96200,432,841,27.68
72565,426,3947,129.68
72565,608,1542,50.68
72565,1704,1907,62.68
42048,1605,2302,75.68
48306,203,4798,157.68
48306,304,3278,107.68
48306,1198,1998,65.68
48306,1701,4402,144.68
57691,304,2425,79.68
57691,1804,2425,79.68
11993,102,1086,35.68
11993,1801,3278,107.68
83484,410,1421,46.68
83484,1117,2090,68.68
74612,1215,1025,33.68
74612,1634,3916,128.68
74612,1805,3855,126.68
72346,406,1360,44.68
89253,1811,1725,56.68
89253,1898,1725,56.68
29746,1312,568,18.68
93890,1619,1360,44.68
90737,107,2455,80.68
90737,304,1025,33.68
90737,310,3490,114.68
90737,410,1025,33.68
90737,1622,3490,114.68
90737,1634,3490,114.68
90737,1637,3490,114.68
16507,1703,1268,41.68
16507,1898,1511,49.68
59915,426,933,30.68
59915,1619,1421,46.68
25748,198,3459,113.68
93275,809,841,27.68
93275,1605,1937,63.68
90780,498,872,28.68
90780,504,2791,91.68
55796,304,2821,92.68
55796,305,1330,43.68
55796,307,1330,43.68
55796,398,4068,133.68
55796,709,4037,132.68
55796,1298,4037,132.68
55796,1613,4099,134.68
55796,1703,3521,115.68
89053,102,872,28.68
89053,304,2972,97.68
89053,305,1268,41.68
89053,306,2972,97.68
89053,1205,872,28.68
89053,1605,4739,155.68
89053,1701,4767,156.68
32185,423,933,30.68
32185,1015,1360,44.68
32185,1617,1360,44.68
83152,1609,1025,33.68
47337,202,2210,72.68
47337,415,1725,56.68
47337,426,1452,47.68
47337,1801,1845,60.68
47337,1813,1452,47.68
39576,305,902,29.68
39576,1701,1542,50.68
98765,708,1146,37.68
89385,712,902,29.68
95836,708,2090,68.68
95836,1617,2455,80.68
95836,1801,1907,62.68
89943,201,4190,137.68
89943,916,902,29.68
89943,1215,3521,115.68
89943,1622,3306,108.68
89943,1634,3306,108.68
89943,1640,3306,108.68
89943,1801,1511,49.68
12394,498,1603,52.68
12394,1703,1330,43.68
47627,708,933,30.68
47627,712,933,30.68
47627,718,933,30.68
47627,719,933,30.68
47509,108,1664,54.68
47509,423,964,31.68
47509,426,964,31.68
70709,412,933,30.68
70709,428,994,32.68
70709,712,902,29.68
70709,1798,5863,192.68
103071,202,568,18.68
99627,1616,2760,90.68
19945,704,2486,81.68
19945,198,1177,38.68
19945,426,1238,40.68
19945,1117,1998,65.68
19945,1637,2455,80.68
48776,304,1238,40.68
48776,305,2151,70.68
48776,311,2121,69.68
48776,809,2486,81.68
48776,1113,2302,75.68
48776,1498,1633,53.68
8911,304,1725,56.68
8911,305,1725,56.68
8911,1601,2516,82.68
3418,304,964,31.68
88417,205,1146,37.68
88417,1119,1511,49.68
88417,1701,3977,130.68
88417,1801,3916,128.68
23983,116,1876,61.68
23983,201,1207,39.68
23983,304,4068,133.68
23983,405,4647,152.68
23983,412,4647,152.68
23983,423,4647,152.68
23983,504,2972,97.68
23983,803,1238,40.68
23983,1112,690,22.68
23983,1113,2972,97.68
23983,1205,1360,44.68
23983,1812,5285,173.68
69299,202,1055,34.68
69299,705,902,29.68
13947,304,1391,45.68
13947,305,1391,45.68
13947,415,4678,153.68
82253,425,1025,33.68
76774,305,1115,36.68
76774,1312,1452,47.68
50364,1113,1086,35.68
23381,1709,994,32.68
27602,304,811,26.68
80171,108,1968,64.68
80171,304,1146,37.68
80171,1622,2029,66.68
80171,1630,2121,69.68
4871,498,3612,118.68
4871,915,3217,105.68
4871,1617,3612,118.68
89250,304,2455,80.68
89250,305,2302,75.68
89250,404,1207,39.68
89250,798,1391,45.68
89250,1619,2941,96.68
89250,1813,2607,85.68
87225,428,2272,74.68
87943,1215,1817,59.68
87943,1298,1817,59.68
87943,1614,1330,43.68
87943,1616,1786,58.68
87943,1898,2241,73.68
92369,304,2972,97.68
67274,1801,2729,89.68
100386,306,660,21.68
69787,1105,1238,40.68
61864,432,872,28.68
61864,1817,1786,58.68
7556,1701,2151,70.68
7556,1898,4739,155.68
57844,504,1025,33.68
94533,1609,1055,34.68
94533,1617,1025,33.68
59433,102,1177,38.68
59433,205,1207,39.68
59433,304,933,30.68
59433,405,933,30.68
59433,406,933,30.68
59433,407,933,30.68
59433,804,4313,141.68
59433,915,4190,137.68
59433,1619,2333,76.68
59433,1815,4221,138.68
46602,311,2576,84.68
46602,405,1756,57.68
46602,1113,1695,55.68
35679,423,2576,84.68
35679,916,2241,73.68
35679,1015,2241,73.68
40282,1627,2455,80.68
81941,1617,2029,66.68
81941,1812,1968,64.68
86567,1812,1421,46.68
57719,408,994,32.68
57719,415,1025,33.68
57719,708,1086,35.68
57719,712,1086,35.68
20233,498,1268,41.68
87853,305,2760,90.68
87853,1810,2760,90.68
56915,198,1115,36.68
56915,305,1511,49.68
56915,306,2455,80.68
56915,498,1786,58.68
56915,908,2486,81.68
56915,916,1146,37.68
56915,1215,1876,61.68
56915,1216,964,31.68
26909,1002,2394,78.68
26909,1798,2121,69.68
21752,916,1025,33.68
21752,1407,1025,33.68
21752,1801,902,29.68
21752,1817,964,31.68
90122,916,1330,43.68
90122,1601,4252,139.68
84071,407,902,29.68
84071,426,841,27.68
84071,713,4678,153.68
52463,304,1542,50.68
52463,423,2090,68.68
97104,205,1511,49.68
97104,304,1572,51.68
97104,504,2151,70.68
97104,1117,1115,36.68
97104,1205,749,24.68
97007,102,1115,36.68
97007,610,1876,61.68
97007,1308,690,22.68
46591,305,994,32.68
46591,306,994,32.68
99865,432,629,20.68
99865,1605,872,28.68
38265,915,964,31.68
38265,1812,1725,56.68
102185,202,2121,69.68
102185,407,1756,57.68
102185,412,1756,57.68
102185,504,1756,57.68
102185,798,1695,55.68
102185,916,1421,46.68
102185,1017,2486,81.68
102185,1617,2547,83.68
102185,1817,2486,81.68
62448,1617,1268,41.68
67929,1609,2913,95.68
102134,1304,568,18.68
70881,1617,3368,110.68
70881,1704,3521,115.68
99911,708,749,24.68
99911,1637,749,24.68
80174,405,964,31.68
7725,1798,3125,102.68
62362,104,964,31.68
62362,411,1391,45.68
62362,430,5774,189.68
62362,1817,2455,80.68
80616,208,994,32.68
80616,1815,1786,58.68
61098,298,1603,52.68
61098,410,1603,52.68
61098,411,1603,52.68
61098,498,1603,52.68
61098,698,1603,52.68
96030,304,690,22.68
96030,708,1055,34.68
9594,915,2941,96.68
9594,1198,1086,35.68
9594,1616,2182,71.68
9594,1701,1876,61.68
27960,1801,1664,54.68
27960,1816,1115,36.68
78933,102,1725,56.68
78933,109,964,31.68
78933,305,3186,104.68
78933,1215,1360,44.68
78933,1407,994,32.68
78933,1637,1207,39.68
78933,1801,1511,49.68
78933,1816,4647,152.68
2749,704,3794,124.68
2749,109,964,31.68
2749,498,2972,97.68
2749,705,2576,84.68
2749,708,1452,47.68
2749,709,4068,133.68
2749,809,1452,47.68
2749,1112,3582,117.68
2749,1617,3733,122.68
2749,1637,3429,112.68
2749,1804,3582,117.68
2749,1812,3490,114.68
2749,1898,2791,91.68
1922,412,2151,70.68
1922,414,2151,70.68
58398,205,1177,38.68
58398,504,4160,136.68
58398,608,1633,53.68
58398,1113,3459,113.68
58398,1216,1207,39.68
58398,1622,1330,43.68
79987,304,1177,38.68
79987,1619,1452,47.68
4547,428,872,28.68
89985,205,2607,85.68
89985,304,4068,133.68
89985,305,2607,85.68
89985,1634,3916,128.68
89985,1812,1876,61.68
36759,304,2882,94.68
36759,305,2882,94.68
95907,311,690,22.68
86576,428,1055,34.68
86576,1110,1725,56.68
86576,1616,2699,88.68
86576,1617,3306,108.68
25743,709,1725,56.68
25743,809,1542,50.68
25743,1813,1725,56.68
41680,426,1055,34.68
41680,432,1360,44.68
41680,1605,1756,57.68
86939,1605,2607,85.68
86939,1813,1572,51.68
77085,1817,2210,72.68
47801,428,2455,80.68
47801,432,1086,35.68
47801,713,3186,104.68
13525,202,2913,95.68
13525,304,1511,49.68
13525,406,1542,50.68
13525,426,3217,105.68
13525,432,3551,116.68
13525,705,2607,85.68
13525,713,3916,128.68
13525,1113,2425,79.68
13525,1312,1177,38.68
13525,1610,2913,95.68
13525,1616,1998,65.68
13525,1803,3278,107.68
13525,1812,3156,103.68
13525,1813,3916,128.68
13525,1817,2729,89.68
44573,102,1725,56.68
44573,198,2151,70.68
44573,1106,3217,105.68
44573,1117,2760,90.68
44573,1801,2151,70.68
44573,1810,3612,118.68
45651,1801,3551,116.68
46052,120,1177,38.68
46052,705,3337,109.68
46052,1112,2972,97.68
46052,1113,1146,37.68
46052,1709,1511,49.68
46052,1801,3643,119.68
46052,1810,2972,97.68
46052,1815,3186,104.68
78186,202,690,22.68
78186,203,1330,43.68
78186,1614,1391,45.68
88901,307,2576,84.68
88901,1609,3763,123.68
11837,426,2882,94.68
11837,1117,3855,126.68
90266,305,1603,52.68
90266,1198,872,28.68
83949,1617,994,32.68
22791,1617,3306,108.68
22791,1626,933,30.68
55260,1605,3733,122.68
100459,423,568,18.68
100459,1798,568,18.68
29825,1614,994,32.68
29825,1801,1756,57.68
20610,306,1421,46.68
20610,713,2455,80.68
95617,1798,749,24.68
95617,1801,721,23.68
38680,1634,994,32.68
26300,406,2060,67.68
87136,202,1086,35.68
87136,426,1055,34.68
87136,1305,933,30.68
52037,120,964,31.68
52037,304,1025,33.68
52037,305,2760,90.68
52037,306,2760,90.68
52037,307,1025,33.68
52037,423,2333,76.68
52037,430,4767,156.68
52037,712,1115,36.68
52037,1113,1876,61.68
52037,1627,964,31.68
52037,1798,1146,37.68
52037,1801,2272,74.68
52037,1898,1511,49.68
5794,1198,811,26.68
5794,404,2272,74.68
5794,423,2272,74.68
4352,304,1146,37.68
4352,714,2151,70.68
4352,719,2121,69.68
4352,1110,1998,65.68
4352,1111,1511,49.68
4352,1119,1998,65.68
4352,1609,5073,166.68
100008,108,3125,102.68
100008,201,1907,62.68
100008,305,2182,71.68
100008,414,1664,54.68
100008,1640,1330,43.68
100008,1801,1025,33.68
80535,915,2455,80.68
80535,998,1146,37.68
80535,1312,3643,119.68
80535,1817,2852,93.68
53131,908,2516,82.68
53131,915,2638,86.68
53131,1113,2455,80.68
53131,1637,2121,69.68
72350,1612,1817,59.68
86997,410,2486,81.68
56642,915,1360,44.68
56642,1698,1268,41.68
56642,1817,1025,33.68
95068,305,780,25.68
95068,1813,2090,68.68
22689,304,872,28.68
22689,1617,3794,124.68
95214,198,1421,46.68
95214,201,1086,35.68
95214,304,2913,95.68
95214,305,2913,95.68
95214,1616,1360,44.68
100636,1106,749,24.68
60842,498,2090,68.68
60842,1701,1907,62.68
34616,111,2029,66.68
34616,202,933,30.68
34616,1617,2151,70.68
84390,1898,902,29.68
91897,102,2151,70.68
91897,304,2151,70.68
91897,305,2151,70.68
91897,428,2151,70.68
91897,498,2151,70.68
43822,108,1086,35.68
43822,202,1299,42.68
43822,406,1299,42.68
43822,407,1299,42.68
43822,412,1086,35.68
43822,423,1299,42.68
43822,719,1086,35.68
43822,1607,1086,35.68
43822,1616,2182,71.68
43822,1634,2182,71.68
100987,1811,568,18.68
100987,1898,721,23.68
51265,406,1146,37.68
66230,202,2821,92.68
66230,304,2455,80.68
66230,423,4282,140.68
66230,1813,3186,104.68
37238,304,933,30.68
37238,423,2760,90.68
37238,426,2760,90.68
37238,1617,1177,38.68
81967,102,3886,127.68
81967,201,1177,38.68
81967,415,3733,122.68
81967,423,3551,116.68
81967,428,1664,54.68
81967,498,3763,123.68
81967,504,2425,79.68
81967,705,3490,114.68
81967,709,811,26.68
81967,712,3490,114.68
81967,906,811,26.68
81967,908,811,26.68
81967,916,811,26.68
81967,1113,2394,78.68
81967,1312,1115,36.68
81967,1407,811,26.68
32829,510,1511,49.68
32829,713,1876,61.68
32829,1614,1511,49.68
21862,304,3217,105.68
21862,1801,2852,93.68
52756,1113,902,29.68
52756,1801,4008,131.68
52756,1802,2821,92.68
48512,116,1086,35.68
48512,305,2486,81.68
48512,713,1817,59.68
48512,1705,3886,127.68
8753,426,1421,46.68
8753,1802,1360,44.68
87213,102,2972,97.68
87213,504,4068,133.68
87213,916,5743,188.68
87213,1113,1633,53.68
87213,1209,1299,42.68
87213,1210,1725,56.68
87213,1312,3643,119.68
87213,1634,5012,164.68
10233,1105,1633,53.68
86033,101,2090,68.68
86033,1215,2882,94.68
86033,1307,2090,68.68
45153,108,2151,70.68
45153,406,1025,33.68
45153,1708,2272,74.68
45153,1813,1664,54.68
37901,1106,1511,49.68
47960,201,1207,39.68
47960,298,5104,167.68
47960,305,5073,166.68
47960,306,5073,166.68
47960,498,5955,195.68
47960,608,5104,167.68
47960,1113,1998,65.68
47960,1211,5104,167.68
47960,1698,5955,195.68
47960,1898,5073,166.68
56032,1617,1146,37.68
102964,1616,2151,70.68
102964,1617,3306,108.68
102964,1813,2941,96.68
99722,914,690,22.68
29253,714,1360,44.68
29253,1630,2182,71.68
29253,1812,1695,55.68
96026,107,2121,69.68
96026,304,2486,81.68
96026,305,2486,81.68
96026,306,2486,81.68
96026,1817,2547,83.68
10791,304,3702,121.68
10791,307,1055,34.68
10791,708,1025,33.68
10791,1106,1055,34.68
10791,1215,994,32.68
10791,1705,3551,116.68
88705,898,1360,44.68
91251,1616,1330,43.68
91251,1617,1330,43.68
29567,102,1360,44.68
29567,304,1845,60.68
29567,305,1845,60.68
25525,405,1025,33.68
25525,712,2729,89.68
25525,1198,994,32.68
25525,1629,964,31.68
73274,1801,1177,38.68
11283,1704,1177,38.68
35681,1705,2547,83.68
35681,1801,1725,56.68
51279,1627,1633,53.68
94473,1312,1330,43.68
91548,102,1603,52.68
91548,426,2394,78.68
91548,916,4068,133.68
91548,1113,2547,83.68
91548,1627,4252,139.68
38728,116,1055,34.68
38728,306,2363,77.68
38728,313,5316,174.68
38728,705,1025,33.68
691,1703,4221,138.68
691,1812,1086,35.68
28678,1617,902,29.68
15595,205,1511,49.68
15595,305,1330,43.68
15595,313,5347,175.68
15595,1215,4708,154.68
15595,1605,2668,87.68
15595,1617,5347,175.68
75785,306,3186,104.68
75785,1105,1055,34.68
75785,1801,1391,45.68
36801,432,2029,66.68
36801,1617,1511,49.68
44234,412,1756,57.68
44234,713,1756,57.68
44234,915,1695,55.68
44234,1105,1330,43.68
44234,1117,1330,43.68
44234,1617,1055,34.68
79210,498,933,30.68
79210,1098,1664,54.68
88186,304,902,29.68
88186,305,872,28.68
88186,426,964,31.68
65415,1617,4343,142.68
65415,1817,2821,92.68
92787,1619,3186,104.68
92787,1813,3217,105.68
87983,404,2760,90.68
87983,405,2668,87.68
87983,426,2760,90.68
87983,1105,1360,44.68
87983,1113,1360,44.68
81669,404,1299,42.68
81669,708,1299,42.68
83496,398,3278,107.68
65727,202,4068,133.68
56808,108,964,31.68
56808,1112,1086,35.68
89805,304,2394,78.68
89805,1215,4678,153.68
89805,1613,6108,200.68
10045,423,964,31.68
10045,705,1725,56.68
10045,1801,1146,37.68
63244,202,2821,92.68
63244,423,1725,56.68
63244,915,2272,74.68
87803,202,872,28.68
42068,405,964,31.68
42068,1108,1695,55.68
42068,1805,2182,71.68
373,423,1086,35.68
373,709,1146,37.68
23851,1637,1177,38.68
23851,1801,1055,34.68
98358,203,3886,127.68
98358,423,964,31.68
98358,705,964,31.68
6142,1619,3094,101.68
41056,102,1421,46.68
82905,498,2182,71.68
82905,710,1086,35.68
82905,713,1086,35.68
82905,915,1876,61.68
82905,1613,2182,71.68
82905,1801,2090,68.68
82905,1809,1756,57.68
70120,304,2729,89.68
70120,305,2729,89.68
70120,498,994,32.68
70120,1113,994,32.68
70120,1812,3064,100.68
88562,1801,994,32.68
88562,1898,933,30.68
93536,202,2455,80.68
93536,1805,1786,58.68
100371,1701,811,26.68
100271,1817,994,32.68
30274,104,1299,42.68
30274,304,1421,46.68
30274,1110,2486,81.68
30274,1113,2486,81.68
90923,205,1360,44.68
90923,304,2821,92.68
90923,1113,2090,68.68
9364,108,1756,57.68
9364,423,1756,57.68
9364,1110,1998,65.68
9364,1801,1786,58.68
29835,202,2060,67.68
8367,304,2941,96.68
8367,305,2941,96.68
8367,311,4433,145.68
8367,411,4129,135.68
8367,412,3033,99.68
8367,432,994,32.68
8367,1307,1268,41.68
42763,1812,1055,34.68
33053,304,994,32.68
33053,305,994,32.68
33053,311,2760,90.68
63129,203,1330,43.68
63129,304,1756,57.68
63129,1616,1695,55.68
63129,1637,1695,55.68
2904,198,2547,83.68
2904,311,3916,128.68
2904,498,1664,54.68
2904,519,1391,45.68
2904,1609,3916,128.68
2904,1617,3824,125.68
2904,1817,3855,126.68
2904,1998,3855,126.68
90818,313,872,28.68
29809,306,2425,79.68
29809,510,2882,94.68
29809,713,2394,78.68
72272,406,1177,38.68
72272,428,3916,128.68
85105,202,1330,43.68
85105,404,1421,46.68
85105,1112,872,28.68
85105,1119,1330,43.68
85105,1312,872,28.68
90788,423,994,32.68
90788,1634,964,31.68
90788,1637,902,29.68
39147,1801,1756,57.68
39147,1816,1207,39.68
36944,202,1238,40.68
36944,304,902,29.68
36944,305,1268,41.68
36944,406,2760,90.68
36944,708,1330,43.68
36944,1105,2090,68.68
36944,1704,1115,36.68
1899,408,933,30.68
100712,1117,1542,50.68
100712,1801,1452,47.68
100712,1805,1511,49.68
83638,1801,2121,69.68
83638,1812,1268,41.68
29088,202,1845,60.68
29088,305,2241,73.68
29088,708,1238,40.68
29088,709,2272,74.68
29088,1616,1177,38.68
29088,1817,1238,40.68
77394,1605,3490,114.68
77394,1630,3794,124.68
77394,1816,3064,100.68
95458,1634,2210,72.68
81868,1605,1299,42.68
81868,1801,1238,40.68
72232,304,1511,49.68
72232,305,1511,49.68
3500,426,1452,47.68
3500,432,994,32.68
3500,1111,902,29.68
3500,1210,902,29.68
88894,1312,2060,67.68
88894,1622,2455,80.68
3208,1605,1876,61.68
1346,407,994,32.68
1346,424,994,32.68
1346,708,1115,36.68
1346,804,1115,36.68
1346,1801,902,29.68
37767,306,2760,90.68
37767,1610,4313,141.68
37767,1630,5377,176.68
41854,108,1421,46.68
42322,1617,1177,38.68
93920,1634,811,26.68
30523,198,1845,60.68
30523,305,1391,45.68
30523,498,2821,92.68
30523,714,1725,56.68
30523,1798,1452,47.68
30523,1812,1299,42.68
67421,310,3582,117.68
67421,713,3186,104.68
67421,915,3490,114.68
67421,1105,2791,91.68
67421,1312,2547,83.68
67421,1605,2791,91.68
87364,423,902,29.68
86860,305,872,28.68
86860,504,1268,41.68
86860,605,902,29.68
63572,504,2363,77.68
63572,1105,1452,47.68
63572,1698,2394,78.68
63572,1801,1756,57.68
102457,604,1146,37.68
4200,305,2210,72.68
4200,307,2210,72.68
4200,1117,1817,59.68
93710,498,841,27.68
93710,1616,841,27.68
42429,202,1055,34.68
42429,1801,1876,61.68
23814,428,1268,41.68
23814,1617,1633,53.68
23814,1805,1603,52.68
79200,102,1055,34.68
79200,116,1876,61.68
79200,1198,5073,166.68
79200,1308,933,30.68
18745,202,1664,54.68
18745,712,3794,124.68
37806,304,1115,36.68
37806,305,1115,36.68
37806,803,1146,37.68
49576,809,1207,39.68
49576,1615,1511,49.68
100016,201,1511,49.68
100016,202,2972,97.68
100016,916,1086,35.68
100016,1106,1452,47.68
100016,1803,1968,64.68
77466,306,1360,44.68
77466,405,964,31.68
77466,426,964,31.68
77466,598,1572,51.68
77466,710,1572,51.68
77466,1603,1603,52.68
77466,1614,1603,52.68
77466,1616,1603,52.68
77466,1619,1603,52.68
77466,1622,1603,52.68
77466,1634,1603,52.68
77466,1640,1603,52.68
77466,1898,1603,52.68
55275,1118,2151,70.68
86558,108,2821,92.68
98317,411,964,31.68
98317,1617,964,31.68
23639,304,994,32.68
57799,412,994,32.68
57799,423,1725,56.68
57799,432,1391,45.68
24257,305,1876,61.68
88117,202,1786,58.68
91170,407,841,27.68
80278,712,4190,137.68
80278,719,4190,137.68
80278,798,2699,88.68
80278,998,2121,69.68
80278,1198,2090,68.68
80278,1601,2425,79.68
80278,1802,3186,104.68
90655,1605,902,29.68
89355,1801,2455,80.68
89355,1810,2363,77.68
91708,305,1025,33.68
78637,1617,1146,37.68
78637,1708,2272,74.68
78637,1801,1968,64.68
90405,798,2821,92.68
90405,1298,2029,66.68
78907,306,994,32.68
78907,1198,2516,82.68
78907,1805,2516,82.68
78907,1898,994,32.68
66787,1305,964,31.68
66787,1312,1086,35.68
63586,1619,1421,46.68
92616,1110,3337,109.68
3795,304,1055,34.68
3795,426,2729,89.68
60167,602,933,30.68
60167,607,933,30.68
81928,304,964,31.68
81928,423,1086,35.68
81928,708,1238,40.68
81928,1609,1268,41.68
62255,501,4160,136.68
62255,1198,4221,138.68
62255,304,1360,44.68
62255,413,4160,136.68
62255,504,4221,138.68
62255,518,4221,138.68
62255,713,2882,94.68
62255,1609,4221,138.68
62255,1704,4221,138.68
66091,498,3337,109.68
3759,709,1725,56.68
3759,1617,902,29.68
47330,305,964,31.68
46489,120,2791,91.68
4120,305,3824,125.68
4120,398,3824,125.68
60152,403,1664,54.68
60152,704,1664,54.68
60152,310,1603,52.68
59215,305,1177,38.68
59215,306,1421,46.68
59215,405,2547,83.68
59215,423,2547,83.68
59215,426,2547,83.68
59215,1215,2090,68.68
74707,298,780,25.68
74707,608,933,30.68
74707,1106,4647,152.68
74707,1113,4647,152.68
74707,1211,933,30.68
74707,1637,5377,176.68
74707,1898,5163,169.68
86902,1998,2729,89.68
86671,202,1817,59.68
86671,304,994,32.68
94282,405,841,27.68
94282,411,933,30.68
94282,432,933,30.68
51330,306,3156,103.68
52551,432,3337,109.68
52551,1110,902,29.68
52551,1113,902,29.68
52551,1605,3429,112.68
97494,306,1876,61.68
97494,310,1907,62.68
97494,407,1756,57.68
97494,408,690,22.68
97494,423,690,22.68
8922,1617,2668,87.68
95362,405,537,17.68
95362,1817,902,29.68
45226,101,1299,42.68
45226,205,1299,42.68
45226,306,2394,78.68
45226,705,2394,78.68
45226,709,1299,42.68
45226,1803,1055,34.68
45226,1810,6108,200.68
45226,1898,3671,120.68
27705,202,1391,45.68
3505,405,964,31.68
3505,406,964,31.68
3505,423,1968,64.68
3505,1198,2363,77.68
50118,202,1268,41.68
68504,916,1238,40.68
67995,102,1268,41.68
67995,205,1268,41.68
67995,305,1511,49.68
67995,514,1268,41.68
67995,908,1268,41.68
67995,911,2576,84.68
67995,1298,2576,84.68
92308,426,994,32.68
92308,713,1025,33.68
35309,1105,1542,50.68
35309,1898,1542,50.68
99055,1634,780,25.68
78789,305,3916,128.68
78789,1106,2972,97.68
78789,1812,2729,89.68
78789,1817,1542,50.68
67235,201,1756,57.68
40620,1106,2972,97.68
40620,1113,2972,97.68
40620,1698,5163,169.68
40620,1802,3186,104.68
40620,1998,4282,140.68
60183,1112,964,31.68
60183,1622,1542,50.68
51676,198,933,30.68
51676,304,933,30.68
51676,1198,933,30.68
51676,1698,3886,127.68
51676,1705,4160,136.68
61584,1605,2029,66.68
61584,1801,1968,64.68
71420,408,1756,57.68
90206,1598,5651,185.68
90206,201,1146,37.68
90206,410,5529,181.68
90206,1111,4739,155.68
90206,1113,1146,37.68
90206,1117,5651,185.68
90206,1305,1146,37.68
52788,1619,3582,117.68
52788,1801,3064,100.68
6886,107,2241,73.68
468,708,2241,73.68
468,1605,1845,60.68
468,1812,1937,63.68
468,1815,1633,53.68
82946,415,1268,41.68
61725,202,1391,45.68
61725,298,1391,45.68
61725,304,1391,45.68
61725,305,1146,37.68
61725,306,1146,37.68
61725,398,1391,45.68
61725,1637,1391,45.68
41515,305,1330,43.68
41515,432,1695,55.68
41515,605,1207,39.68
41515,1605,1207,39.68
41515,1812,1725,56.68
4608,306,1725,56.68
4608,1701,3186,104.68
28941,203,2547,83.68
28941,408,994,32.68
102258,1215,537,17.68
56523,305,2668,87.68
56523,1113,2241,73.68
56523,1801,1876,61.68
60915,306,1511,49.68
60915,1605,3643,119.68
60915,1616,2913,95.68
60915,1637,2913,95.68
60915,1701,1695,55.68
60915,1703,3217,105.68
60915,1810,5255,172.68
44553,610,1299,42.68
44553,1113,2121,69.68
44553,1312,872,28.68
44553,1605,1360,44.68
44553,1637,4252,139.68
69937,1701,1786,58.68
3954,304,1391,45.68
3954,305,1391,45.68
76486,1812,1725,56.68
29742,428,1845,60.68
29742,504,2210,72.68
29742,605,2210,72.68
12507,304,3551,116.68
12507,306,3551,116.68
12507,428,3247,106.68
12507,915,3886,127.68
12507,1802,1845,60.68
63084,201,2241,73.68
63084,305,2121,69.68
33196,305,902,29.68
33196,425,2760,90.68
33196,1701,2638,86.68
33196,1703,2394,78.68
33196,1801,2668,87.68
75573,713,1572,51.68
56800,1817,841,27.68
84134,1701,1238,40.68
89746,201,2882,94.68
89746,1637,1968,64.68
88481,1814,1391,45.68
46200,305,2821,92.68
46200,504,4708,154.68
46200,705,1299,42.68
82802,1598,4617,151.68
82802,1898,2455,80.68
65562,1701,2272,74.68
89506,1198,872,28.68
89506,198,1055,34.68
89506,1110,841,27.68
89506,1117,872,28.68
100276,1108,841,27.68
22907,1701,1177,38.68
30605,109,3156,103.68
30605,305,2760,90.68
30605,428,4678,153.68
30605,1106,5438,178.68
30605,1112,3855,126.68
30605,1215,1998,65.68
5315,1112,6169,202.68
5315,1817,994,32.68
5315,1898,964,31.68
40735,304,1845,60.68
40735,306,1845,60.68
40735,708,3003,98.68
57170,1801,1238,40.68
6217,916,872,28.68
26449,202,1360,44.68
26449,412,1480,48.68
26449,426,1360,44.68
26449,708,1480,48.68
26449,709,1480,48.68
26449,712,1480,48.68
16792,705,933,30.68
16792,1617,994,32.68
37625,406,2972,97.68
37625,426,2241,73.68
37625,1817,3429,112.68
6102,406,1055,34.68
4873,498,1330,43.68
4873,1627,1786,58.68
4873,1640,1756,57.68
4873,1898,1786,58.68
103283,915,994,32.68
70516,1110,4647,152.68
70516,1809,4647,152.68
70516,1816,1055,34.68
99230,1805,1572,51.68
12848,203,1968,64.68
12848,426,2760,90.68
12848,1113,1786,58.68
12848,1215,4008,131.68
36674,914,1817,59.68
36674,1617,1025,33.68
36674,1801,1330,43.68
36674,1817,1055,34.68
5717,406,1055,34.68
30752,411,1998,65.68
30752,432,1025,33.68
30752,713,933,30.68
30752,1817,902,29.68
26648,102,1876,61.68
26648,201,1876,61.68
26648,305,2972,97.68
26648,423,2241,73.68
26648,504,1146,37.68
97937,202,2060,67.68
97937,916,2455,80.68
97937,1634,3247,106.68
80286,306,1207,39.68
80286,1619,1207,39.68
80286,1701,1055,34.68
80286,1801,1177,38.68
97184,427,1452,47.68
97184,1113,902,29.68
97184,1801,4890,160.68
41192,998,1391,45.68
100006,118,2090,68.68
100006,304,994,32.68
88351,201,1055,34.68
88351,809,5104,167.68
88351,998,1421,46.68
88351,1113,1055,34.68
88351,1216,964,31.68
88351,1605,4494,147.68
29686,606,4798,157.68
29686,712,4798,157.68
29686,719,4798,157.68
29686,809,1330,43.68
29686,916,964,31.68
29686,1113,1786,58.68
29686,1617,1299,42.68
29686,1817,4252,139.68
102436,1703,1633,53.68
102436,1801,2486,81.68
87914,305,1360,44.68
87914,432,872,28.68
87914,504,5498,180.68
87914,512,1817,59.68
87914,612,902,29.68
87914,710,4708,154.68
87914,908,1115,36.68
87914,1117,1937,63.68
87914,1817,1725,56.68
65416,504,2516,82.68
65416,103,1086,35.68
65416,305,1055,34.68
65416,512,1238,40.68
65416,1110,1876,61.68
65416,1113,1876,61.68
182,202,872,28.68
182,408,1695,55.68
76634,1598,2060,67.68
76634,1817,1146,37.68
70511,202,964,31.68
70511,408,994,32.68
70511,412,994,32.68
70511,426,964,31.68
70511,712,1025,33.68
70511,1617,1086,35.68
50542,1215,1268,41.68
89041,101,3521,115.68
89041,198,3521,115.68
89041,305,1086,35.68
89041,306,1086,35.68
89041,426,2760,90.68
89041,428,1238,40.68
89041,712,2821,92.68
89041,1898,3521,115.68
35410,102,1786,58.68
35410,104,1786,58.68
35410,1110,3794,124.68
35410,1117,4647,152.68
35410,1605,5651,185.68
66386,426,994,32.68
66386,1617,1207,39.68
66386,1705,1268,41.68
85167,304,1817,59.68
85167,1801,1817,59.68
8251,305,1480,48.68
8251,602,1207,39.68
8251,998,2941,96.68
8251,1804,6016,197.68
27376,202,1115,36.68
40791,205,2455,80.68
40791,305,3794,124.68
40791,306,3794,124.68
40791,398,3794,124.68
72206,305,2121,69.68
72206,307,2121,69.68
72206,1617,1299,42.68
72206,1704,3278,107.68
72206,1705,3217,105.68
55574,423,2090,68.68
55574,1110,1360,44.68
55574,1801,4374,143.68
87037,907,872,28.68
87037,908,872,28.68
87037,1015,872,28.68
83426,1198,1025,33.68
83426,1798,3916,128.68
83426,1898,1025,33.68
21728,713,1115,36.68
21728,1801,3306,108.68
91627,423,1330,43.68
91627,1605,1268,41.68
91627,1617,1360,44.68
91627,1801,1207,39.68
96543,107,3217,105.68
96543,304,2455,80.68
96543,311,3916,128.68
96543,504,3247,106.68
96543,507,3247,106.68
96543,1113,1542,50.68
96543,1612,4068,133.68
96543,1622,4068,133.68
96543,1698,4068,133.68
15372,1106,1876,61.68
24877,202,1360,44.68
24877,406,1299,42.68
24877,426,2821,92.68
68115,1105,1876,61.68
68115,1701,4678,153.68
68115,1704,3886,127.68
2499,202,3702,121.68
2499,304,2972,97.68
2499,305,3702,121.68
2499,406,2972,97.68
2499,915,3886,127.68
2499,1812,3156,103.68
82936,304,1146,37.68
82936,307,1146,37.68
66699,1801,1603,52.68
66699,1813,1025,33.68
1537,602,2090,68.68
1537,102,2121,69.68
1537,304,10157,333.68
1537,305,10157,333.68
1537,307,10157,333.68
94686,423,1603,52.68
94686,426,1146,37.68
94686,605,964,31.68
94686,709,1480,48.68
94686,809,1480,48.68
94686,1617,1603,52.68
14055,304,1633,53.68
14055,1110,994,32.68
14055,1113,964,31.68
14055,1119,994,32.68
14055,1298,964,31.68
14055,1698,4008,131.68
14055,1898,2941,96.68
52266,708,964,31.68
52266,1701,1086,35.68
52266,1801,1268,41.68
76221,112,4008,131.68
76221,304,1664,54.68
76221,504,2121,69.68
76221,914,2821,92.68
76221,1701,1511,49.68
20711,705,1391,45.68
65524,202,3916,128.68
65524,305,2576,84.68
65524,306,2576,84.68
65524,712,3916,128.68
65524,916,4099,134.68
65524,1113,964,31.68
65524,1817,1876,61.68
10853,1198,3702,121.68
10853,1198,1511,49.68
10853,1617,3977,130.68
62893,1118,2029,66.68
99011,498,1299,42.68
99011,708,660,21.68
99011,1617,1207,39.68
99011,1801,1452,47.68
12228,202,2029,66.68
12228,304,2760,90.68
12228,423,1268,41.68
12228,432,933,30.68
12228,1105,2029,66.68
12228,1627,5316,174.68
12228,1803,2029,66.68
36598,915,964,31.68
89990,304,964,31.68
89990,306,2394,78.68
89990,307,964,31.68
89990,1810,2394,78.68
89990,1898,841,27.68
21423,707,1086,35.68
85631,305,994,32.68
85631,510,902,29.68
85631,608,994,32.68
85631,1105,1086,35.68
85631,1113,1086,35.68
69867,107,1786,58.68
69867,406,4798,157.68
69867,411,1330,43.68
69867,423,4617,151.68
83203,311,933,30.68
83203,1634,1086,35.68
56932,198,2486,81.68
56932,1801,2394,78.68
56932,1803,2241,73.68
56932,1817,1391,45.68
1421,305,1817,59.68
99507,407,1086,35.68
99507,428,1330,43.68
99507,1008,1330,43.68
99507,1701,1299,42.68
76868,303,2821,92.68
76868,498,2151,70.68
76868,1605,2516,82.68
76868,1617,2060,67.68
76868,1705,2060,67.68
76868,1801,1664,54.68
76868,1898,933,30.68
98139,304,1511,49.68
98139,305,2972,97.68
98139,705,721,23.68
98139,1113,2241,73.68
98139,1701,4068,133.68
78453,1617,2363,77.68
78453,1801,2516,82.68
62172,102,1055,34.68
62172,1701,3794,124.68
62172,1801,2241,73.68
50303,102,1786,58.68
50303,305,3459,113.68
26552,1617,1603,52.68
92831,411,4951,162.68
92831,412,5529,181.68
92831,432,5347,175.68
92831,712,5529,181.68
92831,1110,2760,90.68
92831,1634,5560,182.68
92831,1640,5560,182.68
92831,1705,1146,37.68
92831,1801,902,29.68
2627,1801,1055,34.68
2627,1812,902,29.68
62048,1817,1238,40.68
3520,304,1238,40.68
3520,405,1452,47.68
3520,423,933,30.68
3520,430,4586,150.68
3520,1105,1664,54.68
3520,1112,1146,37.68
3520,1616,4617,151.68
3520,1798,4586,150.68
15292,428,3337,109.68
15292,1809,2455,80.68
41754,202,1391,45.68
41754,304,902,29.68
41754,407,811,26.68
41754,428,3217,105.68
41754,1105,1177,38.68
41754,1113,2121,69.68
41754,1817,2821,92.68
75197,706,1817,59.68
75197,915,2241,73.68
75197,1105,933,30.68
75197,1113,2241,73.68
69239,426,1330,43.68
69239,428,964,31.68
69239,1198,1756,57.68
74462,1998,1542,50.68
34419,1113,1115,36.68
34419,1898,1115,36.68
29045,1605,1299,42.68
40818,102,2821,92.68
40818,202,2821,92.68
40818,298,1786,58.68
40818,304,1603,52.68
40818,510,1299,42.68
40818,608,1786,58.68
40818,708,2516,82.68
40818,1211,1786,58.68
40818,1212,2151,70.68
40818,1605,3094,101.68
40818,1708,5285,173.68
40818,1801,4951,162.68
40037,205,1421,46.68
40037,504,1055,34.68
40037,513,1055,34.68
40037,608,1055,34.68
40037,898,994,32.68
40037,998,872,28.68
40037,1204,1725,56.68
40037,1211,1055,34.68
40037,1298,1725,56.68
40037,1312,2121,69.68
42341,414,933,30.68
42341,423,933,30.68
42341,504,1268,41.68
42341,713,2394,78.68
7438,304,872,28.68
7438,305,872,28.68
7438,311,2913,95.68
7438,415,2241,73.68
7438,1098,3125,102.68
7438,1622,2760,90.68
45735,102,1817,59.68
45735,108,5132,168.68
45735,1111,3217,105.68
45735,1298,2182,71.68
45735,1622,4494,147.68
45735,1708,4494,147.68
78083,307,1086,35.68
78083,714,1055,34.68
78083,1017,2394,78.68
78083,1605,1937,63.68
78083,1616,1817,59.68
29076,1619,1391,45.68
15902,1619,1115,36.68
88255,1637,3490,114.68
88255,1817,1025,33.68
62570,406,4433,145.68
62570,410,4433,145.68
62570,412,4221,138.68
62570,415,4221,138.68
62570,423,4221,138.68
10745,102,1998,65.68
10745,103,1725,56.68
10745,404,1572,51.68
10745,426,2121,69.68
25186,1630,1177,38.68
91362,108,1907,62.68
91362,298,1664,54.68
91362,1605,1968,64.68
64792,198,2060,67.68
64792,305,2060,67.68
60796,428,1146,37.68
60796,1215,1511,49.68
60796,1703,2516,82.68
39672,404,1725,56.68
39672,426,3582,117.68
39672,916,4313,141.68
39672,1304,2516,82.68
39672,1312,2394,78.68
39672,1816,2151,70.68
46247,404,1756,57.68
46247,430,1756,57.68
46247,1110,964,31.68
46247,1112,964,31.68
46247,1622,1756,57.68
16840,914,3125,102.68
16840,1205,1238,40.68
57281,202,1452,47.68
57281,406,872,28.68
57281,1812,1786,58.68
9396,305,2363,77.68
9396,602,2090,68.68
9396,1113,2455,80.68
9396,1812,3094,101.68
71230,305,1998,65.68
71230,504,629,20.68
85742,102,1511,49.68
85742,304,1511,49.68
85742,713,1299,42.68
85742,914,1511,49.68
85742,1117,1511,49.68
89011,201,1786,58.68
89011,1205,1511,49.68
89011,1803,1968,64.68
70692,708,1695,55.68
70692,709,1695,55.68
70692,1105,1756,57.68
70692,1112,1268,41.68
70692,1617,4647,152.68
70692,1634,4555,149.68
70692,1637,4555,149.68
70692,1640,4555,149.68
70692,1812,3306,108.68
70324,108,4433,145.68
70324,415,1025,33.68
70324,421,1268,41.68
70324,423,1268,41.68
70324,426,4433,145.68
70324,1710,1876,61.68
5636,304,1845,60.68
5636,305,1876,61.68
71375,1012,2455,80.68
71375,1812,2821,92.68
46641,1601,1360,44.68
46641,1627,1360,44.68
66396,1634,1115,36.68
66396,1701,1452,47.68
81480,304,2151,70.68
81480,305,2151,70.68
81480,306,2151,70.68
81480,1113,902,29.68
81480,1801,902,29.68
4225,102,1725,56.68
4225,304,2791,91.68
4225,305,2060,67.68
4225,426,3156,103.68
4225,916,1695,55.68
4225,1619,5408,177.68
4225,1801,1817,59.68
70706,205,1146,37.68
70706,709,2241,73.68
70706,712,2241,73.68
70706,1701,2210,72.68
70706,1801,4068,133.68
73469,705,2972,97.68
73469,1105,6685,219.68
21612,201,1207,39.68
21612,203,6047,198.68
21612,304,1968,64.68
21612,305,1968,64.68
21612,432,4252,139.68
21612,1108,6412,210.68
21612,1111,3217,105.68
21612,1605,3824,125.68
70474,426,964,31.68
561,1015,3855,126.68
561,1198,2699,88.68
561,1703,2302,75.68
12200,423,994,32.68
12200,915,2182,71.68
12200,1701,3186,104.68
12200,1705,3186,104.68
42074,108,872,28.68
42074,208,872,28.68
42074,410,3521,115.68
42074,606,599,19.68
42074,708,599,19.68
42074,710,599,19.68
87134,108,872,28.68
87134,1801,2090,68.68
30546,202,872,28.68
30546,304,1115,36.68
30546,305,1115,36.68
30546,306,1115,36.68
73411,426,2121,69.68
73411,1817,1725,56.68
87322,1801,1330,43.68
39952,1898,1907,62.68
55552,428,1633,53.68
76018,304,1360,44.68
76018,305,1360,44.68
76018,307,1360,44.68
76018,504,4433,145.68
76018,910,3763,123.68
60340,412,446,14.68
60340,1801,933,30.68
49415,198,2060,67.68
49415,304,2060,67.68
49415,305,2060,67.68
49415,709,2060,67.68
50262,304,1633,53.68
50262,1198,1452,47.68
50262,1802,933,30.68
8197,1298,4129,135.68
8197,305,2882,94.68
8197,307,2882,94.68
8197,1215,2882,94.68
85710,801,5498,180.68
85710,198,964,31.68
85710,598,964,31.68
85710,604,1511,49.68
85710,612,2090,68.68
85710,1617,1025,33.68
85710,1701,3612,118.68
85710,1898,2425,79.68
85151,205,1055,34.68
85151,1312,3247,106.68
85151,1801,1268,41.68
6440,304,994,32.68
6440,908,1238,40.68
6440,1701,2029,66.68
6440,1703,1845,60.68
50404,111,2607,85.68
61063,203,4037,132.68
28662,1805,2821,92.68
28662,1810,2821,92.68
17417,1605,1268,41.68
17417,1801,1330,43.68
61221,1616,1268,41.68
61221,1798,1391,45.68
51813,102,902,29.68
51813,304,1480,48.68
51813,305,1480,48.68
51813,405,1817,59.68
51813,412,1360,44.68
51813,426,1817,59.68
51813,1804,2363,77.68
26080,305,1480,48.68
26080,306,3794,124.68
26080,504,568,18.68
26080,809,1786,58.68
26080,1210,2394,78.68
26080,1616,3794,124.68
93875,603,1268,41.68
93875,610,1268,41.68
93875,798,780,25.68
93875,1628,1268,41.68
93875,1805,2363,77.68
85514,423,994,32.68
85514,428,1756,57.68
85514,1110,2121,69.68
85514,1810,2760,90.68
48033,116,2547,83.68
48033,410,4678,153.68
73126,102,1025,33.68
73126,201,1025,33.68
73126,428,1330,43.68
73126,1205,994,32.68
73126,1803,872,28.68
77860,598,1086,35.68
77860,1817,2972,97.68
14989,304,1817,59.68
14989,305,1817,59.68
14989,1701,4343,142.68
14989,1812,1115,36.68
35279,1113,1025,33.68
83635,1637,964,31.68
87720,108,1603,52.68
87720,1616,2151,70.68
87720,1622,2151,70.68
87720,1698,2151,70.68
68803,423,2882,94.68
68803,1617,3094,101.68
34552,1701,2791,91.68
34552,1813,3521,115.68
64255,1619,1268,41.68
64255,1622,1268,41.68
64255,1634,1268,41.68
64255,1640,1268,41.68
64255,1898,1268,41.68
43007,504,4313,141.68
43007,505,2486,81.68
43007,304,4221,138.68
43007,305,4221,138.68
43007,1701,4252,139.68
5540,602,2729,89.68
5540,914,1695,55.68
71340,1605,2576,84.68
94573,1622,749,24.68
94573,1701,749,24.68
91933,1113,1511,49.68
91933,1305,1845,60.68
85345,598,1817,59.68
85345,1312,1146,37.68
8876,102,1299,42.68
8876,304,1664,54.68
8876,305,1664,54.68
8876,604,1238,40.68
8876,1105,1998,65.68
8876,1106,1633,53.68
8876,1113,1633,53.68
82836,1703,933,30.68
82836,1705,841,27.68
14549,305,1238,40.68
12747,1298,2729,89.68
12747,1617,2699,88.68
45984,498,4647,152.68
45984,1898,5529,181.68
65786,304,1086,35.68
65786,305,1086,35.68
65786,306,1086,35.68
65786,498,964,31.68
65786,915,4617,151.68
65786,1709,5347,175.68
65786,1813,4890,160.68
88136,498,1086,35.68
49440,116,2121,69.68
49440,304,1115,36.68
49440,519,1480,48.68
49440,608,1177,38.68
49440,908,933,30.68
49440,915,3064,100.68
49440,1113,1177,38.68
49440,1119,1177,38.68
49440,1205,1603,52.68
49440,1214,1177,38.68
1846,304,933,30.68
66132,1605,2182,71.68
66132,1634,2302,75.68
95043,1640,933,30.68
38702,1701,2455,80.68
38702,1703,1695,55.68
98917,202,902,29.68
98917,305,1968,64.68
98917,307,2333,76.68
98917,406,2210,72.68
89808,916,1633,53.68
89808,1198,3733,122.68
89808,1605,902,29.68
43618,1801,4008,131.68
88900,1198,4190,137.68
88900,304,2090,68.68
88900,307,2090,68.68
88900,398,2090,68.68
88900,424,2941,96.68
88900,426,2941,96.68
88900,1198,4190,137.68
88900,1801,2272,74.68
26274,205,1268,41.68
26274,305,1725,56.68
26274,428,1725,56.68
26274,512,1725,56.68
26274,1117,6108,200.68
26274,1609,6108,200.68
26274,1617,6108,200.68
26274,1627,4647,152.68
50850,1801,1845,60.68
60674,304,1086,35.68
60717,412,1115,36.68
60717,426,1115,36.68
30065,202,2941,96.68
30065,610,933,30.68
30065,1601,1786,58.68
82226,705,1330,43.68
82226,798,1025,33.68
16037,109,1360,44.68
16037,305,2852,93.68
16037,405,3977,130.68
16037,511,2852,93.68
16037,518,2821,92.68
16037,809,3247,106.68
16037,1617,3643,119.68
16037,1817,3217,105.68
34567,304,5073,166.68
34567,1117,5560,182.68
34567,1205,1998,65.68
34567,1298,5408,177.68
34567,1305,1633,53.68
34567,1801,5713,187.68
34567,1817,1725,56.68
65440,398,4190,137.68
65440,1613,4767,156.68
65440,1616,4767,156.68
65440,1701,4708,154.68
65440,1705,4647,152.68
65440,1805,4374,143.68
12966,304,1115,36.68
56388,203,2060,67.68
56388,915,933,30.68
56388,1605,1817,59.68
56388,1617,2029,66.68
56388,1801,1998,65.68
88436,201,1542,50.68
88436,205,1542,50.68
88436,304,964,31.68
88436,305,964,31.68
88436,307,964,31.68
88436,1701,5347,175.68
51442,109,2516,82.68
51442,305,2090,68.68
75524,298,872,28.68
75524,1113,872,28.68
3906,708,902,29.68
3906,711,902,29.68
3906,1637,1086,35.68
88572,102,1876,61.68
88572,1113,2241,73.68
88572,1312,1511,49.68
99095,109,1268,41.68
99095,1113,2516,82.68
99095,1205,1268,41.68
99095,1627,2516,82.68
84096,1622,902,29.68
80247,202,1086,35.68
80247,1609,2333,76.68
85535,426,1360,44.68
85535,1637,2425,79.68
9679,102,1360,44.68
9679,205,1725,56.68
9679,405,3247,106.68
9679,411,5529,181.68
9679,414,2363,77.68
9679,423,2363,77.68
9679,426,2363,77.68
9679,428,3977,130.68
9679,504,3217,105.68
9679,512,2363,77.68
9679,514,3217,105.68
9679,605,1998,65.68
9679,705,4374,143.68
9679,803,1603,52.68
9679,1113,2090,68.68
9679,1305,1330,43.68
9679,1619,5438,178.68
68798,305,2210,72.68
68798,1817,2760,90.68
89658,313,1025,33.68
89658,1605,933,30.68
89658,1617,994,32.68
89658,1622,964,31.68
88684,201,1876,61.68
88684,202,6443,211.68
88684,1216,1086,35.68
8820,108,3156,103.68
8820,406,3156,103.68
8820,423,3156,103.68
8820,430,3156,103.68
8820,432,3125,102.68
8820,1605,3156,103.68
8820,1698,3186,104.68
8820,1801,3094,101.68
98885,1703,780,25.68
98885,1898,1115,36.68
99933,104,1025,33.68
99933,306,3643,119.68
99933,1310,3643,119.68
99933,1609,3733,122.68
99933,1802,3977,130.68
40135,1609,1756,57.68
40135,1708,1725,56.68
40135,1817,1146,37.68
60479,398,1511,49.68
60479,504,1238,40.68
60479,512,1238,40.68
60479,698,1207,39.68
60479,798,1876,61.68
60479,1110,3521,115.68
12472,504,1238,40.68
12472,915,1603,52.68
12472,1619,2333,76.68
59921,426,933,30.68
59921,1622,1817,59.68
14040,1801,2090,68.68
17770,304,1695,55.68
17770,306,1086,35.68
17770,1112,1998,65.68
17770,1634,1725,56.68
17770,1812,2455,80.68
5333,1812,1391,45.68
29249,1113,994,32.68
29249,1622,994,32.68
29249,1817,2821,92.68
76441,398,2455,80.68
76441,407,2302,75.68
76441,411,4617,151.68
76441,998,2029,66.68
76441,1110,4739,155.68
76441,1113,3977,130.68
76441,1119,3977,130.68
76441,1203,1572,51.68
76441,1640,4008,131.68
47739,405,1756,57.68
47739,1698,2363,77.68
47739,1801,2182,71.68
25468,1305,1268,41.68
66390,407,1086,35.68
66390,1216,1207,39.68
17853,305,933,30.68
17853,1701,1664,54.68
61462,1017,1725,56.68
61462,1605,1115,36.68
61462,1701,1452,47.68
59601,102,2760,90.68
59601,115,2760,90.68
59601,304,2760,90.68
59601,1117,2760,90.68
9062,201,1299,42.68
9062,304,3306,108.68
9062,305,3247,106.68
9062,306,3247,106.68
9062,908,1055,34.68
9062,1106,994,32.68
9062,1811,6259,205.68
40199,1627,1817,59.68
13856,304,994,32.68
13856,305,994,32.68
13856,306,1421,46.68
13856,1014,3886,127.68
13856,1605,1452,47.68
13856,1701,2699,88.68
95005,411,3582,117.68
95005,432,3551,116.68
95005,705,1086,35.68
95005,909,2941,96.68
95005,1798,3186,104.68
95005,1898,4617,151.68
27207,304,841,27.68
27207,426,902,29.68
7403,1801,1876,61.68
103270,304,1695,55.68
67717,1627,1299,42.68
71271,304,3977,130.68
71271,306,2913,95.68
71271,310,5894,193.68
71271,1801,2913,95.68
69455,498,1299,42.68
47011,1619,1664,54.68
47011,1817,994,32.68
70651,426,2090,68.68
70651,706,1907,62.68
87236,305,1756,57.68
87236,307,1756,57.68
22442,404,2394,78.68
22442,914,2821,92.68
22442,1622,2913,95.68
100573,1015,1907,62.68
100573,1803,1572,51.68
65267,107,3306,108.68
65267,1801,3247,106.68
72884,304,1452,47.68
72884,305,1452,47.68
72884,306,1452,47.68
72884,498,1452,47.68
72884,802,2182,71.68
72884,807,2182,71.68
72884,1701,3368,110.68
72884,1703,1177,38.68
72884,1801,964,31.68
82181,305,994,32.68
82181,306,994,32.68
82181,605,933,30.68
82181,1112,994,32.68
82181,1605,1998,65.68
82181,1617,3094,101.68
82181,1813,3094,101.68
82181,1817,1725,56.68
100004,1617,1633,53.68
41292,202,1115,36.68
41292,504,1115,36.68
41292,1801,1025,33.68
10688,1701,841,27.68
64296,305,1238,40.68
64296,1616,4798,157.68
64296,1627,3064,100.68
84097,202,1268,41.68
84097,916,1115,36.68
84097,1701,1086,35.68
44445,304,1330,43.68
44445,305,1330,43.68
44445,713,1177,38.68
44445,809,1756,57.68
44445,914,2121,69.68
44445,1701,1177,38.68
45479,1614,1664,54.68
45479,1627,1664,54.68
75610,504,2882,94.68
75610,305,3855,126.68
75610,504,2882,94.68
75610,1215,5682,186.68
30589,305,1086,35.68
30589,605,3094,101.68
30589,1801,2852,93.68
84787,504,2760,90.68
84787,598,2760,90.68
84787,304,1238,40.68
84787,405,1299,42.68
84787,504,2760,90.68
88374,1105,2272,74.68
88374,1113,1238,40.68
88374,1701,4739,155.68
1353,108,1725,56.68
1353,313,1817,59.68
1353,708,964,31.68
1353,1634,1786,58.68
97859,1817,902,29.68
31019,305,2821,92.68
31019,411,2455,80.68
31019,428,1086,35.68
31019,905,1086,35.68
88175,202,2182,71.68
88175,298,2182,71.68
88175,405,2182,71.68
88175,424,1817,59.68
60146,1627,1025,33.68
50527,198,5469,179.68
50527,205,964,31.68
50527,304,902,29.68
50527,305,2638,86.68
50527,306,3702,121.68
50527,307,902,29.68
50527,605,1146,37.68
50527,707,5469,179.68
50527,1112,1511,49.68
50527,1113,1511,49.68
50527,1817,933,30.68
90991,104,1480,48.68
90991,426,3125,102.68
90991,712,3125,102.68
90991,1617,3306,108.68
72590,709,3490,114.68
72590,1105,1421,46.68
72590,1198,1786,58.68
72590,1817,3977,130.68
44045,411,1330,43.68
44045,504,2121,69.68
44045,1617,2121,69.68
44045,1817,1998,65.68
91555,306,2882,94.68
91555,504,2210,72.68
91555,519,1664,54.68
91555,612,872,28.68
91555,713,2210,72.68
91555,1898,4374,143.68
103593,426,629,20.68
90026,910,2060,67.68
69430,1637,1330,43.68
55730,1110,1360,44.68
55730,1116,1360,44.68
55730,1605,1330,43.68
34357,108,964,31.68
34357,304,964,31.68
34357,1619,1725,56.68
6556,498,3429,112.68
6556,1801,2852,93.68
54297,1616,1695,55.68
50999,1105,2516,82.68
50999,1708,1480,48.68
82311,108,964,31.68
65130,1813,994,32.68
38884,714,964,31.68
38884,1898,1452,47.68
16567,1110,3551,116.68
16567,1309,2455,80.68
96094,915,3186,104.68
96094,916,5012,164.68
96094,1113,1725,56.68
96094,1119,1725,56.68
33684,498,1025,33.68
33684,916,2090,68.68
56747,519,1238,40.68
56747,1801,2821,92.68
10326,201,872,28.68
10326,202,872,28.68
10326,1110,1725,56.68
10326,1312,2363,77.68
51306,423,1055,34.68
40355,305,3247,106.68
40355,1701,3733,122.68
53905,1627,1299,42.68
11287,116,1786,58.68
11287,202,3916,128.68
11287,304,1238,40.68
11287,406,3156,103.68
11287,407,3156,103.68
11287,428,2151,70.68
11287,708,4008,131.68
11287,712,3217,105.68
11287,713,3156,103.68
11287,809,2699,88.68
11287,1701,3094,101.68
73399,313,1664,54.68
88096,708,1480,48.68
88096,916,1937,63.68
88096,1617,1968,64.68
43646,1110,1511,49.68
43646,1617,1725,56.68
43646,1634,1725,56.68
88275,202,4767,156.68
88275,1614,6869,225.68
88275,1815,3003,98.68
88275,1817,1817,59.68
98337,307,994,32.68
98337,406,1391,45.68
98337,428,994,32.68
98337,1110,933,30.68
47862,201,1511,49.68
47862,1110,5012,164.68
47862,1205,1511,49.68
47862,1605,1725,56.68
47862,1616,1146,37.68
22567,305,1055,34.68
22567,1605,2151,70.68
22567,1617,2060,67.68
51768,298,2913,95.68
51768,809,2913,95.68
39767,1637,1452,47.68
39767,1801,1238,40.68
62829,101,1756,57.68
62829,119,1756,57.68
62829,404,2425,79.68
62829,410,2425,79.68
62829,504,4767,156.68
62829,1215,4739,155.68
62829,1619,3916,128.68
69257,304,902,29.68
69257,405,1452,47.68
69257,406,1115,36.68
69257,408,1115,36.68
69257,423,1452,47.68
69257,426,1452,47.68
69257,712,902,29.68
101882,198,872,28.68
101882,208,1907,62.68
101882,426,1937,63.68
101882,606,1907,62.68
74305,423,964,31.68
74305,1701,1756,57.68
77719,423,933,30.68
75351,107,3643,119.68
75351,405,3459,113.68
75351,705,3643,119.68
75351,1117,2791,91.68
96705,114,1025,33.68
96705,202,1511,49.68
96705,206,2241,73.68
96705,304,933,30.68
96705,306,3278,107.68
96705,307,933,30.68
96705,705,1421,46.68
96705,713,2576,84.68
96705,1105,1603,52.68
96705,1106,4190,137.68
96705,1198,1480,48.68
96705,1628,1330,43.68
96705,1698,4525,148.68
96705,1813,1268,41.68
82341,708,964,31.68
82341,1601,964,31.68
82341,1698,964,31.68
82341,1701,2668,87.68
89262,1614,1695,55.68
89262,1701,1845,60.68
10393,1622,1207,39.68
10393,1801,994,32.68
13175,1619,1391,45.68
56182,202,902,29.68
56182,432,1421,46.68
56182,1609,1572,51.68
82207,698,2090,68.68
82207,915,1480,48.68
82207,1298,1452,47.68
82207,1704,2090,68.68
82207,1801,2121,69.68
82207,1816,2090,68.68
82207,1817,2241,73.68
19480,304,2090,68.68
19480,510,841,27.68
19480,519,841,27.68
19480,1801,4920,161.68
31730,305,2821,92.68
23049,305,2121,69.68
23049,1113,1086,35.68
23049,1605,3398,111.68
23049,1801,2607,85.68
14931,313,1603,52.68
14931,1110,1511,49.68
14931,1617,1603,52.68
9501,498,1817,59.68
94972,508,2241,73.68
94972,519,2241,73.68
94972,1805,1146,37.68
94972,1817,1146,37.68
96848,1117,721,23.68
96848,1898,2486,81.68
68758,1598,2182,71.68
68758,113,2151,70.68
68758,1798,2121,69.68
39044,1627,1025,33.68
39044,1815,1786,58.68
92251,1113,1542,50.68
92251,1801,1542,50.68
92251,1898,1146,37.68
72186,202,1876,61.68
72186,1113,933,30.68
72186,1812,2363,77.68
90951,1801,1115,36.68
90951,1816,964,31.68
62964,202,1025,33.68
16281,304,1391,45.68
16281,1701,3671,120.68
50344,304,3217,105.68
50344,305,3217,105.68
50344,504,2821,92.68
50344,809,1664,54.68
46503,426,933,30.68
32284,116,1725,56.68
32284,202,2121,69.68
32284,304,2363,77.68
32284,305,1725,56.68
32284,1105,1207,39.68
32284,1113,1391,45.68
32284,1705,3947,129.68
64249,1898,2241,73.68
31662,414,1025,33.68
31662,426,2090,68.68
31662,1605,1572,51.68
31662,1798,2151,70.68
38488,102,1876,61.68
38488,202,1511,49.68
38488,304,2972,97.68
38488,305,902,29.68
38488,406,3702,121.68
38488,915,4433,145.68
38488,1801,1998,65.68
52459,306,1391,45.68
52459,713,2333,76.68
55008,504,2668,87.68
55008,426,1268,41.68
55008,1617,2394,78.68
55008,1801,1391,45.68
102559,304,1146,37.68
102559,305,1115,36.68
102559,306,3217,105.68
102559,307,1146,37.68
102559,313,3551,116.68
102559,408,2821,92.68
102559,412,2455,80.68
102559,612,2821,92.68
102559,1098,3306,108.68
102559,1298,994,32.68
102559,1605,568,18.68
3643,1704,994,32.68
61643,1804,1542,50.68
61643,1810,1542,50.68
62399,202,933,30.68
62399,708,1055,34.68
62399,709,1055,34.68
62399,712,1055,34.68
28750,1204,1330,43.68
64614,304,1725,56.68
64614,305,1725,56.68
64614,519,2182,71.68
9859,304,1177,38.68
9859,411,1664,54.68
9859,1617,4829,158.68
9859,1701,3125,102.68
9859,1703,2699,88.68
47590,1634,2699,88.68
96823,412,2882,94.68
1573,112,4221,138.68
1573,426,4221,138.68
1573,498,4221,138.68
1573,608,902,29.68
1573,1113,1756,57.68
1573,1211,902,29.68
1573,1801,1330,43.68
74039,916,1968,64.68
74039,1637,1998,65.68
79734,404,1268,41.68
79734,415,1268,41.68
79734,1698,1146,37.68
77269,1312,3186,104.68
77269,1801,1268,41.68
8093,719,2182,71.68
8093,1617,1695,55.68
8093,1627,1055,34.68
90519,104,1299,42.68
90519,115,3429,112.68
90519,202,872,28.68
90519,304,2486,81.68
90519,305,2486,81.68
90519,428,1207,39.68
83958,1705,994,32.68
57885,426,964,31.68
57885,1619,9515,312.68
57304,304,1817,59.68
57304,428,1817,59.68
57304,713,2121,69.68
57304,1634,1360,44.68
91566,202,841,27.68
91566,1110,872,28.68
91566,1622,1025,33.68
73597,307,902,29.68
73597,407,2486,81.68
73597,412,2486,81.68
73597,426,2486,81.68
73597,708,2486,81.68
73597,709,2486,81.68
73597,719,2486,81.68
73597,1098,2913,95.68
73597,1605,2882,94.68
84964,408,2455,80.68
84964,410,2455,80.68
84964,412,1572,51.68
84964,423,1572,51.68
84964,426,1572,51.68
87896,713,1511,49.68
30706,916,1299,42.68
93695,411,1055,34.68
93695,423,1695,55.68
93695,809,1664,54.68
88445,306,1207,39.68
88445,1605,3733,122.68
15726,411,2607,85.68
15726,432,2607,85.68
15726,1801,2791,91.68
48728,1801,1633,53.68
100875,916,568,18.68
102799,407,902,29.68
102799,916,902,29.68
46699,1298,2425,79.68
46699,298,3003,98.68
46699,411,841,27.68
46699,1298,2791,91.68
92316,108,1360,44.68
92316,1617,2182,71.68
94042,304,1146,37.68
94042,307,1146,37.68
94042,708,749,24.68
94042,1812,811,26.68
45298,202,2121,69.68
58718,1198,1756,57.68
58718,1709,1695,55.68
68305,112,3977,130.68
68305,202,841,27.68
68305,305,2455,80.68
68305,306,2363,77.68
68305,406,1998,65.68
68305,498,902,29.68
68305,698,2182,71.68
9869,304,1480,48.68
9869,305,1480,48.68
9869,306,1480,48.68
9869,602,3977,130.68
89157,607,2972,97.68
48232,102,964,31.68
48232,304,3337,109.68
48232,305,933,30.68
48232,705,3337,109.68
48232,710,994,32.68
48232,1113,1086,35.68
89656,798,2363,77.68
89656,1801,1299,42.68
48684,206,1725,56.68
48684,304,3278,107.68
48684,307,1725,56.68
48684,423,3064,100.68
48684,908,1572,51.68
48684,1898,3551,116.68
56825,1630,2607,85.68
78334,198,1421,46.68
78334,304,1421,46.68
102285,406,1025,33.68
102285,809,780,25.68
54222,202,1937,63.68
54222,305,1177,38.68
54222,306,1177,38.68
54222,405,1845,60.68
54222,407,1845,60.68
54222,1105,1603,52.68
54222,1113,964,31.68
54222,1609,2363,77.68
54222,1614,2363,77.68
92473,1113,811,26.68
92473,1117,3824,125.68
99699,405,599,19.68
99699,406,1695,55.68
99699,713,660,21.68
99699,1105,3125,102.68
99699,1801,994,32.68
84989,202,3337,109.68
84989,411,3702,121.68
84989,415,3278,107.68
84989,432,3429,112.68
36937,712,1177,38.68
36937,1698,1025,33.68
36937,1701,933,30.68
76539,398,2182,71.68
76539,1198,2182,71.68
76539,304,1177,38.68
76539,310,2182,71.68
76539,1109,2182,71.68
76539,1198,2182,71.68
76539,1622,2182,71.68
76539,1801,2210,72.68
76539,1805,2210,72.68
97196,1619,964,31.68
10026,424,2060,67.68
10026,504,2394,78.68
10026,908,2516,82.68
61867,115,6290,206.68
61867,307,1391,45.68
61867,405,6108,200.68
61867,610,4829,158.68
61867,1105,1146,37.68
61867,1637,5955,195.68
61867,1805,3156,103.68
103372,1801,2333,76.68
25471,202,1177,38.68
25471,713,2425,79.68
97746,428,2516,82.68
97746,1113,721,23.68
97746,1812,1177,38.68
76227,102,2090,68.68
76227,205,1330,43.68
76227,304,5104,167.68
76227,498,2547,83.68
76227,504,3217,105.68
76227,809,933,30.68
76227,1105,1391,45.68
2086,304,1511,49.68
2086,1704,2821,92.68
8467,304,2882,94.68
8467,313,4767,156.68
8467,411,1876,61.68
8467,432,1633,53.68
8467,498,1480,48.68
8467,809,2852,93.68
8467,1634,1603,52.68
87793,708,994,32.68
18045,1015,1968,64.68
86907,108,1177,38.68
86907,304,994,32.68
86907,307,1025,33.68
86907,398,1025,33.68
86907,407,841,27.68
86907,424,841,27.68
86907,1105,902,29.68
86907,1703,1055,34.68
22527,1703,2941,96.68
22527,1704,2516,82.68
22527,1805,1330,43.68
17885,424,1299,42.68
17885,504,1299,42.68
17885,1617,1299,42.68
83917,311,964,31.68
83917,411,902,29.68
88318,1609,1115,36.68
31427,1306,3094,101.68
31427,1605,1603,52.68
31427,1812,2363,77.68
31427,1817,1238,40.68
67637,304,1572,51.68
67637,305,1572,51.68
67637,1817,3247,106.68
98133,426,3947,129.68
98133,610,4982,163.68
98133,798,3337,109.68
98133,1605,4982,163.68
98133,1816,5163,169.68
98133,1817,872,28.68
25295,1801,994,32.68
41312,104,3186,104.68
41312,202,3186,104.68
41312,304,3186,104.68
41312,305,1330,43.68
41312,1117,2455,80.68
97093,198,2913,95.68
97093,1627,2760,90.68
93073,1617,1238,40.68
93073,1801,1146,37.68
7721,307,1086,35.68
7721,1622,1876,61.68
86471,1117,599,19.68
86471,1798,1391,45.68
36154,305,3278,107.68
5500,206,3186,104.68
5500,1113,1452,47.68
5500,1203,1452,47.68
61575,411,6443,211.68
61575,432,6078,199.68
61575,605,902,29.68
61575,1105,1238,40.68
61575,1617,4433,145.68
61575,1898,1238,40.68
10836,102,1876,61.68
10836,298,2151,70.68
10836,304,1876,61.68
10836,410,2060,67.68
10836,411,2060,67.68
10836,1106,2060,67.68
10836,1113,2060,67.68
27679,405,1572,51.68
27679,426,1572,51.68
27679,1798,2090,68.68
99146,202,1207,39.68
99146,415,721,23.68
99146,421,994,32.68
99146,426,721,23.68
99146,712,690,22.68
98106,405,1299,42.68
98106,1617,1025,33.68
83321,1598,1756,57.68
83321,1898,1664,54.68
73192,1601,841,27.68
74108,202,1695,55.68
74108,411,1603,52.68
74108,1498,3033,99.68
74108,1616,1238,40.68
74108,1637,2241,73.68
74108,1801,1907,62.68
75266,1215,2516,82.68
75266,1703,3125,102.68
102322,104,933,30.68
47836,202,4433,145.68
47836,304,2913,95.68
47836,406,4678,153.68
47836,407,4678,153.68
47836,426,4798,157.68
19342,202,3337,109.68
19342,605,933,30.68
39647,1640,2913,95.68
39647,1898,3003,98.68
39647,1998,2913,95.68
75359,406,1330,43.68
75359,408,3125,102.68
75359,411,1238,40.68
75359,414,3490,114.68
75359,428,3794,124.68
75359,432,1086,35.68
22949,1407,3186,104.68
99538,610,2576,84.68
99538,809,1480,48.68
99538,1617,2121,69.68
99538,1801,1299,42.68
88836,305,1452,47.68
88836,307,1452,47.68
88836,1110,872,28.68
53123,298,1572,51.68
53123,304,2151,70.68
53123,514,1572,51.68
53123,1312,4555,149.68
53123,1901,4555,149.68
11145,426,994,32.68
99343,305,994,32.68
99343,411,1633,53.68
99343,1701,2121,69.68
29861,305,2486,81.68
29861,428,1025,33.68
78812,306,4402,144.68
78812,428,2090,68.68
78812,1098,1876,61.68
78812,1812,4402,144.68
1994,298,841,27.68
81779,304,933,30.68
81779,406,964,31.68
81779,423,964,31.68
84288,612,3643,119.68
84288,1117,2486,81.68
75942,306,3094,101.68
75942,405,3947,129.68
75942,426,3947,129.68
75942,428,1086,35.68
75942,1617,4739,155.68
75942,1637,1786,58.68
75942,1898,1086,35.68
7257,304,4678,153.68
7257,423,2852,93.68
7257,504,1086,35.68
7257,605,1086,35.68
7257,612,1086,35.68
6013,102,1511,49.68
6013,103,1511,49.68
6013,202,1146,37.68
6013,304,933,30.68
6013,305,933,30.68
6013,306,933,30.68
6013,307,933,30.68
6013,498,3337,109.68
6013,1801,2151,70.68
19830,304,1177,38.68
19830,305,1177,38.68
19830,307,1177,38.68
19830,1801,1664,54.68
28322,432,1725,56.68
70726,108,1146,37.68
70726,1815,2547,83.68
67178,1801,2090,68.68
64367,198,2486,81.68
64367,304,2486,81.68
64367,305,2486,81.68
64367,608,1452,47.68
64367,708,1177,38.68
64367,1601,6565,215.68
27578,305,1817,59.68
27578,432,2241,73.68
27578,504,1177,38.68
27578,1601,2241,73.68
27578,1617,2363,77.68
27578,1622,2394,78.68
1138,423,1421,46.68
1138,426,1786,58.68
1138,708,933,30.68
1138,714,1146,37.68
87344,205,1025,33.68
87344,305,1998,65.68
97399,708,902,29.68
40829,305,1146,37.68
40829,1710,3337,109.68
40829,1801,1876,61.68
40829,1802,1664,54.68
40829,1817,1511,49.68
57039,915,1452,47.68
57039,1105,1907,62.68
57039,1627,2182,71.68
82337,504,1025,33.68
82337,304,1391,45.68
82337,426,1086,35.68
82337,504,568,18.68
82337,519,568,18.68
86133,425,2241,73.68
102111,1705,841,27.68
102111,1809,841,27.68
29991,916,1452,47.68
29991,1117,3643,119.68
66925,398,1876,61.68
66925,498,4433,145.68
66925,712,4433,145.68
66925,1113,2729,89.68
60187,102,1146,37.68
60187,498,1025,33.68
60187,1709,2821,92.68
88738,411,1725,56.68
98488,514,1391,45.68
20466,430,2516,82.68
20466,1810,2210,72.68
20466,1816,2210,72.68
74083,1605,1480,48.68
34786,1801,964,31.68
61943,304,1603,52.68
61943,1634,1664,54.68
61943,1801,1664,54.68
12975,428,1845,60.68
12975,1701,3671,120.68
95040,202,1207,39.68
95040,708,1238,40.68
95040,1114,994,32.68
95040,1605,1177,38.68
95040,1609,1268,41.68
95040,1704,964,31.68
13519,425,3947,129.68
13519,428,2182,71.68
13519,504,964,31.68
13519,1215,2455,80.68
13519,1810,1055,34.68
13519,1817,964,31.68
59429,406,1968,64.68
59429,412,2638,86.68
59429,426,4343,142.68
59429,1105,1572,51.68
59429,1617,3003,98.68
16153,120,964,31.68
16153,415,1086,35.68
70256,202,2547,83.68
70256,305,1086,35.68
70256,1801,4374,143.68
70256,1898,1480,48.68
36599,916,1268,41.68
15641,712,3429,112.68
15641,1812,2852,93.68
87516,304,3064,100.68
87516,305,1238,40.68
87516,510,872,28.68
87516,1104,3368,110.68
35469,404,3368,110.68
35469,432,2029,66.68
35469,1617,1146,37.68
35469,1630,3398,111.68
35469,1637,3368,110.68
35469,1705,2029,66.68
35469,1817,2821,92.68
68535,504,964,31.68
68535,1117,2425,79.68
68535,1617,2941,96.68
53474,1634,1511,49.68
53474,1701,1452,47.68
53474,1801,1086,35.68
37147,708,1238,40.68
37147,1622,1238,40.68
82903,1305,1511,49.68
82903,1617,5682,186.68
82903,1801,6259,205.68
82903,1810,2607,85.68
76848,501,4374,143.68
76848,304,1725,56.68
76848,305,1725,56.68
76848,507,4374,143.68
35547,1617,1756,57.68
95978,116,964,31.68
95978,304,2791,91.68
95978,504,1330,43.68
63202,412,3094,101.68
63202,426,3094,101.68
63202,1703,2486,81.68
92200,1617,1421,46.68
44473,304,1268,41.68
44473,406,1299,42.68
44473,414,1421,46.68
44473,426,1452,47.68
32670,713,2547,83.68
32670,1198,2760,90.68
100427,1598,2972,97.68
100427,304,2576,84.68
100427,407,599,19.68
100427,410,1330,43.68
100427,1014,2882,94.68
100427,1215,568,18.68
17334,203,1817,59.68
17334,408,1177,38.68
17334,610,1845,60.68
17334,1622,1845,60.68
12117,304,964,31.68
12117,305,2516,82.68
12117,705,1817,59.68
12117,1634,5224,171.68
12117,1637,5073,166.68
12117,1812,1633,53.68
79464,304,1238,40.68
79464,307,1238,40.68
79464,411,4647,152.68
12208,202,964,31.68
12208,407,994,32.68
12208,608,1664,54.68
12208,1211,1664,54.68
12208,1312,4282,140.68
12208,1628,1146,37.68
77199,1701,1603,52.68
77199,1817,1115,36.68
75595,1110,1998,65.68
76540,116,1086,35.68
76540,304,1086,35.68
76540,305,1086,35.68
76540,306,1086,35.68
76540,428,1086,35.68
76540,1113,1876,61.68
98699,202,964,31.68
98699,708,1207,39.68
98699,1616,1268,41.68
78581,398,4525,148.68
78581,1627,3521,115.68
78581,1634,2791,91.68
78581,1637,1664,54.68
78581,1801,2425,79.68
88247,304,1330,43.68
88247,305,1330,43.68
88247,307,1330,43.68
68283,101,1786,58.68
68283,398,933,30.68
68283,798,933,30.68
9669,205,1876,61.68
9669,305,2241,73.68
9669,504,2607,85.68
9669,804,1480,48.68
9669,1111,2241,73.68
96808,305,690,22.68
96808,906,1480,48.68
96808,1111,1664,54.68
96808,1701,3886,127.68
96808,1703,3886,127.68
96808,1710,933,30.68
81516,202,1876,61.68
81516,406,1876,61.68
81516,423,2241,73.68
81516,426,2241,73.68
81516,1698,2241,73.68
81516,1798,933,30.68
81516,1801,2241,73.68
81989,415,1756,57.68
81989,610,1360,44.68
81989,1312,964,31.68
81989,1801,2821,92.68
81989,1811,1238,40.68
81989,1817,2151,70.68
19323,410,2576,84.68
19323,412,2182,71.68
19786,202,1055,34.68
19786,712,3824,125.68
19786,1802,1391,45.68
19786,1898,933,30.68
17659,1622,1480,48.68
17659,1637,1480,48.68
97942,1815,1695,55.68
97942,1898,933,30.68
37127,403,2638,86.68
37127,704,2638,86.68
22378,305,1146,37.68
51922,304,2913,95.68
51922,414,1452,47.68
51922,712,3247,106.68
51922,1113,994,32.68
51922,1601,2941,96.68
51922,1614,3306,108.68
51922,1616,3217,105.68
51922,1619,2882,94.68
77412,1801,1360,44.68
69135,305,1845,60.68
69135,311,1845,60.68
18225,498,1391,45.68
18225,1104,1330,43.68
18225,1637,1542,50.68
18225,1703,1115,36.68
36046,116,1695,55.68
36046,304,2029,66.68
36046,305,2029,66.68
36046,306,2029,66.68
36046,1701,1907,62.68
76625,1801,1360,44.68
727,504,4951,162.68
727,201,933,30.68
727,304,1480,48.68
727,305,1480,48.68
727,504,1876,61.68
727,1705,4951,162.68
727,1801,2029,66.68
56396,304,1695,55.68
56396,306,1695,55.68
40501,304,2455,80.68
40501,406,1511,49.68
40501,423,1511,49.68
40501,1216,1330,43.68
40501,1605,5804,190.68
40501,1627,3551,116.68
40501,1801,2272,74.68
40501,1812,5012,164.68
90041,304,872,28.68
90041,305,841,27.68
90041,1113,841,27.68
90041,1701,1177,38.68
62509,198,1756,57.68
62509,208,4008,131.68
62509,423,1817,59.68
62509,606,4008,131.68
62509,612,4008,131.68
62509,1605,4008,131.68
62509,1805,1756,57.68
62509,1809,1756,57.68
62509,1810,1756,57.68
20475,412,1480,48.68
20475,504,1391,45.68
4357,108,1725,56.68
4357,1637,3490,114.68
4357,1640,902,29.68
4357,1816,2638,86.68
40802,304,964,31.68
40802,423,2333,76.68
40802,1637,2333,76.68
40802,1813,1025,33.68
55693,1813,1391,45.68
87408,1619,1025,33.68
26971,713,1055,34.68
26971,1605,1086,35.68
26971,1704,1542,50.68
26971,1798,1055,34.68
56913,713,1268,41.68
56913,998,1391,45.68
71512,101,994,32.68
71512,102,4252,139.68
71512,205,994,32.68
71512,304,994,32.68
71512,305,2425,79.68
71512,915,2090,68.68
71512,1113,994,32.68
71512,1801,2029,66.68
35218,304,964,31.68
35218,305,964,31.68
35218,432,1025,33.68
35218,1701,1633,53.68
35218,1805,3278,107.68
35218,1817,1360,44.68
36455,414,933,30.68
36455,432,1055,34.68
36455,1801,933,30.68
86399,428,1025,33.68
3690,1110,1238,40.68
3690,1111,1238,40.68
3690,1112,1238,40.68
3690,1113,1238,40.68
59838,1605,2121,69.68
96157,1605,749,24.68
94763,708,780,25.68
94763,714,1025,33.68
94763,1305,1480,48.68
94763,1627,3551,116.68
94763,1637,5073,166.68
82061,1619,2060,67.68
100874,1105,1786,58.68
100874,1701,1876,61.68
25052,1705,964,31.68
56567,1605,1177,38.68
56567,1617,1268,41.68
19862,304,1299,42.68
19862,1118,1299,42.68
93118,432,780,25.68
93118,1698,964,31.68
93118,1705,1115,36.68
12606,423,2425,79.68
12606,426,2425,79.68
12606,1617,2363,77.68
12606,1638,2363,77.68
50248,915,964,31.68
50248,1113,1177,38.68
66834,398,1725,56.68
93579,298,964,31.68
93579,410,1025,33.68
93579,426,933,30.68
93579,432,964,31.68
93579,898,749,24.68
70057,411,1725,56.68
50959,202,5529,181.68
50959,205,5529,181.68
50959,305,1238,40.68
50959,407,5012,164.68
50959,412,5012,164.68
50959,428,1238,40.68
88321,304,2547,83.68
88321,305,2547,83.68
88321,398,2547,83.68
88321,498,2972,97.68
88321,598,994,32.68
88321,1105,1937,63.68
88321,1898,1968,64.68
79236,304,933,30.68
16506,304,1876,61.68
16506,798,1480,48.68
16506,809,1968,64.68
16506,1801,2425,79.68
100519,208,902,29.68
100519,405,902,29.68
100519,412,537,17.68
100519,1710,660,21.68
100519,1898,780,25.68
49882,1617,1268,41.68
2314,108,2821,92.68
2314,313,3003,98.68
2314,914,1146,37.68
2314,1105,1360,44.68
2314,1705,2272,74.68
55306,1106,3855,126.68
55306,1113,3855,126.68
667,107,4586,150.68
667,304,4798,157.68
667,305,1330,43.68
70862,705,2576,84.68
22718,1801,1633,53.68
32376,408,2363,77.68
26287,304,1480,48.68
26287,305,1480,48.68
26287,404,1480,48.68
26287,1113,1268,41.68
26287,1898,2972,97.68
42670,423,2272,74.68
86759,305,2821,92.68
89953,304,2394,78.68
89953,305,2029,66.68
89953,705,1055,34.68
89953,708,2029,66.68
89953,709,2516,82.68
89953,798,2394,78.68
95620,1804,1177,38.68
43075,1701,1268,41.68
9106,1627,2882,94.68
95823,305,749,24.68
51608,102,1725,56.68
51608,1106,1725,56.68
51608,1113,1725,56.68
51608,1701,2821,92.68
67931,112,2486,81.68
67931,202,1845,60.68
67931,406,994,32.68
67931,407,1177,38.68
67931,412,1695,55.68
67931,423,994,32.68
67931,708,2272,74.68
67931,1812,1207,39.68
4818,406,1756,57.68
4818,1898,1238,40.68
20208,406,1360,44.68
20208,430,1146,37.68
20208,915,1025,33.68
20208,1198,1968,64.68
20208,1617,1055,34.68
90372,102,1480,48.68
90372,304,1817,59.68
90372,1198,1086,35.68
86985,426,1115,36.68
86985,1609,1603,52.68
86985,1801,1633,53.68
96019,305,780,25.68
96019,415,780,25.68
96019,1810,2516,82.68
40043,504,1330,43.68
40043,1112,1115,36.68
40043,1617,3794,124.68
40043,1801,1360,44.68
40043,1805,2333,76.68
17191,108,1695,55.68
17191,307,2972,97.68
17191,504,3217,105.68
17191,1617,5132,168.68
17191,1817,1360,44.68
55735,102,1360,44.68
55735,205,1542,50.68
55735,304,3886,127.68
55735,305,3763,123.68
55735,498,1998,65.68
55735,602,1207,39.68
55735,1110,2516,82.68
55735,1113,1207,39.68
97679,209,1025,33.68
97679,798,780,25.68
73875,111,2668,87.68
73875,405,2425,79.68
73875,412,2333,76.68
73875,712,2302,75.68
73875,1108,1115,36.68
73875,1609,2699,88.68
103633,201,3003,98.68
92259,423,1207,39.68
92259,498,1207,39.68
92259,1105,1572,51.68
92259,1112,1572,51.68
92259,1312,1207,39.68
39066,1619,2029,66.68
39066,1622,1845,60.68
39066,1898,2029,66.68
82676,307,994,32.68
73082,298,2455,80.68
59512,398,2210,72.68
59512,1605,5498,180.68
52889,202,902,29.68
52889,1109,1876,61.68
52889,1113,1876,61.68
52889,1216,1238,40.68
97899,102,2090,68.68
97899,205,1360,44.68
97899,304,1360,44.68
97899,605,780,25.68
97899,1204,1725,56.68
17803,103,1391,45.68
17803,305,1238,40.68
17803,411,5774,189.68
17803,414,933,30.68
17803,712,994,32.68
17803,798,1238,40.68
17803,1105,4647,152.68
17803,1111,872,28.68
17803,1118,4617,151.68
17803,1634,1664,54.68
17803,1801,2182,71.68
73015,102,872,28.68
73015,112,872,28.68
73015,304,1603,52.68
73015,706,2699,88.68
73015,709,3916,128.68
73015,1112,872,28.68
73015,1801,1998,65.68
90895,306,933,30.68
88260,311,1086,35.68
88260,1802,1115,36.68
85297,305,1115,36.68
85297,713,1055,34.68
85297,809,994,32.68
85297,1605,5012,164.68
85297,1617,5132,168.68
85297,1622,5104,167.68
85297,1634,5073,166.68
85297,1637,5073,166.68
85297,1638,5043,165.68
85297,1701,4708,154.68
72584,504,5104,167.68
72584,305,2455,80.68
72584,504,1268,41.68
72584,512,1268,41.68
72584,1701,4282,140.68
25130,1811,1391,45.68
25130,1812,1268,41.68
92707,1634,4221,138.68
92707,1817,1786,58.68
10979,102,1725,56.68
10979,406,1725,56.68
10979,411,1725,56.68
10979,423,1725,56.68
10979,426,1725,56.68
10979,706,1725,56.68
10979,709,1725,56.68
7483,202,872,28.68
7483,304,2210,72.68
7483,305,2210,72.68
7483,306,2210,72.68
32674,1812,1360,44.68
48333,414,1025,33.68
48333,428,1633,53.68
48333,1113,3094,101.68
42570,304,1876,61.68
42570,311,2272,74.68
42570,612,2272,74.68
49456,415,872,28.68
49456,1603,1511,49.68
69841,203,1268,41.68
69841,411,1268,41.68
69841,432,1268,41.68
69841,1616,1268,41.68
69841,1634,1268,41.68
69841,1637,1268,41.68
41215,304,2060,67.68
41215,714,1572,51.68
41215,1617,2729,89.68
41215,1634,2729,89.68
99315,203,690,22.68
99315,304,690,22.68
99315,407,690,22.68
99315,1619,690,22.68
58885,408,1511,49.68
58885,1605,2272,74.68
88506,713,2760,90.68
88506,916,964,31.68
88506,1215,2699,88.68
88506,1634,2882,94.68
88506,1802,933,30.68
29351,205,1511,49.68
29351,304,4708,154.68
29351,305,4708,154.68
29351,428,1817,59.68
29351,1113,2547,83.68
29351,1215,4068,133.68
29351,1601,2760,90.68
29351,1617,6228,204.68
29351,1801,2425,79.68
56668,305,1633,53.68
56668,306,1633,53.68
56668,1105,5347,175.68
56668,1215,1025,33.68
56668,1298,1025,33.68
56668,1801,2547,83.68
8528,306,2090,68.68
8528,798,1664,54.68
8528,1110,3217,105.68
8528,1617,2029,66.68
8528,1902,3125,102.68
93303,107,964,31.68
56210,432,1421,46.68
56210,504,3490,114.68
56210,1616,5316,174.68
56210,1817,3763,123.68
25762,1803,1238,40.68
36931,406,1725,56.68
52767,304,3247,106.68
52767,305,994,32.68
52767,306,2668,87.68
52767,406,3278,107.68
52767,407,3247,106.68
52767,426,3278,107.68
52767,1616,3429,112.68
52767,1622,3429,112.68
52767,1634,3429,112.68
52767,1701,2668,87.68
52767,1810,3429,112.68
52767,1812,1756,57.68
52046,304,1086,35.68
68103,306,4767,156.68
68103,410,4647,152.68
68103,426,3156,103.68
68103,915,2791,91.68
68103,1112,1572,51.68
98725,201,902,29.68
98725,305,1876,61.68
98725,307,4798,157.68
98725,313,5835,191.68
98725,428,2121,69.68
98725,1605,4708,154.68
99655,108,721,23.68
99655,1701,872,28.68
34452,116,1845,60.68
34452,1113,2210,72.68
34452,1627,2699,88.68
18516,1104,2241,73.68
18516,1105,1511,49.68
60938,1617,1207,39.68
89265,304,4767,156.68
89265,305,1845,60.68
89265,504,1845,60.68
89265,1801,2090,68.68
20433,1817,1177,38.68
88216,398,3824,125.68
88216,310,3824,125.68
91379,498,964,31.68
91379,798,841,27.68
91379,1609,1330,43.68
91379,1617,1330,43.68
91379,1817,902,29.68
84034,408,1817,59.68
84034,1111,902,29.68
84034,1637,2060,67.68
84034,1817,1238,40.68
81571,424,1055,34.68
81571,1813,964,31.68
34026,304,1115,36.68
34026,1105,2821,92.68
34026,1113,1725,56.68
34026,1708,4068,133.68
51188,304,1360,44.68
51188,1801,1086,35.68
51188,1817,1360,44.68
100040,1304,1330,43.68
100040,1637,2425,79.68
100040,1817,841,27.68
87378,426,2821,92.68
87378,428,1725,56.68
87378,1113,1146,37.68
87378,1816,1055,34.68
87378,1998,3094,101.68
56107,426,1756,57.68
83568,202,1330,43.68
70373,1816,2516,82.68
82787,102,2333,76.68
82787,304,1086,35.68
82787,305,1025,33.68
6734,202,902,29.68
6734,1110,3643,119.68
6734,1801,1391,45.68
54594,1105,1207,39.68
31135,108,1937,63.68
31135,305,2241,73.68
99870,304,660,21.68
99870,305,2241,73.68
99870,307,660,21.68
99870,404,6259,205.68
99870,504,780,25.68
99870,809,811,26.68
45583,304,1115,36.68
87413,406,3186,104.68
87413,713,4008,131.68
87413,798,5012,164.68
87413,998,2516,82.68
87413,1113,964,31.68
101126,108,1664,54.68
101126,714,994,32.68
101126,1801,1572,51.68
99387,405,2151,70.68
99387,428,933,30.68
99387,504,1025,33.68
99387,512,964,31.68
99387,1105,1177,38.68
99387,1113,1177,38.68
99387,1898,1177,38.68
20907,505,994,32.68
20907,1001,4982,163.68
20907,1498,1299,42.68
20907,305,2455,80.68
20907,419,1664,54.68
20907,432,1146,37.68
20907,1106,1177,38.68
20907,1107,5132,168.68
20907,1111,994,32.68
20907,1112,1086,35.68
20907,1113,2425,79.68
20907,1119,1177,38.68
20907,1416,1299,42.68
20907,1498,964,31.68
20907,1609,5043,165.68
20907,1898,1025,33.68
20907,1909,1664,54.68
89757,202,1360,44.68
40869,305,1268,41.68
40869,798,1055,34.68
65694,305,1695,55.68
26809,112,1664,54.68
100777,205,599,19.68
100777,304,780,25.68
100777,410,6534,214.68
100777,412,1025,33.68
100777,1119,841,27.68
100777,1801,2852,93.68
67596,411,2333,76.68
91208,1616,1633,53.68
91208,1698,1633,53.68
91208,1703,1177,38.68
99671,102,841,27.68
99671,198,1725,56.68
99671,205,994,32.68
99671,432,9000,295.68
99671,605,841,27.68
99671,708,1695,55.68
99671,715,1695,55.68
99671,1113,476,15.68
99671,1118,507,16.68
99671,1698,690,22.68
99671,1817,8299,272.68
46831,202,964,31.68
46831,1701,1786,58.68
55727,1610,2333,76.68
55727,1617,2333,76.68
55727,1801,1907,62.68
55727,1816,2333,76.68
13909,426,872,28.68
68525,1810,1756,57.68
46148,426,2182,71.68
46148,1703,1845,60.68
90307,304,964,31.68
90307,306,2090,68.68
18965,998,1937,63.68
18965,498,1177,38.68
18965,1609,933,30.68
32963,1701,1177,38.68
32963,1801,2607,85.68
32963,1812,1511,49.68
18877,304,1330,43.68
18877,305,1330,43.68
18877,1805,2607,85.68
18877,1810,2607,85.68
90750,428,1360,44.68
90750,708,1268,41.68
99963,304,1360,44.68
99963,305,2638,86.68
47302,306,1845,60.68
47302,1898,1025,33.68
87833,705,872,28.68
70544,1617,1725,56.68
84414,428,1025,33.68
23384,1898,1025,33.68
36495,405,1146,37.68
36495,713,1421,46.68
36495,1617,1725,56.68
36495,1801,1207,39.68
17274,602,2272,74.68
17274,208,2241,73.68
17274,304,2272,74.68
17274,305,2272,74.68
17274,432,994,32.68
17274,605,2272,74.68
17274,606,2272,74.68
17274,612,2455,80.68
17274,710,1725,56.68
17274,809,1664,54.68
17274,1703,2272,74.68
17274,1803,2272,74.68
17274,1817,1786,58.68
8016,428,1268,41.68
8016,1701,994,32.68
77238,1112,1146,37.68
77238,1703,1725,56.68
77238,1812,2455,80.68
81270,108,2913,95.68
81270,202,2913,95.68
81270,1601,841,27.68
81270,1617,7296,239.68
81270,1627,841,27.68
81270,1628,2241,73.68
81270,1898,2486,81.68
99688,304,2882,94.68
99688,432,3794,124.68
88735,504,2607,85.68
88735,598,1876,61.68
88735,605,1876,61.68
88735,698,2972,97.68
88735,809,2060,67.68
88735,1113,2241,73.68
49402,428,2182,71.68
40189,1619,3916,128.68
14081,1817,1238,40.68
37391,198,2547,83.68
37391,306,1511,49.68
37391,398,2972,97.68
37391,798,4343,142.68
37391,1198,1268,41.68
37391,1617,4678,153.68
37391,1801,2090,68.68
37391,1898,1511,49.68
13961,202,994,32.68
21322,1701,1299,42.68
96863,1619,1756,57.68
96863,1622,1756,57.68
96863,1701,1146,37.68
19158,313,2151,70.68
60128,1617,1998,65.68
60128,1637,2547,83.68
17715,1617,1299,42.68
17715,1798,1452,47.68
30,111,2729,89.68
30,406,2729,89.68
30,423,2729,89.68
32388,1802,4708,154.68
32388,1813,6108,200.68
32388,1817,2729,89.68
33641,412,933,30.68
33641,906,1603,52.68
33641,1703,1268,41.68
33641,1704,1603,52.68
36474,1817,964,31.68
68081,1637,1115,36.68
68081,1801,1817,59.68
88147,104,994,32.68
88147,202,994,32.68
26051,102,1421,46.68
26051,304,3306,108.68
26051,1215,3217,105.68
95756,304,2607,85.68
95756,432,1177,38.68
95756,1113,1876,61.68
95756,1217,721,23.68
95756,1605,1299,42.68
95756,1627,1177,38.68
72180,1803,3278,107.68
81609,411,1603,52.68
81609,504,5255,172.68
81609,1637,5224,171.68
62308,304,1025,33.68
62308,504,1391,45.68
62308,809,1360,44.68
62308,1703,1391,45.68
97129,102,1360,44.68
97129,405,964,31.68
97129,407,964,31.68
97129,412,964,31.68
97129,423,964,31.68
97129,1810,4464,146.68
43455,1609,1299,42.68
96496,398,2516,82.68
96496,504,1268,41.68
96496,809,1998,65.68
96496,1801,2729,89.68
92603,1801,2210,72.68
40701,708,1968,64.68
40701,1801,1817,59.68
92933,1637,780,25.68
43238,202,2060,67.68
43238,405,1725,56.68
43238,412,2182,71.68
43238,1605,1845,60.68
90568,198,1330,43.68
90568,298,964,31.68
90568,712,1391,45.68
90568,1617,1664,54.68
87661,202,1086,35.68
87661,426,1330,43.68
87661,713,1299,42.68
65320,108,1391,45.68
65320,408,4678,153.68
65320,712,2516,82.68
14552,202,2972,97.68
14552,407,2972,97.68
14552,423,2972,97.68
82737,202,2821,92.68
82737,1106,1025,33.68
82737,1113,1025,33.68
34382,1898,2821,92.68
32848,1113,1146,37.68
32848,1801,2060,67.68
32848,1816,3186,104.68
11307,1637,2060,67.68
11307,1698,1998,65.68
94997,198,2425,79.68
94997,1801,1452,47.68
94997,1810,2363,77.68
27763,1108,1299,42.68
32115,304,1725,56.68
32115,305,1725,56.68
32115,307,1725,56.68
32115,1801,994,32.68
10798,712,1907,62.68
10798,1617,1542,50.68
10798,1813,1330,43.68
6348,1605,1086,35.68
6348,1705,1360,44.68
6348,1798,1572,51.68
39386,601,2821,92.68
39386,305,2729,89.68
39386,313,2821,92.68
39386,426,2029,66.68
39386,798,1391,45.68
39386,1805,2425,79.68
28309,403,1695,55.68
28309,504,1633,53.68
28309,704,1695,55.68
28309,311,964,31.68
28309,504,1633,53.68
28309,1617,1086,35.68
33202,998,1633,53.68
33202,1801,2576,84.68
50869,411,3916,128.68
72991,1113,2394,78.68
85078,1110,1572,51.68
85078,1304,3033,99.68
85078,1307,1360,44.68
45510,411,1542,50.68
45510,1616,1542,50.68
34473,1637,3337,109.68
34473,1817,2060,67.68
91898,304,2972,97.68
91898,306,3306,108.68
91898,1601,2547,83.68
17255,202,2638,86.68
17255,304,1603,52.68
17255,406,2455,80.68
17255,1113,1330,43.68
41863,305,749,24.68
41863,307,902,29.68
41863,809,3702,121.68
41863,1817,1360,44.68
51568,304,872,28.68
51568,305,872,28.68
51568,411,2241,73.68
51568,415,1695,55.68
51568,1619,2333,76.68
51568,1622,2333,76.68
51568,1703,1177,38.68
13493,1106,2699,88.68
13493,1801,3886,127.68
3586,426,1146,37.68
21886,102,3217,105.68
21886,398,2699,88.68
21886,423,1937,63.68
21886,1801,3306,108.68
61008,304,1268,41.68
61008,1813,2029,66.68
4093,304,2241,73.68
4093,305,1086,35.68
4093,313,3824,125.68
4093,798,841,27.68
4093,1106,933,30.68
4093,1112,1511,49.68
4093,1119,1511,49.68
58836,411,1937,63.68
58836,1706,3794,124.68
58836,1898,2791,91.68
58882,1215,3916,128.68
50085,305,3125,102.68
50085,426,2882,94.68
50085,598,1756,57.68
36035,107,3186,104.68
36035,112,3186,104.68
36035,405,2090,68.68
36035,426,2151,70.68
36035,1105,2516,82.68
36035,1816,2090,68.68
36035,1817,1025,33.68
60953,698,4343,142.68
60953,304,1786,58.68
60953,305,1786,58.68
60953,306,1786,58.68
60953,307,1786,58.68
86377,112,1452,47.68
25872,201,1511,49.68
25872,426,1055,34.68
52887,713,1146,37.68
87753,101,9821,322.68
87753,1801,9303,305.68
87753,1898,9821,322.68
77928,412,1968,64.68
21252,504,1480,48.68
21252,423,2090,68.68
21252,504,1480,48.68
21252,712,1572,51.68
21252,1605,2090,68.68
21252,1617,2060,67.68
21252,1622,2060,67.68
21252,1816,1786,58.68
41277,117,2668,87.68
41277,1112,1786,58.68
27540,304,1360,44.68
27540,305,1360,44.68
27540,306,1360,44.68
27540,406,933,30.68
27540,1605,2394,78.68
27540,1701,933,30.68
27540,1703,933,30.68
94002,1014,3398,111.68
94002,1217,1633,53.68
94002,1801,3490,114.68
94002,1805,3702,121.68
11921,116,2121,69.68
11921,201,1845,60.68
11921,202,3337,109.68
11921,424,902,29.68
11921,426,4433,145.68
11921,712,3671,120.68
11921,915,2394,78.68
11921,1198,902,29.68
11921,1617,1146,37.68
53203,108,1360,44.68
53203,116,1330,43.68
53203,198,1299,42.68
53203,201,1360,44.68
53203,426,5529,181.68
53203,809,4313,141.68
42594,504,2241,73.68
42594,1102,2241,73.68
42594,306,2333,76.68
42594,504,2241,73.68
51487,410,2760,90.68
51487,504,1360,44.68
24541,503,1937,63.68
24541,398,2302,75.68
24541,504,2182,71.68
24541,916,3916,128.68
24541,1010,3916,128.68
24541,1634,4160,136.68
24541,1701,2029,66.68
24541,1798,2455,80.68
24541,1801,1968,64.68
35511,1814,1998,65.68
19906,1817,1115,36.68
84636,1605,872,28.68
84636,1612,902,29.68
45192,108,872,28.68
45192,1605,2151,70.68
45192,1616,2151,70.68
79724,108,1268,41.68
79724,1609,1421,46.68
50726,1117,4647,152.68
50726,1210,1391,45.68
68688,104,2241,73.68
68688,304,3306,108.68
68688,305,3306,108.68
68688,306,1268,41.68
68688,307,3306,108.68
68688,309,3306,108.68
68688,432,1664,54.68
68688,898,2333,76.68
68688,1113,1845,60.68
68688,1605,1633,53.68
79750,1605,2090,68.68
79750,1617,1817,59.68
31861,109,446,14.68
31861,305,1603,52.68
31861,428,1330,43.68
31861,612,1603,52.68
31861,1117,1633,53.68
28553,202,964,31.68
28553,1605,1845,60.68
93702,1634,2090,68.68
2318,1634,1391,45.68
2318,1637,1391,45.68
2318,1798,1391,45.68
2318,1801,994,32.68
9274,304,1207,39.68
9274,305,1207,39.68
9274,306,1207,39.68
9274,498,2972,97.68
9274,803,2913,95.68
9274,1114,5377,176.68
9274,1305,1603,52.68
9274,1701,2121,69.68
9274,1803,5682,186.68
43497,107,5804,190.68
43497,201,1115,36.68
43497,304,1360,44.68
43497,306,1360,44.68
43497,406,2121,69.68
43497,504,5073,166.68
43497,612,5469,179.68
43497,914,4617,151.68
43497,1804,4982,163.68
32370,1634,1299,42.68
32370,1705,1055,34.68
36842,698,2852,93.68
36842,102,2210,72.68
36842,305,2241,73.68
36842,607,2852,93.68
36842,698,2852,93.68
36842,1110,2852,93.68
36842,1117,2882,94.68
68293,1198,1086,35.68
68293,1210,841,27.68
68293,1605,2182,71.68
68293,1627,2090,68.68
20458,304,1876,61.68
20458,504,1907,62.68
20458,514,1817,59.68
20458,1119,933,30.68
20458,1801,1542,50.68
84028,114,1055,34.68
84028,411,2941,96.68
84028,414,4068,133.68
84028,1706,2547,83.68
85896,304,1330,43.68
85896,305,1330,43.68
85896,1637,902,29.68
623,102,994,32.68
623,306,1360,44.68
623,705,2852,93.68
98545,305,2425,79.68
98545,306,2425,79.68
98545,404,3033,99.68
98545,406,749,24.68
98545,412,3733,122.68
98545,423,3582,117.68
98545,426,3003,98.68
98545,428,933,30.68
98545,712,3733,122.68
98545,916,2455,80.68
98545,1113,1845,60.68
98545,1801,933,30.68
98545,1816,2516,82.68
98545,1817,1086,35.68
91828,202,1511,49.68
91828,304,2607,85.68
91828,428,994,32.68
39154,412,3702,121.68
39154,712,3702,121.68
39154,1112,1907,62.68
39154,1113,1907,62.68
39154,1605,1907,62.68
39154,1617,1238,40.68
37106,1609,1146,37.68
37106,1616,1146,37.68
19106,411,2882,94.68
41571,405,1845,60.68
41571,1622,2210,72.68
1657,198,2455,80.68
1657,407,2455,80.68
77805,304,6838,224.68
90426,504,1968,64.68
90426,519,933,30.68
90426,1634,6320,207.68
90426,1801,2852,93.68
36590,1605,1391,45.68
85410,1817,841,27.68
19299,998,1207,39.68
19299,916,1238,40.68
19299,1801,1238,40.68
17756,1598,4008,131.68
17756,408,3459,113.68
17756,429,3094,101.68
17756,916,1452,47.68
17756,1110,3977,130.68
17756,1113,3977,130.68
17756,1627,3582,117.68
17756,1801,1055,34.68
29109,202,1421,46.68
29109,406,1664,54.68
29109,423,1238,40.68
29109,916,2210,72.68
29109,1605,1725,56.68
29109,1701,1146,37.68
51783,426,1452,47.68
51783,1619,3125,102.68
51783,1622,3125,102.68
51783,1898,3125,102.68
8591,412,1572,51.68
8591,1612,3186,104.68
13776,102,1786,58.68
13776,205,1695,55.68
13776,304,1330,43.68
13776,305,1330,43.68
13776,307,1330,43.68
13776,406,4678,153.68
13776,411,2394,78.68
13776,1111,3156,103.68
13776,1210,3156,103.68
13776,1812,3916,128.68
73814,1098,2729,89.68
73814,1312,2182,71.68
45555,101,1876,61.68
45555,102,2241,73.68
45555,205,1876,61.68
45555,426,3612,118.68
45555,428,1876,61.68
45555,510,3582,117.68
80672,713,1086,35.68
10566,1113,2852,93.68
10566,1312,3217,105.68
91116,1098,1055,34.68
79259,306,1421,46.68
79259,1617,2363,77.68
79259,1812,1937,63.68
84760,304,872,28.68
84760,1898,964,31.68
47352,1637,1268,41.68
47352,1811,1115,36.68
68580,713,1511,49.68
79302,108,964,31.68
79302,804,2333,76.68
79302,1601,1876,61.68
36168,398,1695,55.68
36168,405,1695,55.68
36168,916,1360,44.68
36168,1801,1330,43.68
36168,1898,1695,55.68
51843,1312,1633,53.68
80990,498,872,28.68
85637,1110,3033,99.68
85637,1614,3306,108.68
85637,1803,3033,99.68
85637,1815,3551,116.68
26208,406,1511,49.68
26208,426,1511,49.68
60560,1815,1360,44.68
6325,1817,1786,58.68
42545,1598,4708,154.68
42545,411,4798,157.68
42545,432,4798,157.68
42545,1110,4708,154.68
42545,1215,2029,66.68
72910,305,994,32.68
72910,1704,4221,138.68
54225,426,1756,57.68
54225,717,933,30.68
54225,1105,3125,102.68
54225,1801,3064,100.68
61363,1802,2791,91.68
83191,205,1511,49.68
83191,708,1421,46.68
87325,405,3156,103.68
87325,423,2060,67.68
87325,714,3643,119.68
87325,1105,2941,96.68
87325,1801,2821,92.68
7242,102,1391,45.68
7242,209,1511,49.68
7242,304,1330,43.68
7242,305,1330,43.68
7242,307,1330,43.68
7242,1298,4190,137.68
7242,1698,3247,106.68
7242,1801,1299,42.68
7242,1998,2060,67.68
97700,109,933,30.68
97700,426,2394,78.68
97700,428,2455,80.68
97700,504,2760,90.68
97700,1801,2121,69.68
19617,1617,1115,36.68
19617,1805,2241,73.68
27780,102,1725,56.68
27780,708,964,31.68
27780,1801,2821,92.68
85081,1117,2576,84.68
47900,1609,1360,44.68
22080,305,2029,66.68
22080,306,2029,66.68
22080,398,2029,66.68
22080,504,1299,42.68
22080,713,1115,36.68
22080,809,1542,50.68
83469,498,1025,33.68
83469,706,841,27.68
7622,108,1055,34.68
7622,1617,2760,90.68
60973,1627,2516,82.68
60973,1805,2699,88.68
86062,304,3033,99.68
86062,305,1876,61.68
86062,307,1330,43.68
86062,398,1330,43.68
86062,1113,1633,53.68
86062,1198,1633,53.68
81424,501,2821,92.68
81424,426,2060,67.68
81424,1605,3582,117.68
81424,1617,3612,118.68
37355,108,1299,42.68
37355,1622,1695,55.68
37355,1701,994,32.68
37355,1801,964,31.68
37355,1812,1025,33.68
37355,1813,1480,48.68
37355,1817,1025,33.68
79195,112,1480,48.68
63869,202,964,31.68
63869,408,1177,38.68
63869,426,1177,38.68
63869,1215,1086,35.68
79686,504,4343,142.68
79686,504,4313,141.68
79686,519,1391,45.68
79686,1601,1786,58.68
79686,1634,964,31.68
87013,426,902,29.68
90002,108,4555,149.68
90002,602,2516,82.68
90002,605,2576,84.68
90002,915,902,29.68
90002,916,1268,41.68
90002,1106,1238,40.68
90002,1113,1480,48.68
90002,1210,1360,44.68
29818,305,1360,44.68
29818,504,1480,48.68
29818,803,1330,43.68
61473,108,2090,68.68
61473,202,2090,68.68
61473,305,994,32.68
61473,708,1055,34.68
63838,1704,2090,68.68
63838,1801,1786,58.68
63838,1817,2302,75.68
96661,108,1452,47.68
96661,116,1268,41.68
96661,305,964,31.68
96661,426,2516,82.68
96661,1312,2972,97.68
96661,1616,1421,46.68
96661,1637,2121,69.68
96661,1801,1086,35.68
96661,1817,2151,70.68
59019,1198,1360,44.68
59019,1817,1845,60.68
59019,1898,1360,44.68
42772,112,1968,64.68
42772,305,1207,39.68
42772,306,1876,61.68
42772,1812,1876,61.68
63265,423,3156,103.68
82687,102,3156,103.68
82687,432,1330,43.68
82687,504,994,32.68
82687,712,6473,212.68
82687,1627,2151,70.68
7964,411,3794,124.68
7964,713,1330,43.68
7964,1640,660,21.68
18850,304,994,32.68
80483,1106,1025,33.68
52598,104,1055,34.68
52598,705,994,32.68
52598,915,3947,129.68
52598,1312,1025,33.68
92256,1605,902,29.68
98191,1634,690,22.68
88154,304,1421,46.68
88154,305,1360,44.68
88154,1113,4798,157.68
88154,1801,2913,95.68
61002,405,3521,115.68
61002,406,3521,115.68
61002,426,3521,115.68
61002,428,1511,49.68
24666,102,1968,64.68
24666,205,1299,42.68
24666,304,1025,33.68
24666,305,1603,52.68
24666,1113,1025,33.68
24666,1898,5255,172.68
56255,304,3490,114.68
56255,307,3490,114.68
56255,916,4252,139.68
56255,1601,3612,118.68
56255,1605,1421,46.68
61553,1798,1725,56.68
99254,102,872,28.68
99254,304,872,28.68
99254,307,872,28.68
99254,514,2668,87.68
99254,1307,872,28.68
99254,1308,629,20.68
28108,1215,2182,71.68
28108,1703,1511,49.68
74032,304,933,30.68
74032,305,933,30.68
74032,306,933,30.68
74032,1113,994,32.68
95794,432,1055,34.68
95794,1098,933,30.68
95794,1813,933,30.68
78616,307,811,26.68
78616,504,994,32.68
78616,1113,1360,44.68
78616,1701,994,32.68
66840,1110,1391,45.68
66840,1817,2821,92.68
22203,103,1572,51.68
22203,119,1055,34.68
22203,305,3490,114.68
22203,1119,933,30.68
22203,1627,3855,126.68
22203,1898,3033,99.68
15569,1617,2272,74.68
15569,1801,1025,33.68
15569,1898,2241,73.68
70374,1601,1146,37.68
70374,1704,1207,39.68
70374,1810,1572,51.68
64382,708,1086,35.68
64382,712,1511,49.68
64382,1113,1421,46.68
64382,1815,964,31.68
86844,104,3916,128.68
86844,107,3886,127.68
86844,116,2455,80.68
86844,201,2090,68.68
86844,305,2210,72.68
86844,1113,1025,33.68
86844,1701,2882,94.68
86141,428,994,32.68
86141,1105,2882,94.68
19640,203,2547,83.68
59486,304,964,31.68
59486,305,1330,43.68
59486,311,3886,127.68
59486,428,1330,43.68
59486,498,1330,43.68
59486,606,1695,55.68
59486,709,964,31.68
59486,715,1695,55.68
59486,915,964,31.68
59486,1105,2821,92.68
59486,1110,2821,92.68
59486,1634,964,31.68
18859,405,3947,129.68
18859,426,3977,130.68
4642,423,3217,105.68
4642,1627,3916,128.68
28946,205,1207,39.68
28946,305,1207,39.68
28946,906,1207,39.68
92543,1112,2363,77.68
92543,1803,2363,77.68
11973,102,1268,41.68
11973,428,1238,40.68
11973,1627,3064,100.68
36897,398,2852,93.68
94293,1102,749,24.68
94293,1198,749,24.68
94293,1617,872,28.68
94293,1637,721,23.68
47992,426,1817,59.68
47992,1305,1268,41.68
99690,426,1055,34.68
99690,712,1268,41.68
99690,1117,1268,41.68
99690,1312,568,18.68
99690,1605,1268,41.68
99690,1640,660,21.68
48535,103,1817,59.68
48535,602,1115,36.68
48535,1605,1115,36.68
23731,305,1330,43.68
23731,414,1115,36.68
23731,428,1207,39.68
23731,610,964,31.68
23731,708,933,30.68
23731,712,2882,94.68
23731,1108,933,30.68
23731,1617,2821,92.68
23731,1817,1115,36.68
49670,916,1391,45.68
49670,1215,1876,61.68
49670,1298,1268,41.68
49670,1605,1817,59.68
33317,304,1330,43.68
24496,1812,2913,95.68
24496,1816,2516,82.68
31077,102,6351,208.68
31077,102,1146,37.68
31077,104,1146,37.68
31077,109,1146,37.68
31077,116,1146,37.68
31077,205,1998,65.68
31077,305,1603,52.68
31077,310,6351,208.68
31077,407,1998,65.68
31077,423,1998,65.68
31077,426,1998,65.68
31077,915,994,32.68
31077,1113,1055,34.68
24422,1801,1633,53.68
24422,1812,2455,80.68
20437,1616,1511,49.68
20437,1617,1511,49.68
39677,411,2394,78.68
39677,1105,1055,34.68
39677,1801,1725,56.68
45309,116,1207,39.68
45309,201,1391,45.68
45309,205,1664,54.68
45309,304,3398,111.68
45309,305,3033,99.68
45309,405,6139,201.68
45309,407,6078,199.68
45309,423,6139,201.68
45309,424,6139,201.68
45309,511,933,30.68
45309,512,933,30.68
45309,519,902,29.68
45309,705,4586,150.68
45309,706,3612,118.68
45309,709,6139,201.68
45309,916,4190,137.68
45309,1801,1025,33.68
39739,1617,1786,58.68
39739,1801,994,32.68
65207,1709,2638,86.68
59451,1609,2760,90.68
59451,1617,994,32.68
14516,426,2121,69.68
14516,1110,1177,38.68
74524,108,964,31.68
74524,1614,1330,43.68
39522,202,902,29.68
9480,304,2241,73.68
9480,305,2241,73.68
9480,307,2241,73.68
9480,406,2547,83.68
9480,1617,4678,153.68
77930,202,964,31.68
77930,412,2425,79.68
77930,1816,1055,34.68
77930,1817,994,32.68
12913,102,1511,49.68
12913,201,1876,61.68
12913,202,5529,181.68
12913,405,5529,181.68
12913,406,5529,181.68
12913,423,5529,181.68
12913,498,4433,145.68
12913,1113,1876,61.68
93242,1605,4798,157.68
93242,1617,2972,97.68
93242,1637,2607,85.68
93242,1812,5529,181.68
93242,1817,933,30.68
441,707,1845,60.68
80458,305,6139,201.68
80458,306,6139,201.68
31353,798,1817,59.68
82073,298,1968,64.68
82073,306,780,25.68
82073,411,4525,148.68
82073,432,3824,125.68
82073,1105,933,30.68
82073,1113,933,30.68
82073,1601,1968,64.68
82073,1605,4525,148.68
82073,1627,3763,123.68
82073,1898,933,30.68
94021,116,1756,57.68
94021,304,2791,91.68
94021,305,2791,91.68
94021,306,2791,91.68
94021,307,2791,91.68
94021,426,4008,131.68
94021,1110,4190,137.68
94021,1119,872,28.68
94021,1617,4282,140.68
94021,1704,3886,127.68
94021,1816,2729,89.68
94021,1817,2607,85.68
58110,305,1695,55.68
58110,306,1725,56.68
58110,406,2699,88.68
58110,1710,1330,43.68
48351,108,1299,42.68
48351,1215,1391,45.68
48351,1609,2151,70.68
9945,1634,3003,98.68
9945,1801,1968,64.68
35513,798,1115,36.68
35513,1622,2821,92.68
35513,1998,1299,42.68
92635,304,902,29.68
93967,403,872,28.68
93967,408,749,24.68
93967,1801,811,26.68
55665,202,1633,53.68
55665,426,1633,53.68
56863,305,1817,59.68
56863,313,4767,156.68
56863,504,2182,71.68
56863,719,2821,92.68
56863,1298,1025,33.68
56863,1701,3582,117.68
56863,1801,5132,168.68
56863,1802,964,31.68
86418,412,902,29.68
88160,398,1542,50.68
88160,310,1542,50.68
88160,311,1299,42.68
88160,1698,1452,47.68
54454,1709,5073,166.68
54454,1898,4708,154.68
29156,1898,1421,46.68
102835,432,933,30.68
102835,1898,2882,94.68
81456,306,3429,112.68
81456,428,1786,58.68
81456,915,1937,63.68
81456,1304,3217,105.68
81456,1801,2455,80.68
89326,115,2182,71.68
24793,198,1756,57.68
24793,708,3916,128.68
24793,914,1146,37.68
24665,432,994,32.68
24665,1601,994,32.68
24665,1898,1360,44.68
95381,424,1695,55.68
95381,430,1695,55.68
95381,1812,1177,38.68
95381,1817,1664,54.68
61589,705,933,30.68
61589,1617,1421,46.68
46705,305,1421,46.68
46705,406,1330,43.68
46705,428,1421,46.68
46705,504,1786,58.68
46705,915,1421,46.68
46705,1113,1725,56.68
74059,102,1695,55.68
74059,202,1695,55.68
74059,498,2425,79.68
74059,798,5316,174.68
74059,1617,5377,176.68
102507,108,629,20.68
43932,1605,2576,84.68
43932,1616,994,32.68
43932,1802,1025,33.68
96158,1617,902,29.68
96158,1637,1421,46.68
96158,1801,1299,42.68
99499,1637,629,20.68
38464,206,1452,47.68
38464,398,1421,46.68
38464,698,1511,49.68
38464,1108,3612,118.68
38464,1312,2333,76.68
81743,101,1664,54.68
81743,102,1664,54.68
81743,198,1664,54.68
81743,205,2090,68.68
81743,304,2394,78.68
81743,411,3855,126.68
81743,414,2090,68.68
81743,711,2363,77.68
81743,1216,1480,48.68
81743,1705,3003,98.68
81743,1798,3003,98.68
81743,1813,4829,158.68
81743,1898,4829,158.68
102085,305,599,19.68
102085,911,507,16.68
102085,916,1391,45.68
102085,1105,721,23.68
102085,1801,1146,37.68
89015,498,1695,55.68
89015,1617,2090,68.68
195,915,2333,76.68
195,1017,2668,87.68
195,1709,2455,80.68
195,1809,2394,78.68
195,1811,2486,81.68
76379,1701,2060,67.68
6388,103,3582,117.68
6388,202,3064,100.68
6388,205,3003,98.68
6388,306,8451,277.68
6388,406,2241,73.68
6388,708,1177,38.68
6388,1704,6169,202.68
32503,202,994,32.68
32503,305,1845,60.68
32503,412,1756,57.68
32503,1619,3125,102.68
22307,305,994,32.68
22307,1617,3612,118.68
58263,504,3702,121.68
58263,304,2241,73.68
58263,504,3702,121.68
49164,1110,1391,45.68
49164,1113,1756,57.68
49164,1617,3643,119.68
49164,1801,1817,59.68
43905,1617,2486,81.68
79708,202,1480,48.68
79708,708,933,30.68
79708,1616,933,30.68
55172,1805,1360,44.68
55172,1898,1360,44.68
40442,426,1299,42.68
695,1105,1115,36.68
695,1626,2821,92.68
695,1813,1268,41.68
43874,713,568,18.68
43874,1627,994,32.68
12477,705,1025,33.68
12477,1112,2121,69.68
12477,1113,1756,57.68
12477,1622,2333,76.68
12477,1805,2182,71.68
65504,1605,5012,164.68
65504,1701,4343,142.68
65504,1801,4617,151.68
65504,1817,872,28.68
71002,104,2241,73.68
71002,1598,2241,73.68
71002,104,2241,73.68
71002,202,2241,73.68
71002,304,2241,73.68
71002,307,2241,73.68
71002,423,2241,73.68
71002,424,1086,35.68
71002,429,2241,73.68
71002,1803,1086,35.68
71002,1898,1086,35.68
50522,708,1330,43.68
50522,1701,1146,37.68
68521,1605,1452,47.68
68521,1801,1452,47.68
77349,914,1207,39.68
77349,916,1207,39.68
77349,1113,1207,39.68
77349,1701,1177,38.68
77349,1798,1177,38.68
64700,108,1330,43.68
64700,1609,1391,45.68
64700,1801,1268,41.68
103,114,4160,136.68
103,205,1511,49.68
103,304,4433,145.68
103,305,4008,131.68
103,306,4008,131.68
103,1014,3125,102.68
46636,1102,1177,38.68
46636,298,902,29.68
88068,305,1268,41.68
96916,1605,1452,47.68
3523,108,1268,41.68
3523,313,3551,116.68
3523,423,1633,53.68
25376,202,933,30.68
25376,406,1086,35.68
25376,407,933,30.68
25376,1113,1421,46.68
25376,1708,1299,42.68
26441,1898,2852,93.68
30653,412,1725,56.68
30653,415,1725,56.68
60084,405,4068,133.68
60084,1111,2576,84.68
60084,1212,2576,84.68
60084,1214,2576,84.68
95208,1113,1238,40.68
31605,102,1998,65.68
31605,202,4313,141.68
31605,205,1391,45.68
31605,304,1391,45.68
31605,415,4313,141.68
31605,916,4920,161.68
31605,1113,1756,57.68
50651,304,1817,59.68
50651,306,4313,141.68
50651,1815,3855,126.68
74711,306,3094,101.68
74711,412,3033,99.68
74711,710,2821,92.68
74711,915,2363,77.68
74711,1609,3125,102.68
92930,916,780,25.68
81962,305,2090,68.68
81962,313,2363,77.68
81962,713,2182,71.68
81962,1705,1633,53.68
15933,1113,994,32.68
54104,421,1756,57.68
54104,498,1756,57.68
54104,1627,2182,71.68
35175,1811,1756,57.68
3365,109,2241,73.68
3365,304,4647,152.68
3365,305,1268,41.68
3365,306,1998,65.68
3365,312,1937,63.68
3365,313,5651,185.68
3365,404,1786,58.68
3365,408,1299,42.68
3365,498,1786,58.68
3365,714,2333,76.68
3365,717,2241,73.68
3365,720,2241,73.68
3365,809,1756,57.68
3365,908,933,30.68
3365,910,1025,33.68
3365,915,2852,93.68
3365,916,1207,39.68
3365,998,1025,33.68
3365,1117,5043,165.68
3365,1215,1937,63.68
3365,1605,5104,167.68
3365,1617,5012,164.68
70994,1605,1572,51.68
78518,1398,1452,47.68
78518,708,1421,46.68
78518,1198,1207,39.68
78518,1306,1421,46.68
78518,1801,1207,39.68
10458,1801,4221,138.68
10458,1810,4647,152.68
51736,305,2882,94.68
51736,306,2882,94.68
51736,404,1786,58.68
51736,1617,3643,119.68
92366,498,2302,75.68
92366,914,1845,60.68
92366,1705,1177,38.68
6176,104,1480,48.68
6176,504,1480,48.68
80635,411,1664,54.68
80635,713,1664,54.68
94856,1001,2121,69.68
94856,1598,2121,69.68
94856,1617,1664,54.68
94856,1701,1542,50.68
61151,305,1786,58.68
61151,306,1786,58.68
61151,406,2121,69.68
74133,310,2182,71.68
57033,1816,3916,128.68
55102,304,1756,57.68
55102,306,1391,45.68
55102,404,4708,154.68
55102,405,2363,77.68
55102,406,2363,77.68
55102,407,2363,77.68
55102,414,1633,53.68
55102,915,3855,126.68
55102,1105,2272,74.68
55102,1112,841,27.68
64114,304,2547,83.68
64114,914,902,29.68
64114,916,1086,35.68
64114,1006,2516,82.68
77642,1617,1633,53.68
25123,428,1086,35.68
25123,1605,3398,111.68
25123,1627,2821,92.68
25123,1813,2913,95.68
78613,423,1177,38.68
78613,713,1055,34.68
19894,306,3916,128.68
19894,504,1572,51.68
19894,1112,2821,92.68
19894,1204,1633,53.68
19894,1801,4647,152.68
19894,1817,4252,139.68
93866,1105,3186,104.68
2983,508,4129,135.68
87890,102,2607,85.68
87890,108,1603,52.68
87890,120,902,29.68
87890,198,964,31.68
87890,202,811,26.68
87890,304,902,29.68
87890,305,1421,46.68
87890,307,994,32.68
87890,427,1207,39.68
87890,908,1207,39.68
87890,1111,1756,57.68
87890,1198,1845,60.68
87890,1210,1756,57.68
87890,1798,6320,207.68
90030,304,1115,36.68
90030,412,964,31.68
90030,426,964,31.68
90030,1805,3643,119.68
90030,1898,3643,119.68
8028,202,1664,54.68
8028,432,933,30.68
42029,202,5713,187.68
42029,504,1360,44.68
42029,914,2882,94.68
96793,432,1025,33.68
96793,1798,660,21.68
96793,1801,1452,47.68
96793,1804,1452,47.68
59255,304,1391,45.68
59255,705,2302,75.68
59255,1614,2363,77.68
59255,1634,2363,77.68
47334,398,1633,53.68
71652,412,4433,145.68
39735,202,933,30.68
39735,203,2821,92.68
39735,1605,2121,69.68
39735,1634,933,30.68
39735,1898,1238,40.68
46449,1617,3306,108.68
46449,1798,994,32.68
2345,1801,1452,47.68
2345,1817,1299,42.68
29376,705,1177,38.68
29376,713,1725,56.68
17693,108,2821,92.68
17693,202,1330,43.68
17693,719,872,28.68
17693,1098,3521,115.68
17693,1113,1360,44.68
17693,1709,4160,136.68
17693,1816,2486,81.68
17693,1817,3763,123.68
93043,1817,1025,33.68
49709,405,1725,56.68
49709,1703,1268,41.68
101062,426,1360,44.68
97412,1617,690,22.68
97412,1622,690,22.68
77108,1637,1177,38.68
97823,108,749,24.68
83384,405,1633,53.68
83384,809,1177,38.68
8275,102,2090,68.68
8275,104,2090,68.68
8275,406,4647,152.68
8275,415,4647,152.68
4072,405,1542,50.68
4072,423,1542,50.68
4072,426,1542,50.68
4072,1110,1391,45.68
53927,304,1115,36.68
53927,405,964,31.68
53927,1605,1786,58.68
53927,1801,1695,55.68
53927,1802,1207,39.68
88822,798,872,28.68
88822,998,1025,33.68
100852,428,1421,46.68
100852,432,4920,161.68
100852,712,4951,162.68
100852,915,2455,80.68
100852,1198,690,22.68
100852,1601,4555,149.68
100852,1605,5073,166.68
100852,1627,3824,125.68
100852,1630,2516,82.68
100852,1633,4190,137.68
100852,1801,1725,56.68
100852,1805,1845,60.68
40764,1304,1238,40.68
103182,610,1664,54.68
103182,1617,1664,54.68
103182,1622,1786,58.68
43042,1015,1452,47.68
43042,1110,1360,44.68
43042,1812,1238,40.68
29158,304,841,27.68
29158,916,841,27.68
11088,809,2972,97.68
11088,1627,2486,81.68
31715,198,5590,183.68
31715,305,5469,179.68
31715,1113,1115,36.68
31715,1617,5498,180.68
31715,1798,2486,81.68
31715,1898,5560,182.68
64831,206,2060,67.68
64831,423,964,31.68
64831,426,964,31.68
64831,1605,1360,44.68
32660,298,872,28.68
32660,304,872,28.68
32660,305,872,28.68
32660,307,872,28.68
51960,1617,2486,81.68
51960,1619,2486,81.68
40325,809,1633,53.68
40325,1898,3429,112.68
19200,1634,1511,49.68
54666,203,994,32.68
102429,1630,629,20.68
48393,406,2455,80.68
48393,423,3186,104.68
84789,432,1207,39.68
84789,1801,2151,70.68
36760,415,1786,58.68
36760,1701,2182,71.68
48455,1709,872,28.68
74304,203,1480,48.68
74304,426,1268,41.68
57858,426,1025,33.68
42983,428,1695,55.68
42983,1198,2425,79.68
37972,914,872,28.68
37972,915,872,28.68
37972,998,902,29.68
88456,398,2363,77.68
88456,998,2668,87.68
88456,1112,2363,77.68
88456,1617,1968,64.68
88456,1805,2363,77.68
74735,304,1421,46.68
74735,398,4343,142.68
74735,411,1572,51.68
74735,915,1664,54.68
74735,1113,2151,70.68
74735,1118,2151,70.68
74735,1637,1786,58.68
74735,1705,3916,128.68
74735,1811,4708,154.68
88831,1801,1725,56.68
88439,108,841,27.68
66441,304,1146,37.68
66441,305,1146,37.68
66441,1816,1391,45.68
29893,102,1330,43.68
29893,428,5132,168.68
29893,915,1055,34.68
29893,916,2516,82.68
29893,1204,1055,34.68
29893,1630,6565,215.68
29893,1801,6047,198.68
77144,304,2182,71.68
77144,313,3186,104.68
77144,405,2821,92.68
10879,305,1055,34.68
10879,307,1055,34.68
10879,712,2668,87.68
61808,412,1542,50.68
61808,713,1146,37.68
78025,1112,2029,66.68
42825,1110,3886,127.68
72245,426,4343,142.68
72245,1709,3947,129.68
100842,198,599,19.68
100842,406,3612,118.68
100842,411,1725,56.68
100842,412,2972,97.68
100842,423,2972,97.68
100842,426,2972,97.68
100842,712,2972,97.68
100842,1637,3156,103.68
100842,1701,2941,96.68
100842,1813,2090,68.68
96279,306,1421,46.68
2279,101,1876,61.68
2279,198,1998,65.68
2279,305,2913,95.68
2279,306,4951,162.68
2279,398,1086,35.68
2279,411,4951,162.68
2279,423,4678,153.68
2279,908,1817,59.68
2279,1701,1968,64.68
2279,1801,1633,53.68
2279,1817,2210,72.68
2279,1898,6259,205.68
78990,304,1115,36.68
17271,304,1025,33.68
17271,809,964,31.68
17271,1112,872,28.68
17271,1298,1907,62.68
30480,425,1572,51.68
30480,1617,1572,51.68
56651,432,872,28.68
56651,1215,2486,81.68
56651,1622,2699,88.68
8259,107,1025,33.68
8259,498,2121,69.68
8259,705,4221,138.68
8259,1801,4252,139.68
64849,398,1238,40.68
64849,1113,1238,40.68
64849,1612,1238,40.68
64849,1616,1238,40.68
64849,1622,1238,40.68
64849,1634,1238,40.68
64849,1637,1238,40.68
64849,1640,1238,40.68
76024,798,2760,90.68
76024,1605,1177,38.68
76024,1801,933,30.68
75065,1801,1238,40.68
75065,1817,933,30.68
20566,1624,1086,35.68
8695,108,994,32.68
8695,1617,1542,50.68
78731,306,1725,56.68
78731,1813,1695,55.68
72338,1614,2516,82.68
5603,1701,1086,35.68
5603,1703,1511,49.68
5603,1810,1115,36.68
50168,304,1452,47.68
50168,1198,1817,59.68
50168,1898,1817,59.68
18578,1001,1177,38.68
18578,1198,964,31.68
3484,101,3003,98.68
3484,198,3003,98.68
96629,1113,780,25.68
96629,1198,780,25.68
96629,1617,2090,68.68
20354,108,2882,94.68
51075,203,1572,51.68
51075,305,1115,36.68
51075,307,1480,48.68
51075,415,1268,41.68
51075,425,5255,172.68
51075,430,5255,172.68
51075,908,1480,48.68
51075,914,1480,48.68
51075,1113,1360,44.68
51075,1613,5285,173.68
51075,1614,1025,33.68
51075,1616,3278,107.68
51075,1617,3278,107.68
2651,304,1268,41.68
2651,305,2363,77.68
2651,307,1268,41.68
2651,426,2516,82.68
2651,498,902,29.68
2651,504,2516,82.68
2651,519,1633,53.68
2651,714,2425,79.68
2651,1117,3947,129.68
2651,1701,1817,59.68
2651,1798,1360,44.68
2651,1809,4647,152.68
86396,305,11952,392.68
86396,605,902,29.68
86396,705,902,29.68
67779,798,3916,128.68
67779,1605,2090,68.68
83434,304,902,29.68
83434,705,872,28.68
83434,708,811,26.68
83434,1898,902,29.68
40774,1112,1756,57.68
49877,1637,2151,70.68
50635,198,1421,46.68
86401,304,1115,36.68
86401,1605,2272,74.68
48638,304,1998,65.68
48638,432,994,32.68
48638,1637,2090,68.68
15794,498,3306,108.68
15794,713,3855,126.68
15794,1816,1695,55.68
85686,415,872,28.68
85686,1622,1086,35.68
85155,1113,1025,33.68
44293,1609,2455,80.68
44293,1703,1238,40.68
22335,398,1086,35.68
22335,423,1511,49.68
22335,916,1725,56.68
2001,102,811,26.68
2001,304,811,26.68
2001,306,2791,91.68
2001,410,4617,151.68
2001,411,5224,171.68
2001,428,1572,51.68
2001,711,811,26.68
2001,1105,2302,75.68
2001,1305,1146,37.68
89712,108,2729,89.68
89712,298,1025,33.68
89712,1112,1055,34.68
89712,1801,2425,79.68
89712,1816,4008,131.68
87390,1198,841,27.68
91194,504,933,30.68
54722,304,1480,48.68
54722,305,1480,48.68
54722,415,1360,44.68
54722,1113,964,31.68
99743,304,1572,51.68
99743,305,1572,51.68
99743,404,1907,62.68
99743,705,1360,44.68
99743,1817,1603,52.68
41349,914,2090,68.68
99329,504,872,28.68
99329,304,1511,49.68
99329,407,1421,46.68
99329,410,1786,58.68
99329,412,1786,58.68
99329,426,1786,58.68
99329,498,902,29.68
99329,504,1511,49.68
99329,1612,902,29.68
54009,202,964,31.68
54009,916,872,28.68
43397,304,1115,36.68
43397,425,4190,137.68
88245,1614,933,30.68
18224,1801,3217,105.68
25795,1312,1086,35.68
25795,1810,3247,106.68
16955,305,1025,33.68
16955,306,1025,33.68
16955,424,1756,57.68
16955,1110,1452,47.68
16955,1605,1452,47.68
16955,1708,1238,40.68
97169,298,994,32.68
97169,304,994,32.68
97169,306,1572,51.68
97169,404,4190,137.68
97169,414,2972,97.68
97169,608,994,32.68
97169,712,4982,163.68
97169,1106,2607,85.68
97169,1112,2972,97.68
97169,1113,1876,61.68
97169,1211,994,32.68
97169,1312,4190,137.68
97169,1618,4037,132.68
97169,1698,1177,38.68
97169,1701,4525,148.68
97169,1801,4008,131.68
61946,428,3156,103.68
61946,698,1633,53.68
61946,1701,1907,62.68
61946,1705,1907,62.68
56779,202,872,28.68
56779,304,1330,43.68
56779,423,1025,33.68
56779,705,1086,35.68
56779,1617,933,30.68
3634,306,4739,155.68
3634,915,4282,140.68
3634,916,1786,58.68
85229,107,4008,131.68
85229,412,3156,103.68
94342,1617,3551,116.68
68903,1798,1268,41.68
68903,1810,690,22.68
5878,116,1664,54.68
5878,201,1299,42.68
5878,304,3125,102.68
5878,612,933,30.68
100776,202,1360,44.68
100776,706,1268,41.68
100776,1705,2151,70.68
56772,298,1664,54.68
56772,914,1115,36.68
56772,916,1268,41.68
56772,1617,5163,169.68
56772,1637,4829,158.68
25551,423,1360,44.68
25551,426,1360,44.68
25551,498,1360,44.68
54570,1619,3459,113.68
54570,1801,2090,68.68
87924,202,1330,43.68
87924,414,994,32.68
87924,898,872,28.68
87924,916,1268,41.68
87924,1305,1876,61.68
88747,304,902,29.68
88747,498,933,30.68
88747,1627,1391,45.68
88747,1803,3278,107.68
88747,1809,3278,107.68
76387,1105,2210,72.68
76387,1110,2210,72.68
76387,1117,2210,72.68
22711,426,3186,104.68
22711,1105,2760,90.68
17082,202,1238,40.68
43036,504,902,29.68
43036,519,902,29.68
43036,1619,2607,85.68
82009,1798,1055,34.68
77703,1605,1421,46.68
204,102,1391,45.68
204,414,1756,57.68
204,498,1146,37.68
204,1113,1391,45.68
50311,304,2668,87.68
50311,305,4920,161.68
50311,313,5285,173.68
50311,504,1786,58.68
50311,914,1268,41.68
50311,916,1299,42.68
90621,406,1695,55.68
90621,498,1725,56.68
90621,998,1268,41.68
4167,305,994,32.68
4167,306,994,32.68
69910,1801,1725,56.68
12968,107,1998,65.68
43757,407,1633,53.68
43757,1016,3794,124.68
43757,1705,1391,45.68
43757,1815,2760,90.68
43757,1817,3855,126.68
96607,101,1511,49.68
96607,102,1511,49.68
96607,206,1146,37.68
96607,426,3337,109.68
89794,304,841,27.68
89794,305,1845,60.68
89794,504,1207,39.68
25934,305,1817,59.68
25934,306,1817,59.68
58029,411,2029,66.68
58029,412,1268,41.68
58029,426,1633,53.68
58029,432,2029,66.68
58029,1614,1268,41.68
37169,305,1633,53.68
64974,1110,2576,84.68
64974,1698,2852,93.68
64974,1801,1391,45.68
100364,426,568,18.68
48667,705,2090,68.68
53007,298,994,32.68
49171,202,5163,169.68
49171,205,1725,56.68
49171,305,2607,85.68
49171,405,4798,157.68
49171,423,4798,157.68
64320,198,1786,58.68
64320,1616,4951,162.68
64320,1619,4951,162.68
64320,1798,1817,59.68
25426,601,2363,77.68
25426,1198,2210,72.68
6084,713,2272,74.68
6084,798,872,28.68
6084,1617,3306,108.68
6084,1624,3306,108.68
6084,1704,2821,92.68
6084,1798,872,28.68
6084,1801,1391,45.68
6084,1817,1360,44.68
84053,1637,1146,37.68
47040,298,1360,44.68
47040,1898,1360,44.68
72851,202,1025,33.68
82997,1198,1238,40.68
82997,304,1238,40.68
82997,798,1177,38.68
82997,1117,1238,40.68
82997,1898,1238,40.68
14826,1304,933,30.68
36688,112,3916,128.68
1897,306,1360,44.68
1897,426,1817,59.68
1897,705,1421,46.68
1897,916,3398,111.68
1897,1015,1360,44.68
1897,1112,2913,95.68
1897,1113,2913,95.68
1897,1298,2607,85.68
1897,1605,3459,113.68
1897,1813,2151,70.68
1773,1617,3855,126.68
1773,1898,3551,116.68
19731,305,2151,70.68
19731,1798,1025,33.68
11340,311,1146,37.68
64204,1105,3094,101.68
64204,1817,3612,118.68
2293,202,1238,40.68
2293,206,1542,50.68
2293,405,3551,116.68
2293,407,1330,43.68
2293,1801,1937,63.68
2293,1810,4008,131.68
2293,1898,1542,50.68
51039,306,2913,95.68
51039,423,3459,113.68
51039,1112,568,18.68
51039,1801,1695,55.68
51039,1817,964,31.68
94965,304,599,19.68
94965,310,1115,36.68
94965,1816,599,19.68
73678,404,1786,58.68
73678,408,1786,58.68
73678,426,1786,58.68
103435,304,446,14.68
103435,421,749,24.68
103435,1801,1756,57.68
93574,304,629,20.68
93574,307,994,32.68
93574,1617,3947,129.68
93574,1701,811,26.68
93574,1817,2182,71.68
76167,307,1421,46.68
76167,1117,6290,206.68
76167,1198,964,31.68
34858,304,933,30.68
34858,305,933,30.68
56406,202,964,31.68
64691,202,1146,37.68
64691,208,1238,40.68
64691,305,1421,46.68
64691,306,1421,46.68
64691,405,5073,166.68
64691,423,5073,166.68
64691,426,5073,166.68
64691,606,1268,41.68
64691,607,1299,42.68
64691,705,841,27.68
64691,809,1025,33.68
64691,1113,1025,33.68
64691,1634,2852,93.68
64691,1801,4433,145.68
64691,1802,2516,82.68
95843,1898,1238,40.68
98799,1617,3398,111.68
58180,103,3306,108.68
58180,202,1968,64.68
58180,412,1572,51.68
58180,1898,4068,133.68
46666,403,3947,129.68
46666,504,3916,128.68
46666,498,1330,43.68
26139,203,2516,82.68
26139,423,2090,68.68
81726,102,1786,58.68
81726,411,1664,54.68
81726,412,3916,128.68
81726,712,3916,128.68
81726,1312,2760,90.68
81726,1637,2821,92.68
58014,102,872,28.68
58014,304,1756,57.68
58014,305,2455,80.68
58014,519,1664,54.68
58014,1113,2516,82.68
58014,1898,3794,124.68
30817,108,1055,34.68
24226,1798,1115,36.68
5452,108,964,31.68
31451,1113,1817,59.68
41804,1215,994,32.68
41804,1809,2699,88.68
16483,120,1664,54.68
90532,108,2638,86.68
90532,1622,2699,88.68
72988,1202,2486,81.68
72988,404,3094,101.68
72988,412,2852,93.68
72988,709,2486,81.68
72988,915,2486,81.68
72988,1105,1025,33.68
72988,1298,2121,69.68
72988,1605,2486,81.68
72988,1612,2852,93.68
72988,1622,3094,101.68
72988,1640,3094,101.68
72988,1804,3094,101.68
72988,1898,3094,101.68
88051,205,1876,61.68
88051,415,4068,133.68
88051,807,3247,106.68
100383,104,1086,35.68
100383,108,2090,68.68
100383,109,2394,78.68
100383,305,2394,78.68
100383,306,629,20.68
100383,406,2455,80.68
100383,412,2455,80.68
100383,426,2455,80.68
100383,708,811,26.68
100383,712,2455,80.68
100383,1111,2821,92.68
100383,1113,1725,56.68
100383,1617,690,22.68
100383,1703,1845,60.68
100383,1801,3003,98.68
100383,1817,599,19.68
99685,298,1146,37.68
99685,604,780,25.68
97543,1617,902,29.68
29931,1598,5925,194.68
29931,305,1695,55.68
29931,412,5925,194.68
29931,426,5925,194.68
29931,712,5925,194.68
82646,305,1695,55.68
82646,311,1511,49.68
82646,1617,1725,56.68
73897,1113,3916,128.68
34274,108,1086,35.68
39646,1816,3459,113.68
50600,425,3643,119.68
50600,605,3643,119.68
50600,1701,1391,45.68
65777,311,1268,41.68
65777,1622,1268,41.68
57834,304,3490,114.68
96209,304,2821,92.68
96209,306,2913,95.68
96209,411,2455,80.68
96209,432,2852,93.68
96209,1013,4099,134.68
96209,1801,4190,137.68
96209,1802,2121,69.68
96209,1817,2516,82.68
19918,201,2516,82.68
19918,304,2516,82.68
19918,504,2516,82.68
19918,512,994,32.68
19918,1802,6685,219.68
42850,202,994,32.68
42850,423,1756,57.68
42850,1407,1817,59.68
42850,1605,1786,58.68
42850,1812,872,28.68
89616,306,1817,59.68
89616,406,1695,55.68
89616,1105,1937,63.68
80713,1701,1360,44.68
103607,498,1876,61.68
103607,1801,599,19.68
46887,304,1115,36.68
46887,428,3947,129.68
46887,498,3947,129.68
46887,705,3217,105.68
46887,1111,1207,39.68
46887,1216,1786,58.68
46887,1609,994,32.68
74676,1812,2516,82.68
88727,119,3582,117.68
88727,504,1664,54.68
88727,1634,3490,114.68
88727,1640,3490,114.68
88727,1814,3582,117.68
88727,1898,3582,117.68
85798,1117,1786,58.68
83490,423,3217,105.68
83490,504,2182,71.68
83490,1203,902,29.68
79294,407,2699,88.68
79294,504,1421,46.68
79294,1112,841,27.68
79294,1113,841,27.68
79294,1204,1421,46.68
79294,1817,1421,46.68
43222,504,3368,110.68
43222,1298,1817,59.68
43222,112,1025,33.68
43222,305,3582,117.68
43222,306,1207,39.68
43222,426,3763,123.68
43222,428,1207,39.68
43222,504,3368,110.68
43222,1010,1725,56.68
43222,1117,3521,115.68
43222,1210,1452,47.68
43222,1298,1452,47.68
43222,1703,2760,90.68
43222,1798,1664,54.68
43523,120,1421,46.68
43523,305,1603,52.68
43523,306,902,29.68
43523,412,5012,164.68
43523,514,1603,52.68
43523,805,1177,38.68
43523,914,1603,52.68
43523,1305,1603,52.68
43523,1701,5498,180.68
32124,109,1876,61.68
32124,202,1238,40.68
32124,407,1025,33.68
32124,426,1998,65.68
32124,1601,1786,58.68
32124,1617,1786,58.68
32124,1812,1603,52.68
33541,104,1452,47.68
33541,203,1725,56.68
33541,916,933,30.68
33541,1215,841,27.68
33541,1298,841,27.68
33541,1605,1452,47.68
33541,1609,1330,43.68
33541,1617,1725,56.68
18093,102,2182,71.68
14231,305,3094,101.68
14231,504,2486,81.68
14231,612,2941,96.68
15758,519,1876,61.68
45314,304,2241,73.68
45314,305,2210,72.68
45314,306,2210,72.68
45314,915,2791,91.68
45314,1798,1452,47.68
45314,1813,1391,45.68
63728,306,964,31.68
63728,426,2029,66.68
69481,1898,1391,45.68
32548,305,1025,33.68
32548,712,1391,45.68
31648,304,994,32.68
19652,306,476,15.68
88844,102,1876,61.68
88844,205,1511,49.68
88844,304,2607,85.68
88844,305,1876,61.68
88844,411,4068,133.68
88844,504,5163,169.68
88844,908,1695,55.68
88844,916,1330,43.68
88844,1617,6016,197.68
58342,504,964,31.68
58342,809,964,31.68
58342,1111,1115,36.68
87917,311,1238,40.68
5192,104,2121,69.68
5192,109,1876,61.68
5192,110,2121,69.68
5192,198,994,32.68
5192,914,2210,72.68
5192,916,2210,72.68
5192,1015,2090,68.68
59988,412,2182,71.68
59988,426,2729,89.68
59988,915,1360,44.68
59988,1112,3582,117.68
59988,1627,4008,131.68
26114,426,1817,59.68
26114,1304,2425,79.68
63829,305,1238,40.68
63829,1709,1421,46.68
63829,1817,964,31.68
29371,304,1086,35.68
29371,307,1086,35.68
29371,428,2455,80.68
29371,1106,1086,35.68
29371,1111,1086,35.68
82823,202,4252,139.68
82823,304,3855,126.68
82823,305,1633,53.68
82823,915,964,31.68
82823,1198,5104,167.68
28573,305,2455,80.68
28573,1609,3094,101.68
28573,1617,3094,101.68
1761,115,5377,176.68
1761,304,1725,56.68
1761,410,994,32.68
1761,1014,6473,212.68
1761,1801,5012,164.68
100727,109,721,23.68
100727,498,1115,36.68
73122,205,1238,40.68
73122,304,4951,162.68
73122,307,4951,162.68
73122,423,5682,186.68
73122,1701,5621,184.68
19530,306,2668,87.68
19530,426,4555,149.68
19530,1105,2486,81.68
19530,1113,2516,82.68
19530,1809,3125,102.68
1073,112,2699,88.68
1073,428,1360,44.68
1073,708,3125,102.68
1073,916,1786,58.68
1073,1312,2821,92.68
1073,1605,3551,116.68
1073,1701,1937,63.68
65903,198,933,30.68
28220,426,2821,92.68
28220,1605,2060,67.68
28220,1817,964,31.68
62941,104,1511,49.68
62941,110,2972,97.68
62941,112,2607,85.68
62941,404,2607,85.68
62941,601,2972,97.68
62941,607,2972,97.68
62941,1105,2394,78.68
62941,1110,3337,109.68
62941,1113,1511,49.68
62941,1898,2394,78.68
57068,120,1146,37.68
57068,305,1146,37.68
57068,414,1876,61.68
57068,1698,1146,37.68
57068,1998,872,28.68
87139,304,933,30.68
87139,305,2333,76.68
87139,1117,3217,105.68
74511,202,2516,82.68
74511,405,2516,82.68
74511,412,1115,36.68
74511,423,2516,82.68
74511,705,1817,59.68
74511,712,1086,35.68
74511,1605,1115,36.68
74511,1701,1299,42.68
74511,1703,902,29.68
74511,1801,2729,89.68
20520,104,1146,37.68
20520,914,902,29.68
72094,1113,1664,54.68
72094,1619,3671,120.68
72094,1798,2852,93.68
80062,714,2425,79.68
9318,202,3643,119.68
9318,1701,2821,92.68
50146,104,2576,84.68
50146,109,2576,84.68
50146,119,2576,84.68
50146,202,3886,127.68
50146,1809,2576,84.68
99567,304,1146,37.68
99567,305,1146,37.68
99567,1701,1146,37.68
58519,1634,1421,46.68
22099,1601,1968,64.68
22099,1605,1207,39.68
22099,1817,1330,43.68
26533,498,1786,58.68
26533,1110,2029,66.68
26533,1116,2668,87.68
50281,108,1115,36.68
50281,705,1115,36.68
50281,1630,3278,107.68
50281,1698,2121,69.68
100781,202,2821,92.68
100781,304,1756,57.68
100781,406,2090,68.68
100781,498,2121,69.68
100781,1108,1998,65.68
100781,1801,1633,53.68
100781,1817,690,22.68
93981,102,1421,46.68
93981,304,994,32.68
93981,307,994,32.68
93981,1110,1817,59.68
93981,1812,902,29.68
64868,914,2302,75.68
101049,202,599,19.68
101049,307,994,32.68
101049,423,629,20.68
101049,426,1998,65.68
101049,428,599,19.68
101049,510,537,17.68
101049,605,537,17.68
101049,708,599,19.68
101049,1113,1998,65.68
101049,1616,629,20.68
18122,801,1480,48.68
18122,428,933,30.68
18122,1215,1542,50.68
18122,1627,933,30.68
96166,1798,721,23.68
35518,1898,994,32.68
19416,1198,2121,69.68
19416,1215,2241,73.68
44822,205,1511,49.68
44822,304,1146,37.68
44822,428,1511,49.68
39204,202,964,31.68
39204,406,1115,36.68
39204,426,1086,35.68
39204,1609,1937,63.68
85327,404,1603,52.68
85327,498,1756,57.68
85327,803,1603,52.68
85327,914,3794,124.68
85327,916,2394,78.68
85327,1113,2394,78.68
85327,1305,1238,40.68
85327,1801,3186,104.68
85327,1810,5377,176.68
57980,108,2821,92.68
57980,304,1025,33.68
57980,305,1025,33.68
57980,306,1025,33.68
57980,307,1845,60.68
57980,504,1998,65.68
57980,706,964,31.68
57980,1117,2151,70.68
57980,1605,3855,126.68
95206,102,1115,36.68
92539,426,1695,55.68
97890,304,721,23.68
97890,426,721,23.68
97890,998,721,23.68
87274,415,1633,53.68
96495,201,2241,73.68
96495,305,2241,73.68
96495,1801,3094,101.68
96495,1805,4037,132.68
28566,305,1360,44.68
28566,612,1907,62.68
1380,104,1268,41.68
828,705,2302,75.68
828,713,2182,71.68
828,1113,4678,153.68
828,1812,2699,88.68
1351,1106,2852,93.68
1351,1215,4708,154.68
1351,1898,2913,95.68
67146,204,2547,83.68
67146,208,2547,83.68
67146,298,3278,107.68
67146,504,3916,128.68
67146,606,3278,107.68
67146,1704,3459,113.68
67146,1801,3125,102.68
37012,426,2760,90.68
37012,1198,964,31.68
86998,298,1330,43.68
86998,1605,1330,43.68
86998,1619,1330,43.68
86998,1634,1330,43.68
86998,1698,1299,42.68
86998,1798,1025,33.68
82128,1705,933,30.68
83864,1616,933,30.68
65616,102,1086,35.68
65616,104,1086,35.68
65616,305,1664,54.68
65616,504,2913,95.68
26296,1801,1025,33.68
52199,102,1603,52.68
52199,104,6351,208.68
79879,198,2913,95.68
79879,802,1511,49.68
79879,898,1511,49.68
79879,1113,1876,61.68
79879,1698,1511,49.68
88407,304,1480,48.68
88407,504,2941,96.68
88407,1113,1876,61.68
88407,1310,6716,220.68
88407,1605,1725,56.68
88407,1617,4586,150.68
88407,1627,3886,127.68
88208,304,1391,45.68
88208,305,1391,45.68
88208,307,1391,45.68
88208,426,2182,71.68
88208,432,1756,57.68
100058,1637,1086,35.68
97125,304,994,32.68
90129,405,2486,81.68
90129,504,2121,69.68
90129,1014,2425,79.68
90129,1801,1876,61.68
61709,408,1360,44.68
33052,305,1025,33.68
6163,1622,2182,71.68
14062,411,2241,73.68
99895,304,568,18.68
99895,504,1055,34.68
99895,510,1055,34.68
86746,202,964,31.68
86746,304,933,30.68
86746,407,5529,181.68
86746,426,5529,181.68
86746,428,4586,150.68
86746,498,4798,157.68
86746,1106,3886,127.68
62547,405,4282,140.68
62547,714,2941,96.68
62547,1801,2029,66.68
16015,311,1725,56.68
16015,1117,1421,46.68
16015,1627,1725,56.68
96435,104,2791,91.68
96435,1709,1695,55.68
16072,915,3064,100.68
16072,1605,3156,103.68
16072,1701,994,32.68
16072,1703,994,32.68
2996,304,1207,39.68
2996,423,994,32.68
89228,205,841,27.68
89228,398,1330,43.68
89228,1637,1725,56.68
89228,1798,841,27.68
23260,305,1146,37.68
23260,306,1146,37.68
23260,1609,2699,88.68
23260,1704,1542,50.68
23260,1801,1725,56.68
100369,708,1480,48.68
100369,1117,933,30.68
58654,304,1025,33.68
58654,405,1786,58.68
23124,305,964,31.68
23124,430,3217,105.68
23124,1622,3217,105.68
23124,1634,3217,105.68
23124,1801,1330,43.68
137,305,1146,37.68
137,306,1177,38.68
137,798,1845,60.68
137,1601,1845,60.68
137,1804,3733,122.68
137,1810,3733,122.68
137,1816,2972,97.68
137,1817,3490,114.68
87414,498,1421,46.68
87414,914,964,31.68
87414,1118,1025,33.68
78578,610,2241,73.68
78578,1605,2241,73.68
78578,1617,2302,75.68
87845,719,2182,71.68
87845,1701,1603,52.68
87845,1703,1299,42.68
239,108,1998,65.68
239,304,2425,79.68
239,428,3612,118.68
239,709,2121,69.68
239,809,1238,40.68
239,1798,1238,40.68
3649,1636,1146,37.68
3649,1705,1055,34.68
69339,407,1299,42.68
69339,708,2425,79.68
69339,1305,1025,33.68
69339,1801,2363,77.68
34767,305,2060,67.68
85545,915,2607,85.68
85545,916,2607,85.68
61067,306,1177,38.68
61067,1701,872,28.68
61067,1703,902,29.68
8202,916,2668,87.68
96203,1630,1786,58.68
96203,1804,1786,58.68
50803,305,994,32.68
14088,1619,1603,52.68
14088,1622,1480,48.68
14088,1817,902,29.68
51910,306,3551,116.68
94436,198,1845,60.68
94436,412,872,28.68
94436,426,872,28.68
91563,1801,1360,44.68
22944,408,5163,169.68
22944,1113,1025,33.68
102834,304,2241,73.68
102834,305,902,29.68
102834,411,568,18.68
102834,428,660,21.68
102834,512,537,17.68
102834,605,537,17.68
102834,1110,872,28.68
102834,1305,537,17.68
102834,1803,872,28.68
2196,1616,2363,77.68
2196,1637,1998,65.68
87476,720,994,32.68
87476,1617,994,32.68
87476,1802,3186,104.68
95705,1215,2272,74.68
56085,809,1330,43.68
6072,114,1452,47.68
6072,304,1391,45.68
6072,306,3702,121.68
6072,411,4982,163.68
6072,428,2241,73.68
6752,304,902,29.68
13432,102,1391,45.68
13432,412,1421,46.68
13432,514,1025,33.68
13432,598,1025,33.68
66924,198,1086,35.68
66924,1622,4767,156.68
86954,1701,1572,51.68
86954,1703,1572,51.68
46363,101,1391,45.68
46363,102,2852,93.68
46363,602,1817,59.68
46171,203,1603,52.68
46171,405,2060,67.68
46171,411,2060,67.68
46171,414,2060,67.68
46171,423,2060,67.68
46171,428,2182,71.68
88296,304,902,29.68
88296,407,1025,33.68
88296,504,902,29.68
88296,1801,2394,78.68
99523,1198,4343,142.68
99523,298,568,18.68
99523,423,1330,43.68
99523,426,568,18.68
99523,714,660,21.68
99523,1117,599,19.68
99523,1801,1968,64.68
70790,198,1572,51.68
70790,305,1572,51.68
70790,306,1572,51.68
70790,307,1572,51.68
70790,504,1572,51.68
70790,1809,1572,51.68
41119,305,1268,41.68
41119,426,1725,56.68
41119,1113,2121,69.68
79486,304,1025,33.68
79486,305,1025,33.68
79486,1111,1055,34.68
76980,504,3643,119.68
76980,712,5285,173.68
92461,305,811,26.68
92461,307,811,26.68
92461,612,3490,114.68
92461,1298,1177,38.68
92461,1634,3521,115.68
87320,1804,6108,200.68
71951,424,1177,38.68
71951,1616,1146,37.68
71951,1622,1480,48.68
71951,1812,1238,40.68
71886,305,1207,39.68
59673,915,1786,58.68
59673,1616,2882,94.68
59673,1637,2882,94.68
95220,313,841,27.68
95220,407,780,25.68
95220,1015,1146,37.68
95220,1798,780,25.68
87861,304,1876,61.68
87861,306,1876,61.68
87861,423,933,30.68
87861,426,1055,34.68
45326,109,1115,36.68
45326,1803,4282,140.68
45326,1813,4282,140.68
45326,1898,4282,140.68
78545,1634,4586,150.68
78545,1637,4586,150.68
78545,1640,4586,150.68
78545,1803,3733,122.68
58318,1614,1511,49.68
85504,298,1603,52.68
85504,304,1360,44.68
85504,428,902,29.68
79549,304,1115,36.68
79549,305,1115,36.68
79549,1622,3916,128.68
91034,1113,933,30.68
91034,1619,994,32.68
25395,307,1845,60.68
25395,1801,1238,40.68
16408,1110,1572,51.68
16408,1898,1572,51.68
78830,404,872,28.68
50608,108,2241,73.68
50608,412,2668,87.68
50608,426,872,28.68
50608,708,872,28.68
50608,712,2668,87.68
50608,1609,2699,88.68
50608,1813,2668,87.68
99932,408,1360,44.68
90252,1001,2516,82.68
90252,407,2029,66.68
90252,498,2090,68.68
90252,1813,1025,33.68
1154,307,1146,37.68
1154,426,2182,71.68
1154,712,2241,73.68
1154,1117,2576,84.68
1154,1817,2576,84.68
67483,430,1542,50.68
67483,1605,1664,54.68
57789,202,4282,140.68
57789,1810,4252,139.68
58009,1118,2394,78.68
89873,304,2729,89.68
89873,305,2729,89.68
89873,605,841,27.68
89873,1627,3763,123.68
89873,1701,2272,74.68
89873,1813,2729,89.68
88313,202,1207,39.68
88313,412,1207,39.68
88313,705,1238,40.68
88313,708,1238,40.68
88313,1612,1633,53.68
88313,1630,1633,53.68
88313,1634,1633,53.68
88313,1801,841,27.68
7016,198,1055,34.68
7016,208,1330,43.68
7016,304,4343,142.68
7016,305,4343,142.68
7016,310,4525,148.68
7016,311,4525,148.68
7016,408,1603,52.68
7016,1298,4374,143.68
7016,1627,4525,148.68
7016,1809,3064,100.68
41767,1701,1998,65.68
61774,1605,1937,63.68
61774,1617,1907,62.68
19697,109,1055,34.68
19697,1616,1786,58.68
18810,1105,1115,36.68
102459,713,1238,40.68
102459,1105,1055,34.68
90855,307,1603,52.68
90855,809,902,29.68
90855,1118,1756,57.68
90855,1627,2882,94.68
90855,1801,2394,78.68
92114,116,1452,47.68
92114,504,1452,47.68
92114,1113,1452,47.68
92114,1609,4555,149.68
92114,1617,2029,66.68
92114,1701,1177,38.68
92114,1703,5347,175.68
92114,1801,4586,150.68
92114,1803,5438,178.68
10372,809,2729,89.68
10372,1215,994,32.68
103104,202,1542,50.68
103104,1619,1542,50.68
102147,202,660,21.68
102147,423,599,19.68
71130,1704,2972,97.68
26147,425,2363,77.68
26147,1812,1603,52.68
26147,1898,1603,52.68
45659,1801,1695,55.68
61035,305,1086,35.68
61035,306,1086,35.68
61035,408,1664,54.68
61035,411,964,31.68
61035,1113,1268,41.68
61035,1605,1207,39.68
61035,1617,3582,117.68
61035,1637,4129,135.68
61035,1801,2576,84.68
61035,1817,1695,55.68
8754,108,1299,42.68
8754,398,811,26.68
8754,406,3156,103.68
8754,407,3186,104.68
8754,498,3156,103.68
8754,610,2821,92.68
8754,719,3094,101.68
8754,1617,2941,96.68
8754,1634,2941,96.68
8754,1801,2455,80.68
19813,198,1055,34.68
19813,203,2882,94.68
19813,304,2882,94.68
19813,305,1086,35.68
19813,306,1086,35.68
19813,307,1086,35.68
19813,406,933,30.68
19813,407,933,30.68
19813,423,933,30.68
19813,426,933,30.68
19813,1109,2333,76.68
19813,1110,2333,76.68
19813,1113,933,30.68
19813,1804,3337,109.68
19813,1810,3337,109.68
50935,406,1968,64.68
50935,915,1391,45.68
50935,1118,1695,55.68
50935,1698,4374,143.68
50935,1798,1452,47.68
74892,407,2455,80.68
74892,423,2455,80.68
45844,306,1177,38.68
45844,423,2760,90.68
45844,1801,1268,41.68
70948,1801,1876,61.68
71010,305,1786,58.68
71010,426,1511,49.68
71010,1113,902,29.68
71010,1118,902,29.68
48838,202,4951,162.68
48838,304,2029,66.68
48838,305,2029,66.68
48838,306,2272,74.68
48838,1105,4525,148.68
48838,1110,4890,160.68
48838,1810,4890,160.68
48838,1816,4282,140.68
48838,1817,4890,160.68
100655,423,780,25.68
4171,1701,2272,74.68
66202,1001,4920,161.68
66202,304,994,32.68
66202,305,994,32.68
66202,1803,4647,152.68
83514,705,902,29.68
76450,411,933,30.68
90328,1804,2363,77.68
8008,304,4037,132.68
8008,305,4037,132.68
8008,1623,2699,88.68
86580,423,1086,35.68
86580,1902,1086,35.68
38771,107,2182,71.68
8857,430,2486,81.68
15332,305,964,31.68
15332,1710,2516,82.68
15332,1805,2699,88.68
99075,1304,2638,86.68
8374,1634,1664,54.68
8374,1801,933,30.68
57625,1105,2394,78.68
57625,1106,1268,41.68
57625,1108,1268,41.68
83385,1898,4282,140.68
19465,109,1360,44.68
19465,205,1360,44.68
19465,307,1207,39.68
19465,504,1360,44.68
19465,1113,1360,44.68
19465,1817,1542,50.68
19465,1898,1360,44.68
11480,1630,2516,82.68
19288,411,4374,143.68
19288,1617,3916,128.68
19288,1705,1025,33.68
19288,1898,2121,69.68
80724,504,1480,48.68
80724,512,1968,64.68
80724,708,994,32.68
80724,1215,841,27.68
17448,411,1330,43.68
69221,108,1391,45.68
82842,202,964,31.68
82842,707,1025,33.68
8852,1204,1330,43.68
8852,1804,3916,128.68
66404,203,2972,97.68
66404,1113,2547,83.68
66404,1616,2941,96.68
66404,1804,2972,97.68
66404,1898,2972,97.68
55831,101,1207,39.68
55831,424,1207,39.68
55831,898,3733,122.68
55831,908,3824,125.68
55831,914,3824,125.68
55831,1307,1025,33.68
17547,202,4008,131.68
17547,304,1603,52.68
17547,713,4555,149.68
17547,1801,1146,37.68
29521,202,5285,173.68
29521,298,1207,39.68
29521,306,3824,125.68
29521,406,5438,178.68
29521,607,1207,39.68
29521,608,1207,39.68
29521,914,4068,133.68
29521,1113,2302,75.68
29521,1204,1207,39.68
29521,1211,1207,39.68
29521,1312,1725,56.68
29521,1605,2363,77.68
29521,1805,2791,91.68
29521,1817,3094,101.68
103510,305,1786,58.68
103510,306,1786,58.68
103510,1801,1055,34.68
42115,198,1511,49.68
42115,304,2972,97.68
42115,908,1115,36.68
42115,1805,3702,121.68
35611,102,933,30.68
35611,304,2455,80.68
35611,305,2455,80.68
35611,307,2455,80.68
35611,313,3247,106.68
35611,406,933,30.68
35611,1307,933,30.68
35611,1701,2821,92.68
52679,498,1480,48.68
52679,1609,1725,56.68
80674,1209,933,30.68
85935,198,1511,49.68
84322,424,902,29.68
84322,432,1786,58.68
84322,1609,1845,60.68
84322,1637,1845,60.68
99787,304,599,19.68
99787,411,780,25.68
87001,202,872,28.68
87001,407,1330,43.68
87001,426,872,28.68
87001,708,1360,44.68
87001,1622,1391,45.68
40923,307,964,31.68
40923,425,2668,87.68
79736,108,3671,120.68
79736,112,3671,120.68
79736,428,629,20.68
79736,898,1146,37.68
79736,1105,780,25.68
79736,1198,1086,35.68
79736,1812,3521,115.68
78454,1312,1268,41.68
78454,1617,3064,100.68
100942,304,1207,39.68
100942,498,1207,39.68
100942,1622,1207,39.68
100942,1817,841,27.68
51209,1117,1299,42.68
51209,1813,933,30.68
8812,1117,1086,35.68
8812,1704,1086,35.68
8812,1805,1086,35.68
40859,198,1998,65.68
40859,304,2791,91.68
40859,305,2699,88.68
40859,407,933,30.68
40859,423,933,30.68
40859,1117,1238,40.68
40859,1898,1238,40.68
40859,1998,1998,65.68
36008,809,1542,50.68
36008,1117,3671,120.68
36008,1701,1542,50.68
50551,104,5377,176.68
50551,205,1146,37.68
50551,410,4221,138.68
50551,428,4494,147.68
50551,703,5438,178.68
50551,709,1115,36.68
50551,809,1055,34.68
50551,898,1756,57.68
50551,1113,811,26.68
50551,1216,1055,34.68
50551,1701,2210,72.68
50551,1998,2121,69.68
68995,304,1055,34.68
29792,304,1146,37.68
29792,305,1146,37.68
29792,408,1421,46.68
29792,1105,1115,36.68
29792,1113,1115,36.68
29792,1305,1542,50.68
89843,424,902,29.68
85144,202,2821,92.68
85144,203,2821,92.68
85144,1618,2455,80.68
73136,304,902,29.68
73136,305,1391,45.68
73136,306,1391,45.68
62222,915,1146,37.68
98283,305,1421,46.68
98283,307,1421,46.68
98283,313,5621,184.68
98283,1117,2151,70.68
71795,405,1633,53.68
71795,713,3916,128.68
71795,1112,1756,57.68
71795,1612,1025,33.68
71795,1616,1817,59.68
71795,1817,1177,38.68
44200,202,3702,121.68
44200,404,4678,153.68
44200,1605,4647,152.68
54498,1630,1633,53.68
78509,1898,902,29.68
103082,304,780,25.68
103082,398,780,25.68
103082,1105,780,25.68
103082,1112,780,25.68
103082,1113,780,25.68
103082,1801,1511,49.68
103082,1802,1146,37.68
103082,1898,1146,37.68
44976,304,1786,58.68
44976,307,1786,58.68
44976,428,1452,47.68
44976,1113,1786,58.68
13737,304,4068,133.68
13737,305,4068,133.68
13737,1117,1452,47.68
13737,1801,1695,55.68
94025,306,3671,120.68
94025,313,4374,143.68
94025,1112,994,32.68
94025,1113,1391,45.68
94025,1805,4068,133.68
94025,1810,3064,100.68
9932,1801,1025,33.68
52121,1817,1299,42.68
65567,305,1207,39.68
65567,916,3337,109.68
6573,705,1055,34.68
6573,708,1572,51.68
6573,798,1603,52.68
6573,1198,1572,51.68
6573,1298,1207,39.68
6573,1616,1664,54.68
6573,1905,1207,39.68
69594,101,1025,33.68
69594,104,1025,33.68
69594,305,2151,70.68
45197,304,841,27.68
45197,306,841,27.68
45197,407,902,29.68
45197,1637,2455,80.68
45197,1801,2060,67.68
29218,1617,1115,36.68
64539,102,1876,61.68
64539,205,1511,49.68
64539,313,5316,174.68
64539,412,2547,83.68
64539,423,2576,84.68
64539,426,2576,84.68
64539,1106,2121,69.68
64539,1113,2121,69.68
64539,1119,2121,69.68
64539,1616,4586,150.68
64539,1698,4221,138.68
64539,1798,1207,39.68
64539,1801,1633,53.68
4892,1605,1664,54.68
88511,304,872,28.68
88511,305,872,28.68
88511,512,1542,50.68
88511,809,1572,51.68
23831,423,1115,36.68
11018,406,3916,128.68
11018,411,3459,113.68
11018,1105,933,30.68
11018,1634,3429,112.68
11018,1801,3763,123.68
11018,1802,3247,106.68
26972,305,1177,38.68
26972,504,1238,40.68
26972,1903,994,32.68
29183,423,1421,46.68
29183,426,1421,46.68
29183,1816,1756,57.68
91676,1105,2699,88.68
91676,1198,2547,83.68
91676,1801,1603,52.68
91676,1812,2394,78.68
84108,412,1055,34.68
84108,426,1055,34.68
49699,1998,1330,43.68
94695,1119,749,24.68
27810,1703,1238,40.68
96754,423,1603,52.68
96754,809,2363,77.68
96754,998,1542,50.68
8950,101,994,32.68
8950,102,994,32.68
8950,202,2972,97.68
8950,205,1511,49.68
8950,304,2607,85.68
8950,305,2607,85.68
8950,428,2607,85.68
8950,429,2607,85.68
8950,602,2607,85.68
8950,605,2607,85.68
8950,914,2972,97.68
87148,1102,5043,165.68
87148,109,1025,33.68
87148,205,1238,40.68
87148,304,1299,42.68
87148,305,1299,42.68
87148,405,1695,55.68
87148,407,1876,61.68
87148,412,1695,55.68
87148,424,1695,55.68
87148,426,1695,55.68
87148,428,4068,133.68
87148,705,964,31.68
87148,711,902,29.68
87148,712,1695,55.68
87148,1106,1633,53.68
87148,1628,1633,53.68
87148,1812,872,28.68
20311,310,2760,90.68
45470,504,6990,229.68
45470,102,1876,61.68
45470,108,1177,38.68
45470,504,6990,229.68
45470,898,964,31.68
45470,906,1207,39.68
45470,914,5132,168.68
89345,1598,1207,39.68
89345,1409,1207,39.68
19006,1609,1452,47.68
19006,1622,1633,53.68
89246,428,1480,48.68
47133,1616,1542,50.68
17579,1198,3702,121.68
17579,202,964,31.68
17579,305,1391,45.68
17579,306,1391,45.68
17579,1117,3368,110.68
17579,1701,2272,74.68
17579,1703,1207,39.68
7270,498,1086,35.68
89160,109,5529,181.68
89160,205,1511,49.68
89160,604,1876,61.68
89160,605,1876,61.68
89160,610,1876,61.68
89160,914,3551,116.68
89160,916,5529,181.68
89207,1114,2821,92.68
92514,109,902,29.68
92514,201,1511,49.68
92514,205,1876,61.68
92514,1111,811,26.68
92514,1113,1876,61.68
57892,1605,1480,48.68
72729,1617,2791,91.68
94206,423,2182,71.68
93342,304,1480,48.68
93342,708,1115,36.68
93342,915,1480,48.68
93342,1701,3977,130.68
56148,1805,2241,73.68
25036,304,3278,107.68
25036,305,3278,107.68
25036,428,3278,107.68
54083,198,1207,39.68
54083,118,1207,39.68
54083,1617,1480,48.68
54083,1801,1330,43.68
83593,305,1391,45.68
83593,998,1299,42.68
83593,1605,1055,34.68
83593,1801,1238,40.68
83593,1816,933,30.68
18526,598,872,28.68
8500,707,1452,47.68
8500,1105,1330,43.68
8500,1113,1299,42.68
8500,1203,1177,38.68
8500,1627,1756,57.68
1820,1609,4555,149.68
1820,1617,4555,149.68
1820,1637,4374,143.68
99951,102,2699,88.68
99951,916,2699,88.68
99951,1112,1968,64.68
71798,714,1968,64.68
10503,914,3217,105.68
10503,1312,5224,171.68
10503,1801,6108,200.68
10503,1812,6108,200.68
1331,712,3033,99.68
1331,1801,3094,101.68
1331,1817,964,31.68
1331,1898,1968,64.68
2970,504,872,28.68
2970,1609,2821,92.68
2970,1617,2821,92.68
2970,1813,1452,47.68
95420,916,811,26.68
91346,1640,2182,71.68
91346,1817,1664,54.68
39160,914,1998,65.68
39160,915,1876,61.68
39160,916,1998,65.68
39160,1617,1998,65.68
39160,1812,1330,43.68
39160,1817,1725,56.68
54725,407,933,30.68
54725,798,2791,91.68
54725,1615,964,31.68
54725,1801,1845,60.68
39520,304,2668,87.68
39520,305,1207,39.68
39520,306,2668,87.68
39520,423,2394,78.68
39520,426,2394,78.68
39520,1113,1238,40.68
35934,118,3278,107.68
35934,305,3306,108.68
35934,413,3855,126.68
35934,711,4678,153.68
35934,906,1115,36.68
90356,705,5012,164.68
90356,1113,1695,55.68
90356,1605,5132,168.68
90356,1617,5347,175.68
90356,1817,994,32.68
94851,202,964,31.68
94851,304,841,27.68
94851,305,841,27.68
94851,421,1633,53.68
94851,424,2090,68.68
94851,1113,2151,70.68
2352,601,4068,133.68
2352,602,4068,133.68
2352,109,1330,43.68
2352,428,3702,121.68
2352,601,4068,133.68
2352,607,4068,133.68
2352,1801,4494,147.68
4729,414,902,29.68
4729,498,5651,185.68
4729,798,2668,87.68
4729,1802,3094,101.68
4729,1811,3521,115.68
4729,1812,5255,172.68
4729,1813,2760,90.68
4729,1817,5438,178.68
85622,203,2486,81.68
85622,1801,964,31.68
14019,101,2821,92.68
14019,103,3551,116.68
14019,1598,4494,147.68
14019,103,3521,115.68
14019,425,3612,118.68
14019,426,2699,88.68
14019,428,2151,70.68
14019,1117,4494,147.68
14019,1601,3521,115.68
83746,414,964,31.68
83746,915,964,31.68
83746,1305,1086,35.68
45824,498,2241,73.68
45824,1801,902,29.68
10402,304,2241,73.68
10402,423,1452,47.68
10402,1698,2241,73.68
10402,1898,1480,48.68
45925,708,1633,53.68
45925,1804,2638,86.68
45925,1898,2638,86.68
72663,102,1452,47.68
72663,305,1330,43.68
72663,504,5104,167.68
25536,304,599,19.68
25536,1601,2090,68.68
25536,1627,2090,68.68
6786,411,2760,90.68
6786,915,3459,113.68
6786,1013,3977,130.68
6786,1110,1633,53.68
38572,1598,1664,54.68
38572,1110,1968,64.68
19475,916,1572,51.68
19475,1015,1572,51.68
95166,198,964,31.68
95166,409,1268,41.68
95166,1704,3582,117.68
95166,1902,1268,41.68
98232,432,660,21.68
98232,708,1421,46.68
98232,709,1421,46.68
98232,1614,749,24.68
69914,1701,1391,45.68
88944,305,933,30.68
1348,1198,1756,57.68
95738,202,2486,81.68
95738,404,3186,104.68
95738,1113,1725,56.68
95738,1605,1391,45.68
21062,1801,2090,68.68
21062,1817,1664,54.68
55166,1803,1360,44.68
28399,108,2241,73.68
28399,304,872,28.68
28399,1617,872,28.68
28399,1637,2090,68.68
28399,1710,964,31.68
28399,1817,4068,133.68
89370,809,1817,59.68
89370,1617,1998,65.68
38841,202,964,31.68
38841,407,964,31.68
38841,411,964,31.68
38841,424,964,31.68
38841,504,964,31.68
38841,1117,964,31.68
96938,1708,1055,34.68
67917,305,721,23.68
67917,398,721,23.68
67917,809,3033,99.68
67917,1112,660,21.68
67917,1307,2638,86.68
80098,1614,1146,37.68
50518,304,1845,60.68
50518,305,1845,60.68
50518,306,1845,60.68
50518,1113,1725,56.68
50518,1119,964,31.68
50518,1805,4374,143.68
50518,1817,2821,92.68
80350,1619,2029,66.68
63992,198,1391,45.68
63992,426,3702,121.68
63992,914,2607,85.68
63992,1801,4068,133.68
76519,202,1391,45.68
76519,304,811,26.68
76519,1698,1086,35.68
96230,202,690,22.68
96230,304,690,22.68
96230,423,841,27.68
96230,798,964,31.68
96230,1704,4982,163.68
96230,1817,2425,79.68
87008,102,1817,59.68
87008,108,933,30.68
87008,304,2090,68.68
87008,305,1086,35.68
87008,405,902,29.68
87008,909,1115,36.68
87008,1017,964,31.68
87008,1106,4037,132.68
87008,1113,4037,132.68
87008,1205,964,31.68
87008,1803,2516,82.68
87008,1898,5529,181.68
17585,1598,4099,134.68
17585,808,4099,134.68
17585,914,5043,165.68
82790,202,933,30.68
46680,198,1725,56.68
46680,426,2241,73.68
46680,510,1360,44.68
2273,809,1876,61.68
2273,1111,1086,35.68
70371,306,1817,59.68
70371,914,2060,67.68
70371,1703,2333,76.68
77357,202,2272,74.68
77357,304,780,25.68
77357,411,4343,142.68
33337,1801,4313,141.68
34655,498,3064,100.68
34655,1106,1968,64.68
71221,1308,933,30.68
71221,1817,1330,43.68
9889,310,3064,100.68
9889,405,2455,80.68
9889,428,2060,67.68
9889,1015,3064,100.68
9889,1622,3064,100.68
9889,1634,3064,100.68
5648,405,2151,70.68
5648,408,2151,70.68
5648,410,2151,70.68
43519,1305,1756,57.68
43519,1817,1845,60.68
19325,1701,1207,39.68
92495,1817,1817,59.68
97191,423,1330,43.68
97191,713,780,25.68
18139,201,1177,38.68
18139,305,964,31.68
94475,1609,1817,59.68
76490,426,1633,53.68
76490,1113,1238,40.68
76490,1803,2760,90.68
99741,108,1725,56.68
99741,202,2241,73.68
99741,424,1998,65.68
99741,1617,2151,70.68
99741,1624,2241,73.68
99741,1640,1452,47.68
63260,1706,1086,35.68
25155,202,2699,88.68
25155,305,1268,41.68
25155,714,2425,79.68
25155,1805,9061,297.68
25155,1903,1299,42.68
1449,112,1299,42.68
1449,202,1115,36.68
56058,708,902,29.68
86408,423,3824,125.68
86408,426,3824,125.68
86408,1610,3824,125.68
86408,1614,3459,113.68
80602,104,1146,37.68
80602,1105,2394,78.68
80602,1637,4890,160.68
87922,202,902,29.68
87922,426,902,29.68
87922,1630,3916,128.68
94818,1108,2210,72.68
94818,1110,2210,72.68
46404,101,2090,68.68
46404,102,994,32.68
46404,108,3186,104.68
46404,118,2090,68.68
46404,304,2090,68.68
46404,398,2668,87.68
46404,498,3217,105.68
46404,504,902,29.68
46404,511,902,29.68
46404,519,902,29.68
46404,1601,2455,80.68
48348,809,3643,119.68
48348,1105,1937,63.68
39809,1601,1937,63.68
39809,1627,3947,129.68
31940,304,902,29.68
31940,305,902,29.68
2760,504,2516,82.68
2760,1105,1817,59.68
89089,305,1725,56.68
89089,411,3916,128.68
89089,612,4829,158.68
89089,1312,2090,68.68
89089,1605,4829,158.68
7551,1812,902,29.68
7551,1815,2760,90.68
30405,406,2760,90.68
30405,411,3368,110.68
30405,432,994,32.68
30405,1216,1055,34.68
40590,1407,1511,49.68
27830,205,1268,41.68
27830,504,2486,81.68
27830,998,994,32.68
27830,1619,5469,179.68
85232,1617,1055,34.68
85232,1701,964,31.68
85232,1704,1299,42.68
98499,1798,3217,105.68
5678,713,1177,38.68
35707,428,3490,114.68
35707,504,1480,48.68
35707,510,1452,47.68
35707,511,1452,47.68
35707,914,4343,142.68
35707,1617,1330,43.68
35707,1627,1725,56.68
35707,1801,3186,104.68
35707,1816,3733,122.68
47636,1001,2729,89.68
47636,1117,1786,58.68
47636,1817,1086,35.68
62957,1816,841,27.68
78717,305,902,29.68
78717,1605,1055,34.68
78717,1704,2972,97.68
78717,1817,3337,109.68
8781,102,1115,36.68
8781,305,3306,108.68
8781,306,2210,72.68
8781,423,1299,42.68
8781,1198,933,30.68
2902,412,1452,47.68
2902,426,1633,53.68
2902,916,1177,38.68
2902,1112,1299,42.68
2902,1113,1299,42.68
2902,1117,872,28.68
60311,411,2821,92.68
60311,1801,2060,67.68
15943,305,1055,34.68
15943,398,1086,35.68
15943,916,2852,93.68
6519,1898,6534,214.68
66434,1698,1177,38.68
66434,1801,2394,78.68
85205,428,2455,80.68
85205,1813,1633,53.68
91810,305,1025,33.68
62579,108,2029,66.68
62579,202,2029,66.68
62579,407,2029,66.68
62579,713,2090,68.68
62579,1802,1817,59.68
62579,1813,2090,68.68
84706,1210,1876,61.68
71255,1634,1725,56.68
13928,202,872,28.68
13928,305,2333,76.68
13928,398,2607,85.68
13928,406,2333,76.68
54274,102,3337,109.68
54274,305,841,27.68
54274,306,2821,92.68
54274,504,4647,152.68
53827,411,1452,47.68
53827,423,1115,36.68
53827,708,994,32.68
53827,1617,1086,35.68
53827,1803,872,28.68
96909,305,3702,121.68
96909,809,749,24.68
68200,203,2060,67.68
92742,102,2182,71.68
92742,304,1238,40.68
92742,305,1238,40.68
92742,306,2210,72.68
92742,1812,5713,187.68
61540,1701,933,30.68
61540,1705,2576,84.68
10427,406,2486,81.68
10427,408,4464,146.68
10427,414,4555,149.68
10427,428,1177,38.68
10427,908,1177,38.68
10427,915,3033,99.68
10427,1113,1391,45.68
10427,1801,2333,76.68
36153,202,872,28.68
36153,304,872,28.68
36153,307,872,28.68
36153,411,4525,148.68
36153,428,1055,34.68
36153,706,4433,145.68
36153,709,1756,57.68
36153,915,1268,41.68
36153,916,1756,57.68
36153,1605,4525,148.68
89152,203,1086,35.68
89152,304,1177,38.68
89152,305,1177,38.68
89152,411,933,30.68
87666,1619,1756,57.68
31006,1605,3186,104.68
31006,1619,8269,271.68
31006,1622,8269,271.68
31006,1634,8269,271.68
31006,1637,8269,271.68
72469,406,1177,38.68
72469,1812,2821,92.68
37393,102,2241,73.68
37393,406,3459,113.68
37393,410,3094,101.68
37393,1801,3003,98.68
9204,203,3156,103.68
9204,205,2791,91.68
9204,408,4647,152.68
9204,411,3916,128.68
9204,423,2394,78.68
9204,1113,2425,79.68
59154,102,964,31.68
59154,202,3125,102.68
59154,304,2121,69.68
59154,426,3186,104.68
59154,1105,872,28.68
59154,1898,872,28.68
93567,198,1025,33.68
93567,205,1998,65.68
93567,298,1633,53.68
93567,304,1360,44.68
93567,305,1360,44.68
93567,398,933,30.68
93567,428,3671,120.68
93567,504,1633,53.68
93567,605,1268,41.68
93567,705,2241,73.68
93567,708,3156,103.68
93567,709,3156,103.68
93567,809,4037,132.68
93567,1117,5529,181.68
6292,713,2090,68.68
52663,1098,1633,53.68
58944,1701,994,32.68
58944,1817,2060,67.68
72929,304,933,30.68
72929,305,933,30.68
72929,405,2210,72.68
72929,428,1452,47.68
72929,1111,2060,67.68
72929,1701,2425,79.68
72929,1798,2272,74.68
13021,412,1268,41.68
13021,1805,1268,41.68
20529,117,2972,97.68
20529,202,3643,119.68
20529,305,2425,79.68
20529,306,1055,34.68
20529,405,1207,39.68
20529,423,4374,143.68
20529,1110,4433,145.68
20529,1617,4494,147.68
85832,108,1480,48.68
85832,398,1299,42.68
85832,714,933,30.68
85832,1110,4798,157.68
85832,1616,1055,34.68
85832,1630,5529,181.68
85832,1701,5255,172.68
85832,1898,4739,155.68
20101,198,1845,60.68
20101,304,1480,48.68
20101,504,4282,140.68
81409,898,1421,46.68
81409,906,1055,34.68
64916,498,1086,35.68
64916,1617,2029,66.68
64916,1619,1633,53.68
21808,408,1756,57.68
43902,1704,1177,38.68
24130,1801,3033,99.68
1091,1108,2302,75.68
1091,1198,1086,35.68
1091,1604,1817,59.68
77471,102,2972,97.68
77471,304,1876,61.68
77471,311,1695,55.68
77471,432,1268,41.68
77471,1634,4798,157.68
98420,306,994,32.68
98420,428,2241,73.68
98420,1701,1511,49.68
72907,307,1115,36.68
72907,1701,1177,38.68
93841,998,2060,67.68
527,428,2210,72.68
35860,1617,1603,52.68
94225,1701,1268,41.68
94225,1705,1268,41.68
86812,1113,1542,50.68
86812,1898,4647,152.68
71345,306,1876,61.68
71345,411,902,29.68
71345,432,1391,45.68
71345,1701,1115,36.68
11523,1110,1786,58.68
11523,1813,4647,152.68
3929,202,1511,49.68
3929,404,1725,56.68
3929,1801,811,26.68
30667,109,1421,46.68
30667,203,1360,44.68
30667,406,933,30.68
26324,298,3855,126.68
26324,428,2394,78.68
26324,706,2029,66.68
26324,1215,2394,78.68
75469,406,1055,34.68
75469,407,1055,34.68
75469,426,994,32.68
75469,809,933,30.68
75469,1110,1146,37.68
75469,1113,1146,37.68
87137,298,1207,39.68
87137,428,1756,57.68
87137,1617,2182,71.68
58229,202,2029,66.68
58229,412,1845,60.68
58229,1801,811,26.68
58229,1813,1664,54.68
12841,102,6139,201.68
19067,105,4798,157.68
19067,304,1238,40.68
19067,1105,1725,56.68
19067,1117,1725,56.68
81261,202,1633,53.68
81261,304,1633,53.68
21801,1312,902,29.68
13669,428,902,29.68
29736,1110,4037,132.68
29736,1216,1572,51.68
73614,1701,2210,72.68
73614,1708,1391,45.68
73614,1812,1511,49.68
89547,304,994,32.68
89547,708,841,27.68
89547,1622,1086,35.68
13209,306,2607,85.68
13209,426,994,32.68
13209,1111,3217,105.68
13209,1701,1421,46.68
13209,1798,994,32.68
13209,1898,3217,105.68
39507,298,1268,41.68
39507,421,2913,95.68
39507,428,1177,38.68
39507,714,3521,115.68
46068,408,1025,33.68
46068,1616,1177,38.68
94028,398,780,25.68
94028,405,780,25.68
94028,423,780,25.68
54469,101,1146,37.68
54469,109,5194,170.68
54469,112,5194,170.68
54469,307,5163,169.68
54469,705,4525,148.68
54469,711,3398,111.68
54469,914,3306,108.68
54469,916,2425,79.68
54469,1117,1146,37.68
33008,1105,1115,36.68
33008,1112,1115,36.68
79611,109,1998,65.68
79611,110,1998,65.68
79611,304,1146,37.68
79611,305,3306,108.68
79611,306,3306,108.68
79611,1705,2455,80.68
79611,1801,3429,112.68
36722,206,933,30.68
36722,311,1937,63.68
36722,1098,1725,56.68
36722,1215,1695,55.68
36722,1614,1725,56.68
36722,1801,1480,48.68
36722,1898,933,30.68
60752,198,1907,62.68
60752,303,1907,62.68
60752,107,1907,62.68
60752,109,933,30.68
60752,206,1115,36.68
60752,305,1025,33.68
60752,411,1907,62.68
60752,424,1907,62.68
60752,607,1907,62.68
60752,610,1786,58.68
60752,1117,1907,62.68
83535,426,4282,140.68
83535,712,3125,102.68
83535,1605,3247,106.68
83535,1801,4313,141.68
13372,423,4586,150.68
13372,426,4586,150.68
13372,809,1998,65.68
13372,910,1086,35.68
13372,1105,2363,77.68
13372,1215,3094,101.68
13372,1605,4343,142.68
13372,1617,2486,81.68
13372,1817,2333,76.68
91844,305,1421,46.68
91844,313,1421,46.68
91844,1312,1695,55.68
91844,1698,1268,41.68
91844,1701,2941,96.68
47815,305,1330,43.68
47815,307,1360,44.68
47815,405,1299,42.68
47815,1817,994,32.68
12819,432,872,28.68
12819,1627,1480,48.68
10726,404,1786,58.68
10726,1816,1786,58.68
40519,414,1360,44.68
40519,432,1391,45.68
40519,1698,902,29.68
6019,504,1633,53.68
94772,412,2729,89.68
94772,712,2729,89.68
4118,112,3671,120.68
4118,1105,3003,98.68
24601,411,1452,47.68
24601,423,1452,47.68
24601,708,1452,47.68
46765,304,1725,56.68
46765,424,1391,45.68
46765,1812,1664,54.68
87057,1198,933,30.68
87057,1119,933,30.68
50002,205,1756,57.68
50002,304,1756,57.68
50002,405,2852,93.68
50002,906,1025,33.68
50002,1111,994,32.68
50002,1619,5560,182.68
712,1701,964,31.68
23140,203,2882,94.68
23140,304,2882,94.68
23140,415,2882,94.68
23140,1105,1452,47.68
23140,1898,1452,47.68
14278,304,1633,53.68
14278,305,1633,53.68
14278,714,1511,49.68
14278,809,1055,34.68
14278,1617,1511,49.68
14278,1627,1299,42.68
14278,1703,1452,47.68
7728,1118,2729,89.68
7728,1817,5469,179.68
98676,1617,1268,41.68
59273,415,902,29.68
59273,1816,1664,54.68
59273,1817,1330,43.68
61945,409,2425,79.68
61945,1801,2760,90.68
102095,102,629,20.68
102095,202,2516,82.68
102095,208,4282,140.68
102095,304,1330,43.68
102095,306,4586,150.68
102095,407,1268,41.68
102095,598,811,26.68
102095,1119,2547,83.68
102095,1603,1572,51.68
16691,201,7661,251.68
16691,102,1511,49.68
16691,109,4647,152.68
16691,202,1025,33.68
16691,304,1360,44.68
16691,407,1025,33.68
16691,1113,1025,33.68
55161,411,2486,81.68
55161,432,2151,70.68
14992,304,1115,36.68
14992,305,1115,36.68
14992,306,1115,36.68
14992,1801,1115,36.68
14992,1812,1268,41.68
45026,1623,1330,43.68
45026,1898,1299,42.68
63215,1703,3521,115.68
38844,304,4739,155.68
38844,408,3156,103.68
38844,709,4555,149.68
38844,1701,1421,46.68
38844,1703,1360,44.68
38844,1798,2060,67.68
38844,1801,3459,113.68
30862,916,1055,34.68
30862,998,1025,33.68
38141,305,1725,56.68
38141,504,1756,57.68
38141,1703,2972,97.68
94493,203,2210,72.68
94493,405,2210,72.68
94493,1813,2852,93.68
7207,1298,1876,61.68
7207,1215,1876,61.68
20693,102,1511,49.68
20693,107,4798,157.68
20693,109,872,28.68
20693,205,1876,61.68
20693,304,4798,157.68
58559,203,3247,106.68
58559,1105,3217,105.68
58559,1637,3247,106.68
91130,412,2090,68.68
91130,432,1695,55.68
91130,708,933,30.68
91130,1601,1360,44.68
91130,1627,2060,67.68
69040,306,2607,85.68
69040,404,994,32.68
69040,414,933,30.68
69040,428,2302,75.68
69040,803,1115,36.68
69040,809,1998,65.68
69040,1311,1238,40.68
69040,1640,1452,47.68
66772,108,1330,43.68
66772,202,964,31.68
66772,1817,1086,35.68
85072,898,3886,127.68
85072,1619,3947,129.68
94651,428,994,32.68
58002,104,2791,91.68
58002,306,1845,60.68
58002,432,1299,42.68
58002,712,2821,92.68
58002,809,2791,91.68
58002,1117,2333,76.68
58002,1617,3094,101.68
44059,306,2090,68.68
34280,304,1664,54.68
34280,708,1633,53.68
34280,709,1633,53.68
36288,426,1115,36.68
70227,1113,902,29.68
32811,108,1268,41.68
32811,307,1238,40.68
32811,713,933,30.68
83684,108,2760,90.68
83684,1017,3459,113.68
83684,1617,3125,102.68
2680,405,6078,199.68
2680,408,6078,199.68
2680,412,6078,199.68
2680,1105,4008,131.68
2680,1113,2972,97.68
97192,205,780,25.68
97192,406,2972,97.68
97192,1698,1360,44.68
33101,198,3551,116.68
33101,120,964,31.68
33101,304,964,31.68
33101,1701,1876,61.68
33101,1801,1146,37.68
65308,108,1542,50.68
65308,1105,1542,50.68
65308,1617,2516,82.68
89939,412,872,28.68
29839,305,1756,57.68
36285,398,2668,87.68
36285,1605,2668,87.68
36285,1616,2668,87.68
36285,1617,2455,80.68
36285,1637,2668,87.68
49573,411,964,31.68
49573,607,841,27.68
29762,412,1876,61.68
29762,1105,1299,42.68
29762,1630,2182,71.68
51392,118,994,32.68
51392,305,1756,57.68
51392,404,2425,79.68
51392,423,2425,79.68
51392,504,1817,59.68
51392,514,872,28.68
51392,705,3794,124.68
51392,809,994,32.68
51392,908,994,32.68
51392,1215,3186,104.68
76957,204,3186,104.68
76957,304,933,30.68
76957,306,2791,91.68
76957,513,3186,104.68
76957,610,3186,104.68
76957,708,3186,104.68
76957,709,3186,104.68
76957,1298,3337,109.68
76957,1615,3551,116.68
76957,1801,2791,91.68
75813,304,994,32.68
75813,426,2151,70.68
75813,432,1025,33.68
75813,1105,2607,85.68
75813,1113,2607,85.68
75813,1616,2090,68.68
75813,1617,2394,78.68
99882,304,1421,46.68
99882,798,872,28.68
99882,1105,2090,68.68
99882,1617,5408,177.68
99882,1627,1786,58.68
43051,408,1968,64.68
43051,908,1845,60.68
29353,202,1086,35.68
29353,406,1207,39.68
29353,1617,3094,101.68
59947,1898,1572,51.68
38622,306,1391,45.68
38622,1119,1876,61.68
54774,304,1207,39.68
99808,404,1025,33.68
99808,1640,1025,33.68
99808,1801,660,21.68
92070,404,1025,33.68
92070,705,1725,56.68
49533,412,1664,54.68
17265,1112,1055,34.68
17265,1709,3306,108.68
17265,1801,3643,119.68
78663,304,2972,97.68
78663,306,2972,97.68
78663,602,2972,97.68
78663,612,2972,97.68
78663,705,2972,97.68
91357,202,1756,57.68
91357,1810,2852,93.68
83477,304,1299,42.68
83477,1011,3977,130.68
83477,1617,4313,141.68
87597,102,2090,68.68
87597,104,994,32.68
87597,108,1603,52.68
87597,915,2516,82.68
87597,1307,2210,72.68
87597,1801,3033,99.68
87597,1813,1115,36.68
87597,1817,2121,69.68
89291,1633,2090,68.68
89291,1705,872,28.68
101004,304,537,17.68
101004,916,537,17.68
101004,1630,2941,96.68
18884,311,4374,143.68
18884,426,3582,117.68
18884,809,1086,35.68
18884,1117,2882,94.68
18884,1637,3886,127.68
18884,1701,1572,51.68
18884,1803,2882,94.68
87191,1813,933,30.68
87191,1817,902,29.68
35179,304,1177,38.68
35179,414,1360,44.68
29282,415,3003,98.68
29282,432,2455,80.68
29282,1701,3337,109.68
29282,1801,3702,121.68
45666,206,1725,56.68
45666,708,1360,44.68
45666,1614,4647,152.68
45666,1705,4647,152.68
102207,1622,1391,45.68
102207,1698,1633,53.68
64873,304,1115,36.68
64873,305,1115,36.68
64873,311,1115,36.68
64873,498,1115,36.68
102705,803,1115,36.68
102705,1113,1115,36.68
102705,1312,1115,36.68
79947,1605,841,27.68
77189,201,1511,49.68
77189,404,1876,61.68
77189,1198,1480,48.68
77189,1812,5377,176.68
16949,305,964,31.68
16949,504,2241,73.68
16949,605,1146,37.68
42884,304,964,31.68
42884,305,1452,47.68
42884,407,1817,59.68
42884,412,2729,89.68
42884,798,3916,128.68
42884,1803,3521,115.68
42884,1898,1452,47.68
38311,426,1086,35.68
38311,504,1086,35.68
93725,1598,2547,83.68
93725,1113,1756,57.68
93725,1634,2547,83.68
93725,1637,2547,83.68
93725,1817,1330,43.68
64405,102,1146,37.68
64405,114,1452,47.68
64405,412,1299,42.68
64405,605,1238,40.68
64302,428,994,32.68
64302,698,3551,116.68
64302,915,5438,178.68
64302,1112,872,28.68
64302,1311,3278,107.68
13799,304,933,30.68
13799,1801,1299,42.68
90743,1601,1025,33.68
1481,605,1572,51.68
1481,708,1845,60.68
1481,1805,902,29.68
1481,1817,902,29.68
4804,107,1330,43.68
86595,1817,3398,111.68
90832,1634,1603,52.68
85792,304,1360,44.68
85792,305,1572,51.68
85792,1622,1268,41.68
85792,1640,1633,53.68
89959,307,1391,45.68
89959,610,1572,51.68
89959,709,2486,81.68
89959,712,2090,68.68
89959,916,2729,89.68
89959,1605,1786,58.68
72258,203,964,31.68
31414,1801,1391,45.68
97690,305,749,24.68
97690,306,1725,56.68
97690,1806,1725,56.68
97690,1810,1725,56.68
97690,1898,1725,56.68
77508,809,872,28.68
77508,1701,2547,83.68
77508,1703,2516,82.68
71408,1113,1299,42.68
70785,305,2060,67.68
70785,1118,1603,52.68
70785,1803,1086,35.68
92032,1014,933,30.68
71133,423,1756,57.68
71133,426,4708,154.68
97944,798,749,24.68
97944,1622,749,24.68
97944,1634,4037,132.68
87641,708,1664,54.68
87641,809,1664,54.68
92403,426,1146,37.68
92403,1813,1025,33.68
14094,102,1452,47.68
14094,201,599,19.68
14094,304,2913,95.68
14094,1701,721,23.68
14094,1898,964,31.68
19914,202,964,31.68
19914,304,964,31.68
19914,1704,1542,50.68
72170,708,964,31.68
72170,1609,964,31.68
72170,1617,964,31.68
10344,714,1025,33.68
54785,304,1207,39.68
54785,1622,1268,41.68
41653,1108,1452,47.68
41653,1605,3156,103.68
41653,1622,3156,103.68
41653,1704,3094,101.68
12286,1113,2455,80.68
12286,1617,3490,114.68
12286,1627,4555,149.68
12286,1637,5043,165.68
12286,1801,1937,63.68
15754,430,1330,43.68
4569,915,2241,73.68
4569,1198,2182,71.68
4569,1801,1452,47.68
69781,1617,1786,58.68
69781,1637,1786,58.68
69781,1817,994,32.68
18054,102,1299,42.68
18054,304,1725,56.68
18054,1105,1998,65.68
18054,1307,1360,44.68
28294,304,1817,59.68
28294,914,1817,59.68
28294,1110,2182,71.68
28294,1113,2182,71.68
89919,304,1177,38.68
89919,305,1177,38.68
19180,304,1725,56.68
19180,305,1725,56.68
19180,307,1725,56.68
19180,898,2455,80.68
19180,1117,4647,152.68
85702,104,1998,65.68
2361,1110,2760,90.68
2361,1626,3125,102.68
97128,713,811,26.68
97128,1616,1845,60.68
97128,1634,1845,60.68
97128,1640,1845,60.68
97128,1708,1391,45.68
69254,403,1299,42.68
69254,708,1177,38.68
34423,1215,2241,73.68
34423,1312,964,31.68
89368,406,1268,41.68
89368,1113,1268,41.68
89368,1805,2516,82.68
43859,430,1511,49.68
43859,1634,1086,35.68
52558,1616,1330,43.68
52558,1801,1360,44.68
48092,201,1511,49.68
48092,205,1876,61.68
48092,415,2241,73.68
48092,713,6473,212.68
48092,915,1146,37.68
48092,1113,2241,73.68
60693,719,1268,41.68
60693,915,2210,72.68
60693,1110,1511,49.68
60693,1605,2607,85.68
60693,1898,2182,71.68
68807,202,5529,181.68
68807,418,1664,54.68
68807,419,1664,54.68
68807,426,3094,101.68
68807,428,4068,133.68
68807,914,2638,86.68
68807,1105,3733,122.68
3594,1898,1025,33.68
62195,202,872,28.68
62195,305,1391,45.68
62195,406,994,32.68
62195,705,841,27.68
62195,998,841,27.68
62195,1110,3977,130.68
62195,1812,4313,141.68
73555,202,2302,75.68
73555,498,1238,40.68
73555,1817,1391,45.68
68635,202,3521,115.68
68635,406,1025,33.68
68635,407,1876,61.68
68635,605,2972,97.68
68635,1630,3551,116.68
34225,1709,933,30.68
57392,405,2151,70.68
57392,1617,3156,103.68
83671,202,1207,39.68
83671,405,994,32.68
83671,406,1330,43.68
83671,407,994,32.68
83671,412,994,32.68
93829,305,2425,79.68
93829,398,2425,79.68
93829,498,1817,59.68
93829,707,5194,170.68
93829,1105,5194,170.68
93829,1198,3368,110.68
93829,1801,2729,89.68
93829,1817,1421,46.68
6190,298,1725,56.68
6190,1617,2821,92.68
63993,498,1055,34.68
63993,1617,1299,42.68
95765,1202,2090,68.68
95765,1298,2090,68.68
95765,304,780,25.68
95765,714,1725,56.68
95765,1215,2090,68.68
87323,809,1207,39.68
87323,1616,1572,51.68
57981,102,2090,68.68
57981,305,1391,45.68
57981,1307,2455,80.68
79608,304,872,28.68
79608,1017,1998,65.68
79608,1614,872,28.68
39873,101,902,29.68
39873,205,902,29.68
39873,898,1817,59.68
39873,915,1817,59.68
33394,498,1664,54.68
33394,1609,1603,52.68
33394,1627,964,31.68
33394,1634,1391,45.68
4291,498,1876,61.68
4291,1198,4494,147.68
4291,406,933,30.68
4291,498,1876,61.68
4291,519,1845,60.68
4291,1106,2547,83.68
4291,1110,4859,159.68
4291,1113,4739,155.68
4291,1298,2455,80.68
4291,1998,1876,61.68
77837,313,6108,200.68
77837,714,1695,55.68
103344,1605,1664,54.68
103344,1617,1207,39.68
34573,304,1086,35.68
34573,610,1452,47.68
34573,698,1480,48.68
34573,914,3337,109.68
34573,1105,1086,35.68
34573,1801,1603,52.68
29710,1198,1268,41.68
29710,398,994,32.68
29710,404,4678,153.68
29710,407,1452,47.68
29710,429,1025,33.68
29710,712,4586,150.68
29710,1105,1299,42.68
29710,1119,1299,42.68
29710,1198,1299,42.68
29710,1214,1086,35.68
29710,1610,4859,159.68
29710,1617,4859,159.68
29710,1812,4252,139.68
29710,1898,1086,35.68
29710,1905,1086,35.68
63962,426,1055,34.68
63962,1617,1695,55.68
93151,423,1756,57.68
78969,1617,1480,48.68
17884,423,2151,70.68
17884,426,2151,70.68
63990,798,2363,77.68
63990,715,2363,77.68
63990,1105,2486,81.68
63990,1117,3368,110.68
63990,1622,2486,81.68
91189,412,599,19.68
91189,1605,902,29.68
39923,198,2729,89.68
39923,398,1268,41.68
39923,998,1238,40.68
39923,1601,1025,33.68
39923,1617,2699,88.68
39923,1637,3125,102.68
39923,1701,1207,39.68
39923,1801,2821,92.68
39923,1898,1238,40.68
595,108,1756,57.68
595,406,1025,33.68
595,421,872,28.68
595,423,1086,35.68
595,426,1025,33.68
595,1117,2455,80.68
595,1198,2455,80.68
78928,705,811,26.68
78928,1801,780,25.68
45827,304,4313,141.68
45827,305,6504,213.68
45827,311,6504,213.68
45827,1113,2121,69.68
45827,1117,2852,93.68
57071,304,1086,35.68
57071,305,2972,97.68
57071,408,2972,97.68
39857,305,1725,56.68
39857,711,1146,37.68
39857,1110,1146,37.68
39857,1810,3977,130.68
30794,405,1695,55.68
30794,426,1695,55.68
30794,1707,1055,34.68
30794,1801,1238,40.68
75166,1703,1421,46.68
78806,203,2363,77.68
78806,1215,1330,43.68
737,403,1511,49.68
1037,109,1876,61.68
1037,1809,2241,73.68
3863,116,2425,79.68
3863,198,1268,41.68
3863,304,2363,77.68
3863,306,1268,41.68
3863,405,2394,78.68
3863,1112,1633,53.68
3863,1113,1633,53.68
3863,1634,4859,159.68
3863,1640,4859,159.68
57568,304,1845,60.68
57568,305,1845,60.68
57568,306,1845,60.68
57568,498,4068,133.68
57568,1198,964,31.68
58089,305,2029,66.68
58089,1801,2272,74.68
78367,311,994,32.68
78367,1617,1207,39.68
48032,498,1603,52.68
71972,405,964,31.68
71972,713,1391,45.68
71972,1801,1146,37.68
10307,1619,3490,114.68
10307,1627,3490,114.68
10307,1634,3490,114.68
24211,305,1391,45.68
24211,306,1391,45.68
24211,432,1937,63.68
24211,1627,1391,45.68
90421,898,2060,67.68
90421,898,2060,67.68
90421,1117,2029,66.68
90421,1298,2060,67.68
81896,915,2972,97.68
66007,405,1876,61.68
66007,426,1786,58.68
66007,428,994,32.68
66007,498,1876,61.68
13792,705,5316,174.68
13792,713,3186,104.68
13792,1113,2029,66.68
13792,1701,4433,145.68
22543,916,902,29.68
86038,202,4433,145.68
86038,205,1086,35.68
86038,406,4433,145.68
86038,407,4433,145.68
86038,1110,1876,61.68
86038,1113,1876,61.68
86038,1801,4739,155.68
64340,705,1086,35.68
99500,304,811,26.68
99500,408,2394,78.68
99500,1312,1572,51.68
99500,1617,3794,124.68
99500,1622,3794,124.68
99500,1637,2729,89.68
99500,1640,3794,124.68
99500,1704,3368,110.68
99500,1798,721,23.68
99500,1804,3794,124.68
99500,1812,3582,117.68
99500,1813,841,27.68
99500,1817,1725,56.68
88866,1616,2029,66.68
38720,410,3947,129.68
38720,411,3947,129.68
38720,1017,1725,56.68
38720,1614,3947,129.68
38720,1698,3916,128.68
38720,1817,3643,119.68
81303,304,3824,125.68
6661,112,1511,49.68
69915,1605,1055,34.68
27915,108,1299,42.68
27915,209,1238,40.68
27915,313,1786,58.68
27915,1605,1268,41.68
27915,1701,964,31.68
27915,1810,1725,56.68
27915,1898,1725,56.68
26024,423,1633,53.68
26024,1113,1998,65.68
26024,1634,5163,169.68
26024,1801,5132,168.68
26024,1898,2182,71.68
4231,304,2607,85.68
4231,306,2607,85.68
4231,405,2363,77.68
4231,423,2607,85.68
4231,426,2363,77.68
4231,705,2760,90.68
4231,710,2760,90.68
4231,1112,1511,49.68
23810,306,1480,48.68
23810,313,1845,60.68
23810,423,1603,52.68
23810,1812,1633,53.68
33324,1117,1633,53.68
30700,712,1695,55.68
64744,1634,2972,97.68
64744,1637,2972,97.68
64744,1812,1452,47.68
96085,422,690,22.68
96085,423,902,29.68
96085,708,1025,33.68
96085,712,933,30.68
96085,1105,872,28.68
96085,1110,872,28.68
96085,1622,994,32.68
96085,1911,1055,34.68
59521,1198,1817,59.68
29168,408,1299,42.68
29168,412,1480,48.68
29168,426,1299,42.68
29168,712,1480,48.68
29168,1617,1452,47.68
29168,1812,1330,43.68
29168,1817,872,28.68
42,711,1360,44.68
42,916,841,27.68
42,1015,2182,71.68
42,1105,2182,71.68
42,1112,2182,71.68
74020,203,4374,143.68
74020,424,1268,41.68
74020,916,1055,34.68
74020,1110,2302,75.68
74020,1312,1086,35.68
74020,1601,4282,140.68
46553,412,2272,74.68
46553,426,2516,82.68
46553,705,2516,82.68
46553,706,2516,82.68
46553,1117,2576,84.68
46553,1605,2516,82.68
46553,1617,2182,71.68
46553,1801,1876,61.68
46553,1810,2210,72.68
94779,202,749,24.68
94779,424,964,31.68
94779,1105,3125,102.68
94779,1108,2363,77.68
94779,1115,3064,100.68
94779,1812,841,27.68
89039,504,994,32.68
89039,504,994,32.68
83108,612,1268,41.68
83108,1805,1268,41.68
83108,1898,1268,41.68
97757,914,660,21.68
87479,102,2182,71.68
87479,109,2182,71.68
87479,198,2182,71.68
87479,201,1817,59.68
87479,406,2182,71.68
87479,407,872,28.68
87479,1105,2182,71.68
87479,1305,2547,83.68
87479,1312,2182,71.68
87479,1698,872,28.68
87479,1804,1664,54.68
88479,305,1086,35.68
40921,108,1146,37.68
40921,1622,1330,43.68
26808,1701,1268,41.68
25255,1001,3490,114.68
75134,405,1421,46.68
75134,423,690,22.68
75134,1898,872,28.68
36054,304,2972,97.68
36054,305,2972,97.68
36054,311,5285,173.68
36054,423,2972,97.68
90367,305,2029,66.68
90367,306,2029,66.68
95788,102,872,28.68
95788,1801,4221,138.68
85564,203,1299,42.68
85564,311,1238,40.68
85564,1617,1330,43.68
35794,1812,1238,40.68
28794,405,2791,91.68
28794,1637,1299,42.68
28794,1813,2729,89.68
28794,1817,1086,35.68
35740,1605,1330,43.68
35740,1617,1146,37.68
15974,405,3490,114.68
48863,1598,6381,209.68
48863,201,2029,66.68
48863,304,2182,71.68
48863,305,2182,71.68
48863,307,2182,71.68
48863,898,1695,55.68
48863,1111,4920,161.68
73400,405,4068,133.68
73400,408,4068,133.68
73400,426,4068,133.68
73400,1105,2455,80.68
10136,504,4343,142.68
10136,305,4037,132.68
10136,405,3916,128.68
10136,610,1299,42.68
10136,1304,4647,152.68
77996,102,3278,107.68
77996,115,3337,109.68
57849,202,2699,88.68
57849,1601,2699,88.68
57849,1627,2699,88.68
34544,304,1633,53.68
34544,1605,2363,77.68
89442,304,994,32.68
77945,305,964,31.68
77945,708,3582,117.68
87829,102,1146,37.68
87829,304,1146,37.68
87829,898,841,27.68
71633,104,964,31.68
71633,204,1330,43.68
71633,304,1086,35.68
71633,423,1756,57.68
71633,426,1756,57.68
3760,102,2821,92.68
3760,103,1391,45.68
3760,709,1756,57.68
3760,712,1360,44.68
3760,1701,902,29.68
12712,304,1146,37.68
12712,305,1146,37.68
12712,498,1115,36.68
30715,107,1238,40.68
30715,1198,1299,42.68
88823,107,3794,124.68
88823,109,3033,99.68
88823,198,1907,62.68
88823,412,994,32.68
94006,1637,872,28.68
56771,304,3886,127.68
56771,305,3886,127.68
56771,608,2060,67.68
56771,1216,2060,67.68
34517,1215,1968,64.68
76222,504,964,31.68
76222,504,964,31.68
62382,406,1238,40.68
98324,598,1146,37.68
98324,605,2913,95.68
98324,1113,1360,44.68
98324,1616,2913,95.68
98324,1619,2941,96.68
294,305,1907,62.68
294,1111,2241,73.68
294,1210,2241,73.68
90636,102,2972,97.68
90636,205,2972,97.68
90636,304,1876,61.68
90636,908,2241,73.68
90636,915,2607,85.68
90636,998,2607,85.68
90636,1215,1603,52.68
90636,1216,1268,41.68
90636,1615,3429,112.68
90636,1898,1421,46.68
36705,306,2394,78.68
36705,307,1268,41.68
36705,1619,3125,102.68
36705,1701,1542,50.68
36705,1817,2182,71.68
11346,1801,3247,106.68
67174,109,1572,51.68
67174,304,1360,44.68
67174,305,1725,56.68
67174,313,3337,109.68
67174,406,1330,43.68
67174,798,2394,78.68
67174,1798,1330,43.68
67174,1801,1177,38.68
87019,426,1421,46.68
87019,1811,1299,42.68
14268,1605,2210,72.68
86797,1305,933,30.68
103550,403,721,23.68
103550,704,721,23.68
64968,101,1025,33.68
64968,104,2486,81.68
64968,112,2486,81.68
64968,202,2029,66.68
64968,304,1330,43.68
64968,313,2486,81.68
64968,404,1968,64.68
64968,423,2241,73.68
64968,426,2607,85.68
64968,601,2486,81.68
64968,602,2486,81.68
64968,607,2486,81.68
64968,709,2486,81.68
64968,719,2060,67.68
64968,1109,2486,81.68
64968,1110,2486,81.68
64968,1112,2486,81.68
64968,1113,1725,56.68
64968,1898,1025,33.68
61481,202,964,31.68
61481,405,1055,34.68
61481,426,1115,36.68
61481,708,994,32.68
61481,719,994,32.68
61481,1017,872,28.68
61481,1617,1177,38.68
75376,1198,3033,99.68
75376,1598,3033,99.68
91104,426,1391,45.68
91104,1215,3582,117.68
91138,1001,4068,133.68
91138,202,1115,36.68
91138,304,1238,40.68
91138,405,3521,115.68
91138,415,3521,115.68
91138,423,3521,115.68
91138,426,3521,115.68
91138,428,1937,63.68
91138,498,1238,40.68
91138,1637,933,30.68
91138,1817,872,28.68
88867,1817,1725,56.68
59366,404,4798,157.68
59366,607,4647,152.68
59366,708,5529,181.68
59366,709,5529,181.68
59366,898,902,29.68
59366,1312,5377,176.68
59366,1809,6108,200.68
13098,305,1115,36.68
13098,1105,1238,40.68
57604,1001,3247,106.68
57604,432,3247,106.68
57604,1617,2516,82.68
57604,1627,2638,86.68
57604,1798,1299,42.68
69652,1113,1115,36.68
69652,1815,2821,92.68
65132,108,2272,74.68
65132,306,1480,48.68
65132,914,1695,55.68
74342,304,1115,36.68
74342,305,994,32.68
16308,101,1452,47.68
16308,102,1756,57.68
16308,198,1177,38.68
16308,201,1391,45.68
16308,298,1268,41.68
16308,1205,1268,41.68
16308,1305,1695,55.68
9556,305,2090,68.68
102612,1817,964,31.68
87078,304,1025,33.68
87078,415,4890,160.68
103259,408,872,28.68
103259,426,1391,45.68
69353,304,1177,38.68
69353,307,1542,50.68
69353,498,4129,135.68
69353,710,2852,93.68
69353,1111,2516,82.68
69353,1210,2516,82.68
69353,1637,1845,60.68
38867,307,2760,90.68
38867,1111,902,29.68
84594,1801,872,28.68
84594,1812,3855,126.68
84594,1998,1876,61.68
39134,102,1238,40.68
82015,102,2486,81.68
82015,205,1177,38.68
82015,305,2486,81.68
82015,1113,3582,117.68
82015,1204,1268,41.68
82015,1211,1268,41.68
82015,1214,1268,41.68
82015,1801,1086,35.68
82015,1813,3521,115.68
21593,1617,1207,39.68
6514,803,902,29.68
6514,1105,2333,76.68
6514,1113,1238,40.68
6514,1705,3947,129.68
6514,1801,4068,133.68
6514,1816,841,27.68
11964,1705,2791,91.68
74450,404,2607,85.68
74450,423,2607,85.68
74450,1704,1937,63.68
74450,1817,1330,43.68
35795,504,4313,141.68
35795,307,994,32.68
35795,512,1633,53.68
35795,809,933,30.68
35795,1305,2182,71.68
35795,1710,3278,107.68
984,306,1511,49.68
984,719,964,31.68
984,1215,3003,98.68
984,1633,3064,100.68
984,1708,2121,69.68
97321,412,933,30.68
97321,426,811,26.68
96433,1802,749,24.68
83479,408,3671,120.68
83479,1619,3671,120.68
83479,1701,2272,74.68
63540,426,933,30.68
22303,115,1452,47.68
22303,423,2182,71.68
22303,504,1603,52.68
22303,1801,2182,71.68
22303,1905,1633,53.68
36324,1622,1391,45.68
406,102,902,29.68
406,504,902,29.68
406,1215,902,29.68
406,1640,2668,87.68
406,1817,994,32.68
59115,1298,902,29.68
59115,1616,1786,58.68
59115,1801,1664,54.68
90465,410,1055,34.68
90465,504,1025,33.68
61834,305,2972,97.68
61834,1601,2455,80.68
61834,1605,3217,105.68
61834,1622,3490,114.68
32547,432,902,29.68
32547,610,1115,36.68
32547,709,872,28.68
32547,1817,1207,39.68
32832,410,3794,124.68
32832,1811,4190,137.68
103398,1605,721,23.68
54991,304,994,32.68
67291,305,3033,99.68
67291,306,3064,100.68
67291,307,841,27.68
67291,426,1299,42.68
67291,914,841,27.68
67291,1605,4037,132.68
67291,1622,4037,132.68
67291,1698,3763,123.68
47267,108,933,30.68
47267,306,1845,60.68
47267,1013,1299,42.68
47267,1640,1330,43.68
47267,1801,1845,60.68
10595,404,1542,50.68
10595,1619,1268,41.68
52613,209,2729,89.68
52613,1617,5163,169.68
69322,304,1480,48.68
69322,305,1480,48.68
69322,705,1025,33.68
69322,1701,872,28.68
69322,1804,2029,66.68
87345,109,2882,94.68
87345,205,1480,48.68
87345,307,994,32.68
87345,504,3217,105.68
87345,1622,3977,130.68
62491,202,8451,277.68
62491,304,4678,153.68
62491,307,4678,153.68
62491,412,4739,155.68
62491,423,4678,153.68
62491,426,4678,153.68
62491,914,3337,109.68
62491,916,3337,109.68
62491,1017,2241,73.68
62491,1113,2241,73.68
62491,1801,2210,72.68
36905,412,1330,43.68
36905,415,1330,43.68
36905,1114,1998,65.68
36905,1616,2060,67.68
36905,1637,2060,67.68
73734,116,1268,41.68
73734,305,3551,116.68
73734,404,3794,124.68
73734,412,1542,50.68
73734,426,1025,33.68
73734,428,1542,50.68
73734,708,3824,125.68
73734,712,1542,50.68
73734,713,2941,96.68
73734,916,1025,33.68
73734,1619,4190,137.68
73734,1801,2882,94.68
96606,206,1115,36.68
96606,306,1146,37.68
96606,405,2852,93.68
96606,412,2852,93.68
96606,423,2852,93.68
96606,424,1086,35.68
96606,426,2852,93.68
96606,712,2852,93.68
96606,1106,2121,69.68
96606,1111,1391,45.68
96606,1616,3643,119.68
96606,1619,3643,119.68
96606,1622,3643,119.68
96606,1628,1421,46.68
96606,1634,3643,119.68
96606,1640,3643,119.68
96606,1704,2852,93.68
96606,1803,1207,39.68
37475,305,1177,38.68
37475,1617,3977,130.68
816,202,1725,56.68
816,714,1238,40.68
29519,1637,2425,79.68
95417,108,749,24.68
25068,1701,1937,63.68
89641,304,2425,79.68
89641,1627,2060,67.68
73145,426,1268,41.68
73145,428,1998,65.68
9678,112,3551,116.68
58630,304,1845,60.68
58630,407,1146,37.68
74835,1616,1664,54.68
28071,1709,3551,116.68
9518,313,1452,47.68
60126,104,1238,40.68
60126,109,1238,40.68
60126,202,994,32.68
60126,205,1391,45.68
60126,206,3186,104.68
60126,305,1968,64.68
60126,306,1968,64.68
60126,426,994,32.68
60126,1108,3186,104.68
60126,1112,3186,104.68
60126,1113,3186,104.68
60126,1801,3459,113.68
40668,1812,1480,48.68
91882,1801,1542,50.68
79808,202,964,31.68
79808,1017,1086,35.68
80554,404,1756,57.68
80554,424,1756,57.68
80554,430,1756,57.68
80554,1117,1480,48.68
47041,203,1207,39.68
28551,407,2821,92.68
28551,1118,994,32.68
28551,1215,4282,140.68
28551,1614,2821,92.68
28551,1804,4647,152.68
84593,432,2363,77.68
84593,1618,902,29.68
99987,713,1268,41.68
99987,1609,1299,42.68
85302,809,2302,75.68
85302,1634,1025,33.68
85302,1804,2363,77.68
70009,202,3398,111.68
70009,306,1115,36.68
70009,406,1664,54.68
70009,426,2852,93.68
70009,916,933,30.68
70009,1312,1633,53.68
65745,1105,1421,46.68
65745,1630,4252,139.68
65745,1709,3612,118.68
65745,1798,2302,75.68
58453,304,1360,44.68
58453,429,4313,141.68
58453,713,994,32.68
58453,1111,2029,66.68
58453,1210,2029,66.68
58453,1298,1086,35.68
58453,1616,4313,141.68
58453,1619,4313,141.68
58453,1622,4313,141.68
58453,1634,4313,141.68
58453,1640,4313,141.68
58453,1801,3916,128.68
58453,1817,902,29.68
58453,1898,2060,67.68
96643,304,872,28.68
96643,305,872,28.68
18885,1811,1725,56.68
80716,205,1876,61.68
80716,304,2972,97.68
80716,305,1817,59.68
80716,504,1177,38.68
80716,519,1177,38.68
80716,809,902,29.68
33188,202,1025,33.68
33188,407,1756,57.68
33188,408,994,32.68
33188,412,994,32.68
33188,428,1695,55.68
97610,1630,3278,107.68
52418,104,3490,114.68
52418,112,5132,168.68
52418,304,749,24.68
52418,305,1817,59.68
52418,306,1817,59.68
52418,313,5408,177.68
52418,406,2090,68.68
52418,407,5224,171.68
52418,1106,1572,51.68
52418,1801,3612,118.68
100765,404,994,32.68
100765,423,994,32.68
100765,426,537,17.68
100765,916,1664,54.68
100765,1015,1360,44.68
100765,1017,1146,37.68
100765,1108,1360,44.68
100765,1110,1360,44.68
100765,1617,1391,45.68
36320,407,1542,50.68
36320,1617,1633,53.68
12836,304,1633,53.68
12836,305,1633,53.68
12836,306,1633,53.68
12836,602,2241,73.68
12836,1117,4586,150.68
49720,306,2363,77.68
49720,915,4068,133.68
49720,1105,1542,50.68
6978,108,1572,51.68
6978,412,1480,48.68
6978,423,1480,48.68
6978,426,1480,48.68
6978,706,1452,47.68
6978,708,1603,52.68
6978,1108,1695,55.68
25284,412,1664,54.68
25284,1617,1876,61.68
14052,202,933,30.68
14052,304,933,30.68
14052,307,933,30.68
14052,404,1360,44.68
14052,412,2241,73.68
14052,607,4282,140.68
14052,712,2241,73.68
14052,916,2455,80.68
14052,1113,933,30.68
96947,304,2547,83.68
96947,313,2547,83.68
96947,1111,811,26.68
96947,1210,811,26.68
96947,1619,2607,85.68
94702,504,1025,33.68
95434,202,1330,43.68
95434,916,872,28.68
95434,1617,1238,40.68
95434,1798,780,25.68
63091,202,1998,65.68
63091,1617,3824,125.68
62564,198,1603,52.68
62564,514,1086,35.68
62564,1215,3977,130.68
62564,1312,3947,129.68
90577,915,1055,34.68
90577,1801,1876,61.68
85199,711,933,30.68
85199,1703,1360,44.68
6071,1215,3794,124.68
97727,298,1937,63.68
97727,409,1937,63.68
97727,1113,721,23.68
97727,1617,1937,63.68
97727,1902,1937,63.68
45,311,1421,46.68
45,398,1268,41.68
45,706,1421,46.68
45,1605,1542,50.68
45,1609,1603,52.68
88789,304,1086,35.68
88789,305,1452,47.68
88789,1117,2394,78.68
66366,1801,1207,39.68
54411,1605,1480,48.68
3709,304,3612,118.68
3709,305,2941,96.68
3709,307,2941,96.68
3709,1627,3947,129.68
3709,1801,2060,67.68
26708,1605,1330,43.68
82827,101,964,31.68
82827,119,964,31.68
82827,1619,1025,33.68
92249,208,811,26.68
92249,305,1238,40.68
47979,415,1268,41.68
45342,1610,2060,67.68
45342,1805,2182,71.68
45342,1813,1572,51.68
10677,1015,3337,109.68
88286,304,1268,41.68
88286,708,1664,54.68
88286,916,1695,55.68
88286,1817,994,32.68
45028,398,1511,49.68
65340,1605,1756,57.68
65340,1701,964,31.68
65340,1817,1391,45.68
11426,102,994,32.68
11426,114,994,32.68
11426,202,1177,38.68
11426,304,994,32.68
11426,305,2029,66.68
66959,428,1055,34.68
66959,1627,1360,44.68
76194,298,994,32.68
76194,1701,1025,33.68
76194,1704,2182,71.68
12443,108,872,28.68
74855,1619,1238,40.68
74855,1701,1115,36.68
11355,198,2090,68.68
11355,201,1360,44.68
11355,304,2455,80.68
11355,305,2272,74.68
11355,307,2272,74.68
11355,411,2029,66.68
11355,708,2455,80.68
11355,1198,2121,69.68
11355,1701,4617,151.68
28152,408,1391,45.68
28152,710,2547,83.68
28152,712,2333,76.68
28152,1117,3186,104.68
57273,914,599,19.68
91177,1112,2029,66.68
96942,916,1330,43.68
96942,1105,1572,51.68
96942,1110,1725,56.68
96942,1617,2425,79.68
65811,1622,1633,53.68
84401,1215,2210,72.68
84401,1637,1360,44.68
84401,1802,2151,70.68
36194,504,1786,58.68
36194,504,1786,58.68
36194,1108,1360,44.68
36194,1617,1817,59.68
101023,1801,2182,71.68
88446,102,3916,128.68
88446,304,3916,128.68
14208,426,1055,34.68
71438,1215,3337,109.68
26534,1801,1452,47.68
87482,203,1695,55.68
63255,1801,1786,58.68
35645,102,1876,61.68
35645,201,1511,49.68
35645,914,5743,188.68
35645,916,1360,44.68
35645,1113,1725,56.68
35645,1205,994,32.68
35645,1701,4829,158.68
20339,304,1115,36.68
20339,407,1452,47.68
20339,424,1360,44.68
20339,504,1146,37.68
20339,1215,2151,70.68
57177,1605,3125,102.68
57177,1634,2394,78.68
57177,1640,2699,88.68
79095,203,1025,33.68
79095,304,1025,33.68
79095,305,1025,33.68
79095,1118,2090,68.68
79095,1215,1725,56.68
79095,1619,2791,91.68
2077,504,2151,70.68
2077,908,1146,37.68
2077,1620,1146,37.68
2077,1630,1845,60.68
2077,1801,5863,192.68
91817,1312,5408,177.68
77572,116,1876,61.68
77572,304,1876,61.68
77572,306,4343,142.68
77572,405,1725,56.68
77572,426,3490,114.68
77572,1810,4343,142.68
7285,406,3916,128.68
96142,107,1086,35.68
96142,304,1086,35.68
96142,307,1086,35.68
65475,304,2060,67.68
65475,306,2060,67.68
65475,612,2333,76.68
65475,1117,2060,67.68
65475,1619,3247,106.68
21009,1798,902,29.68
92079,311,1664,54.68
92079,313,1603,52.68
92079,1117,1572,51.68
92079,1605,841,27.68
92079,1616,1603,52.68
92079,1617,1603,52.68
92079,1701,1115,36.68
92079,1798,872,28.68
92079,1898,1330,43.68
78099,1598,2425,79.68
78099,1114,2425,79.68
86990,107,841,27.68
79698,1640,1480,48.68
74154,110,5863,192.68
74154,304,902,29.68
74154,423,2547,83.68
74154,1105,3947,129.68
74154,1106,3947,129.68
74154,1216,2182,71.68
100463,109,780,25.68
100463,398,2941,96.68
100463,1710,2516,82.68
87736,102,1086,35.68
87736,305,1786,58.68
87736,504,841,27.68
87736,1312,872,28.68
87736,1617,3582,117.68
33217,915,964,31.68
33217,916,964,31.68
69557,198,1086,35.68
59999,713,1207,39.68
59999,1605,1086,35.68
102313,109,1268,41.68
102313,306,1480,48.68
102313,415,4798,157.68
102313,605,1876,61.68
102313,1637,1330,43.68
102313,1898,1511,49.68
12390,410,994,32.68
12390,426,2607,85.68
63024,304,1480,48.68
63024,305,1480,48.68
63024,1112,1907,62.68
63024,1198,1907,62.68
63024,1312,1907,62.68
63024,1817,1421,46.68
88412,1638,1695,55.68
78856,411,1115,36.68
78856,432,3733,122.68
78856,498,3733,122.68
78856,1616,3855,126.68
78856,1617,3855,126.68
78856,1634,3855,126.68
78856,1640,3855,126.68
78856,1801,3733,122.68
78856,1812,3733,122.68
4263,504,933,30.68
4263,1014,3247,106.68
4263,1112,933,30.68
100397,306,1542,50.68
100397,428,2760,90.68
100397,908,1511,49.68
100397,915,721,23.68
100397,916,4282,140.68
918,202,902,29.68
918,1113,964,31.68
918,1634,6169,202.68
66976,425,2121,69.68
66976,1622,2455,80.68
50544,415,2486,81.68
50544,1617,2821,92.68
13143,1701,2090,68.68
26182,205,1725,56.68
26182,404,902,29.68
26182,408,2760,90.68
26182,1112,933,30.68
26182,1113,1786,58.68
26182,1616,2425,79.68
26182,1707,1756,57.68
99192,408,721,23.68
7116,412,2913,95.68
7116,426,2913,95.68
7116,712,2913,95.68
7116,713,2425,79.68
96577,205,1876,61.68
96577,305,1876,61.68
96577,411,3490,114.68
96577,426,2607,85.68
96577,428,3337,109.68
96577,605,2607,85.68
96577,908,780,25.68
96577,1105,2241,73.68
96577,1113,2241,73.68
96577,1801,2486,81.68
22256,304,1330,43.68
22256,1617,1968,64.68
46013,403,1542,50.68
91232,698,841,27.68
18627,1637,2699,88.68
18627,1801,1876,61.68
90882,1701,1055,34.68
90882,1706,1360,44.68
71983,202,1817,59.68
71983,304,1725,56.68
7936,1801,3156,103.68
7936,1812,3551,116.68
102739,304,599,19.68
102739,305,599,19.68
102739,1614,537,17.68
66120,104,1299,42.68
66120,198,1299,42.68
66120,305,1664,54.68
66120,1708,3306,108.68
66120,1802,933,30.68
66120,1810,1603,52.68
66120,1998,1299,42.68
95915,115,1876,61.68
95915,202,902,29.68
95915,406,811,26.68
95915,423,721,23.68
95915,916,1907,62.68
95915,1605,2090,68.68
95915,1609,2090,68.68
95915,1613,2090,68.68
95915,1616,2090,68.68
95915,1617,2090,68.68
95915,1634,2090,68.68
95915,1801,749,24.68
53575,306,1695,55.68
53575,412,1603,52.68
53575,429,964,31.68
53575,1812,1238,40.68
29882,310,6777,222.68
29882,426,1786,58.68
29882,908,1299,42.68
29882,1111,1299,42.68
29882,1118,1299,42.68
29976,1801,1725,56.68
39103,1798,1025,33.68
92785,202,2882,94.68
92785,305,2363,77.68
92785,432,841,27.68
92785,1215,1817,59.68
92785,1801,2791,91.68
92785,1812,2455,80.68
12954,398,3824,125.68
12954,198,1086,35.68
12954,1622,3824,125.68
12954,1898,1086,35.68
85059,304,4464,146.68
85059,307,4464,146.68
85059,414,4464,146.68
85059,705,1330,43.68
85059,1113,1177,38.68
84556,1605,902,29.68
56872,304,2607,85.68
56872,1617,3763,123.68
56872,1637,3763,123.68
56872,1812,3278,107.68
56872,1813,1725,56.68
74319,406,902,29.68
74319,426,902,29.68
100388,304,1360,44.68
100388,305,1360,44.68
100388,1817,3702,121.68
52809,304,1115,36.68
52809,307,1115,36.68
48169,102,1542,50.68
48169,305,1360,44.68
48169,605,1480,48.68
48169,1619,5743,188.68
84539,915,1360,44.68
2025,101,3733,122.68
2025,102,3733,122.68
2025,103,994,32.68
86503,408,1055,34.68
86503,1898,1299,42.68
86784,708,902,29.68
86784,916,902,29.68
86784,1898,994,32.68
40459,304,902,29.68
40459,305,902,29.68
40459,426,1725,56.68
40459,428,933,30.68
40459,1108,902,29.68
88430,415,1360,44.68
22630,198,4708,154.68
22630,305,1238,40.68
22630,423,2547,83.68
22630,424,1756,57.68
22630,705,2941,96.68
8564,1110,841,27.68
74355,1803,1330,43.68
74355,1812,1330,43.68
72784,304,1055,34.68
72784,405,2760,90.68
72784,406,1664,54.68
72784,423,2760,90.68
72784,713,1756,57.68
72784,898,933,30.68
72784,1412,1025,33.68
72784,1637,2760,90.68
49765,713,1086,35.68
36594,426,1452,47.68
36594,707,2972,97.68
36594,1110,1480,48.68
91416,114,1177,38.68
91416,713,3033,99.68
91416,1612,3125,102.68
13858,305,2394,78.68
37500,298,4708,154.68
37500,428,3156,103.68
37500,511,1452,47.68
37500,519,1452,47.68
37500,1701,1725,56.68
37500,1710,1452,47.68
88732,304,1391,45.68
91148,304,1055,34.68
91148,305,1055,34.68
91148,306,1055,34.68
91148,307,1055,34.68
91148,711,1086,35.68
91148,1112,1633,53.68
91148,1817,4586,150.68
64177,1622,1817,59.68
90942,108,1360,44.68
90942,498,994,32.68
18513,1710,2882,94.68
42155,108,2333,76.68
42155,713,2090,68.68
42155,1801,2182,71.68
42155,1816,1299,42.68
42155,1817,1146,37.68
42155,1898,1876,61.68
64891,1598,3763,123.68
64891,198,3217,105.68
64891,1198,2394,78.68
64891,1798,1845,60.68
31039,426,933,30.68
31039,519,1207,39.68
31039,1105,1725,56.68
31039,1817,1055,34.68
84855,202,1817,59.68
84855,298,1725,56.68
60646,102,2729,89.68
60646,206,841,27.68
60646,405,3551,116.68
60646,407,3551,116.68
60646,1118,2394,78.68
60646,1617,3824,125.68
60646,1798,964,31.68
34852,1898,4798,157.68
85033,304,1238,40.68
19577,604,933,30.68
19577,1605,1360,44.68
43334,306,2182,71.68
43334,1619,2272,74.68
43334,1801,1937,63.68
52524,202,841,27.68
52524,306,1177,38.68
52524,1798,3886,127.68
15084,1637,2791,91.68
11002,504,3582,117.68
11002,504,933,30.68
11002,598,933,30.68
63034,304,1177,38.68
63034,305,1177,38.68
63034,504,3247,106.68
63034,705,2791,91.68
63034,802,1756,57.68
63034,805,1756,57.68
63034,807,1756,57.68
9958,102,1268,41.68
9958,201,1633,53.68
9958,305,2363,77.68
9958,504,3824,125.68
9958,598,2363,77.68
9958,1113,1086,35.68
35191,1801,3582,117.68
35191,1812,2821,92.68
31962,102,1876,61.68
31962,202,6108,200.68
31962,205,1876,61.68
31962,1105,3855,126.68
31962,1113,2394,78.68
31962,1216,1876,61.68
29066,102,1876,61.68
29066,1216,964,31.68
29066,1298,964,31.68
82928,407,2210,72.68
82928,421,1845,60.68
82928,1609,5043,165.68
35298,1605,2425,79.68
35298,1637,2302,75.68
35298,1801,2272,74.68
71524,415,2425,79.68
71524,1801,2394,78.68
15101,1801,1299,42.68
44533,202,1786,58.68
44533,404,1055,34.68
44533,423,2151,70.68
44533,426,2516,82.68
44533,1809,2821,92.68
44533,1812,1756,57.68
44533,1813,1268,41.68
60143,304,1725,56.68
60143,1802,1664,54.68
42946,414,2090,68.68
72465,101,1238,40.68
72465,102,1238,40.68
72465,103,1238,40.68
72465,198,1238,40.68
72465,302,1238,40.68
72465,103,1238,40.68
72465,108,1238,40.68
72465,109,1238,40.68
72465,115,1238,40.68
72465,202,902,29.68
72465,208,994,32.68
72465,421,994,32.68
69090,1198,2607,85.68
69090,1110,2607,85.68
69090,1609,2821,92.68
27927,305,2941,96.68
27927,1801,1695,55.68
20940,1605,1452,47.68
73036,305,2090,68.68
73036,306,2394,78.68
85485,1801,964,31.68
85485,1898,1025,33.68
81325,102,1542,50.68
81325,304,1542,50.68
81325,306,1542,50.68
81325,426,2852,93.68
81325,1113,2455,80.68
81325,1804,3094,101.68
81325,1805,3094,101.68
61766,202,1695,55.68
79263,1630,1055,34.68
10891,203,1360,44.68
10891,1817,1664,54.68
40176,1801,994,32.68
100434,1703,568,18.68
33682,306,1876,61.68
33682,1617,1937,63.68
33682,1626,1238,40.68
57180,412,2486,81.68
57180,415,2486,81.68
62392,498,2913,95.68
62392,1617,1115,36.68
91201,908,1330,43.68
91201,1113,1330,43.68
56021,304,1845,60.68
56021,305,1845,60.68
56021,410,4708,154.68
48290,504,1725,56.68
48290,1605,1511,49.68
97371,304,872,28.68
97371,305,872,28.68
97371,313,3733,122.68
97371,426,933,30.68
97371,1637,3763,123.68
97371,1798,1725,56.68
97371,1817,3490,114.68
97371,1898,3824,125.68
70810,426,933,30.68
70810,1817,1025,33.68
67555,405,1391,45.68
67555,423,1055,34.68
67555,1605,1907,62.68
67555,1701,1299,42.68
57502,1001,3490,114.68
57502,306,1086,35.68
45015,108,1360,44.68
45015,304,1299,42.68
45015,1198,1603,52.68
45015,1617,2913,95.68
45015,1898,1603,52.68
59317,708,1025,33.68
59317,709,1025,33.68
79986,201,1268,41.68
79986,202,2090,68.68
79986,205,1268,41.68
79986,305,1542,50.68
79986,407,2455,80.68
79986,408,2455,80.68
79986,423,2455,80.68
79986,426,2090,68.68
79986,1198,1452,47.68
79986,1619,3368,110.68
72482,304,2090,68.68
72482,398,4525,148.68
72482,411,4555,149.68
72482,423,4374,143.68
72482,498,4494,147.68
72482,1113,1360,44.68
72482,1609,4555,149.68
72482,1616,4555,149.68
72482,1624,4555,149.68
72482,1701,3398,111.68
72482,1798,4252,139.68
72482,1802,2455,80.68
72482,1816,3947,129.68
53538,202,933,30.68
53538,1811,1055,34.68
83837,1805,902,29.68
83837,1813,902,29.68
35174,305,1391,45.68
35174,504,1268,41.68
35174,705,1268,41.68
35174,714,1360,44.68
10907,404,1603,52.68
69908,304,964,31.68
69908,1627,964,31.68
14057,608,964,31.68
14057,916,1968,64.68
14057,1110,964,31.68
14057,1698,964,31.68
14057,1801,3094,101.68
7059,102,2029,66.68
7059,103,2029,66.68
7059,201,2029,66.68
7059,415,1360,44.68
7059,915,1055,34.68
7059,1113,1177,38.68
7059,1801,1299,42.68
57219,102,1664,54.68
57219,203,6169,202.68
57219,205,1238,40.68
57219,304,1238,40.68
57219,305,1603,52.68
57219,514,1603,52.68
57219,908,1603,52.68
57219,1205,1238,40.68
57219,1637,6108,200.68
57219,1701,1391,45.68
65776,714,2182,71.68
69169,411,2363,77.68
69169,598,2363,77.68
69169,798,2333,76.68
69169,998,2333,76.68
69169,1801,2090,68.68
90666,304,872,28.68
90666,411,872,28.68
90666,798,841,27.68
90666,1805,1542,50.68
90666,1815,1756,57.68
69418,298,3186,104.68
69418,605,1876,61.68
69418,804,1480,48.68
69418,1701,1146,37.68
61195,602,902,29.68
61195,1112,902,29.68
37205,411,2151,70.68
37205,1616,2151,70.68
37205,1630,2151,70.68
46367,198,2060,67.68
46367,1801,3003,98.68
54715,498,1664,54.68
79448,413,3247,106.68
79448,798,1391,45.68
79448,1105,1025,33.68
79448,1617,3278,107.68
79448,1622,1756,57.68
79448,1898,1025,33.68
32312,203,1330,43.68
32312,411,933,30.68
32312,412,1452,47.68
32312,1801,1238,40.68
25103,304,964,31.68
25103,305,964,31.68
25103,307,964,31.68
25103,398,964,31.68
25103,405,3247,106.68
25103,406,2090,68.68
25103,412,3551,116.68
25103,423,2821,92.68
25103,426,2363,77.68
25103,432,3582,117.68
25103,708,9150,300.68
25103,712,4068,133.68
25103,1111,1025,33.68
25103,1112,1025,33.68
25103,1198,1025,33.68
25103,1617,1664,54.68
25103,1627,3490,114.68
102579,304,537,17.68
102579,305,780,25.68
102579,307,780,25.68
102579,504,599,19.68
102579,1017,476,15.68
42185,304,1511,49.68
42185,423,2486,81.68
42185,708,2486,81.68
42185,1005,1055,34.68
42185,1617,3490,114.68
30463,102,2029,66.68
30463,304,902,29.68
30463,1298,1756,57.68
30463,1801,4859,159.68
92935,1698,3064,100.68
20136,203,933,30.68
20136,304,2972,97.68
20136,1111,872,28.68
20136,1817,872,28.68
86055,304,1086,35.68
86055,305,1086,35.68
86055,1105,2941,96.68
86055,1798,1725,56.68
86055,1898,2941,96.68
99824,426,1086,35.68
99824,1605,721,23.68
99824,1609,841,27.68
79872,304,3855,126.68
79872,305,3855,126.68
79872,307,3855,126.68
79872,1205,1391,45.68
79872,1298,1391,45.68
79872,1617,4221,138.68
79872,1637,2852,93.68
17990,304,1299,42.68
17990,305,1299,42.68
17990,307,1299,42.68
17990,504,1330,43.68
17990,519,1330,43.68
17990,598,964,31.68
17990,1622,2913,95.68
4785,201,5713,187.68
4785,304,1086,35.68
4785,1617,4586,150.68
4785,1801,2363,77.68
36792,108,1968,64.68
36792,415,1968,64.68
36792,423,1786,58.68
36792,706,1238,40.68
36792,713,1756,57.68
36792,1617,1391,45.68
36792,1622,1603,52.68
36792,1637,1968,64.68
36792,1801,1146,37.68
36792,1812,1603,52.68
36792,1817,1725,56.68
36792,1898,1756,57.68
85744,205,1998,65.68
85744,305,841,27.68
85744,915,1695,55.68
94881,304,1360,44.68
42258,1619,4739,155.68
42258,1640,4767,156.68
42258,1812,4920,161.68
98423,1812,721,23.68
81131,304,3278,107.68
81131,305,3278,107.68
81131,713,3278,107.68
81131,915,2760,90.68
81131,1198,3855,126.68
81131,1803,3855,126.68
81131,1898,3337,109.68
58086,406,994,32.68
58086,428,1268,41.68
58086,915,994,32.68
58086,1110,2302,75.68
86352,423,1360,44.68
31243,1898,1845,60.68
51483,206,1633,53.68
51483,412,5104,167.68
51483,414,2791,91.68
51483,426,5012,164.68
51483,712,5104,167.68
51483,713,4920,161.68
51483,1801,5438,178.68
51483,1812,4190,137.68
58782,304,1480,48.68
58782,305,1480,48.68
58782,306,1480,48.68
58782,415,1480,48.68
58782,423,1480,48.68
88826,304,2941,96.68
88826,305,2941,96.68
88826,432,2363,77.68
88826,1106,1633,53.68
88826,1627,2363,77.68
62844,426,872,28.68
62844,1617,2791,91.68
90634,305,3278,107.68
90634,307,1845,60.68
90634,430,5104,167.68
90634,1616,3429,112.68
7304,110,1146,37.68
7304,198,1146,37.68
7304,305,2272,74.68
7304,1601,1572,51.68
7304,1627,1572,51.68
7304,1701,1207,39.68
7304,1705,1633,53.68
68865,1898,1299,42.68
34577,304,1360,44.68
34577,311,4433,145.68
34577,1617,4221,138.68
79056,108,1086,35.68
79056,305,1480,48.68
79056,410,1330,43.68
79056,809,2972,97.68
79056,1801,2090,68.68
79056,1812,1025,33.68
75417,1198,3855,126.68
75417,406,3763,123.68
75417,1198,3855,126.68
95354,424,1207,39.68
50171,109,1025,33.68
50171,1113,1330,43.68
50171,1704,3977,130.68
50171,1807,2121,69.68
50171,1812,1025,33.68
30727,610,2821,92.68
30727,914,994,32.68
34498,1105,1115,36.68
34498,1110,1115,36.68
34498,1810,3368,110.68
93748,1598,4982,163.68
93748,206,721,23.68
93748,304,1115,36.68
93748,305,1845,60.68
93748,307,1845,60.68
93748,498,2210,72.68
93748,1105,3855,126.68
93748,1110,5012,164.68
93748,1112,3763,123.68
93748,1198,1238,40.68
93748,1710,3855,126.68
93748,1801,4951,162.68
102813,1304,2941,96.68
89278,202,3459,113.68
66039,423,1725,56.68
98236,426,1177,38.68
98236,1627,1452,47.68
30658,201,3033,99.68
30658,412,1207,39.68
30658,1817,964,31.68
57608,1709,1360,44.68
16587,202,933,30.68
16587,305,2060,67.68
16587,313,2060,67.68
16587,423,964,31.68
16587,1622,2060,67.68
16587,1637,2060,67.68
16587,1809,2060,67.68
61533,307,811,26.68
61533,1110,811,26.68
61533,1813,811,26.68
17814,398,994,32.68
17814,707,1268,41.68
43851,304,1055,34.68
43851,398,4678,153.68
43851,1113,1055,34.68
43851,1605,3763,123.68
43851,1706,1998,65.68
43851,1803,4678,153.68
43851,1898,4678,153.68
85527,304,2576,84.68
85527,306,2576,84.68
85527,1637,1452,47.68
46967,504,3582,117.68
68551,1630,1207,39.68
68551,1701,1025,33.68
95998,1617,749,24.68
95998,1634,780,25.68
95998,1705,690,22.68
33839,298,568,18.68
18563,198,1360,44.68
18563,428,2455,80.68
25435,1616,1268,41.68
84269,405,2151,70.68
84269,426,2151,70.68
84269,1617,2791,91.68
84269,1622,872,28.68
59238,423,872,28.68
52854,305,1299,42.68
52854,306,1299,42.68
52854,307,1299,42.68
52854,412,3278,107.68
52854,426,3186,104.68
52854,1113,964,31.68
52854,1605,1603,52.68
52854,1617,964,31.68
93356,1617,1845,60.68
93356,1817,780,25.68
61755,1015,1268,41.68
54949,108,1268,41.68
54949,304,1115,36.68
54949,305,1968,64.68
54949,1111,1937,63.68
54949,1701,2913,95.68
90480,713,933,30.68
83525,305,994,32.68
83525,306,994,32.68
83525,1117,2760,90.68
83525,1609,1421,46.68
83525,1616,3217,105.68
83525,1798,1330,43.68
26776,714,2182,71.68
26776,1208,1725,56.68
29735,1617,3702,121.68
29735,1701,3368,110.68
42318,401,2272,74.68
42318,406,1299,42.68
42318,412,1937,63.68
42318,423,2151,70.68
42318,426,994,32.68
42318,1637,2272,74.68
42318,1701,1542,50.68
42318,1703,1695,55.68
42318,1709,1238,40.68
69990,1614,1968,64.68
97370,304,1511,49.68
97370,406,1511,49.68
97370,415,1511,49.68
97370,712,3702,121.68
97370,1298,1725,56.68
10839,198,3064,100.68
10839,206,4555,149.68
10839,411,2333,76.68
10839,1105,3247,106.68
10839,1617,6108,200.68
10839,1622,5986,196.68
10839,1813,5194,170.68
54089,1634,1299,42.68
54089,1801,1633,53.68
32230,102,1238,40.68
32230,205,1238,40.68
32230,304,1238,40.68
32230,305,1238,40.68
32230,908,1603,52.68
77916,411,1268,41.68
77916,1801,1542,50.68
94368,305,1756,57.68
94368,306,4647,152.68
94368,411,2029,66.68
94368,432,721,23.68
94368,504,2363,77.68
94368,519,2363,77.68
94368,608,872,28.68
94368,1627,2852,93.68
94368,1637,5804,190.68
94368,1698,5804,190.68
94368,1801,2972,97.68
94368,1817,872,28.68
57798,405,933,30.68
57798,1627,1268,41.68
40399,408,3033,99.68
40399,423,2699,88.68
40399,426,2791,91.68
40399,916,2699,88.68
40399,1801,3612,118.68
40399,1816,2821,92.68
46293,304,1177,38.68
46293,311,2182,71.68
46293,498,1360,44.68
46293,719,1998,65.68
46293,809,2029,66.68
46293,916,872,28.68
46293,1898,2394,78.68
13369,507,1299,42.68
13369,601,1177,38.68
13369,602,1177,38.68
13369,607,1177,38.68
13369,1117,1115,36.68
34607,305,1817,59.68
34607,306,1817,59.68
34607,1112,902,29.68
34607,1117,1572,51.68
34607,1605,1603,52.68
34607,1617,1695,55.68
34607,1801,1756,57.68
63770,110,2394,78.68
63770,112,2394,78.68
63770,713,2547,83.68
63770,1106,1786,58.68
63770,1804,2455,80.68
63770,1810,2455,80.68
63770,1813,1998,65.68
48065,715,1360,44.68
46708,202,1055,34.68
46708,1105,1177,38.68
46708,1312,2241,73.68
13985,1617,1299,42.68
8350,498,1603,52.68
8350,708,1664,54.68
8350,713,4374,143.68
8350,915,1817,59.68
8350,1105,1511,49.68
8350,1312,1511,49.68
76497,102,1115,36.68
76497,304,2972,97.68
76497,305,1299,42.68
76497,1801,1238,40.68
78469,1703,2182,71.68
78469,1817,1572,51.68
82442,111,5224,171.68
82442,202,4586,150.68
82442,304,1725,56.68
82442,305,2090,68.68
82442,1817,1786,58.68
10994,307,1360,44.68
10994,1619,2394,78.68
93343,102,2241,73.68
93343,201,1511,49.68
93343,605,841,27.68
93343,1605,841,27.68
92828,705,872,28.68
95444,704,3033,99.68
95444,202,1025,33.68
95444,406,721,23.68
95444,426,2516,82.68
95444,1617,2941,96.68
95444,1801,2486,81.68
65915,498,1268,41.68
65915,1605,1086,35.68
65915,1801,872,28.68
5016,1009,1268,41.68
58778,108,1845,60.68
58778,428,3337,109.68
58778,432,3612,118.68
58778,798,3186,104.68
58778,1898,1876,61.68
71165,408,1633,53.68
71165,423,1330,43.68
71165,426,1330,43.68
71165,712,1633,53.68
71165,1801,1330,43.68
10131,1106,933,30.68
10131,1701,5132,168.68
89533,304,2486,81.68
89533,305,2090,68.68
89533,428,3337,109.68
32426,202,2941,96.68
32426,304,2882,94.68
32426,406,3217,105.68
32426,423,3217,105.68
44959,305,1786,58.68
44959,610,1330,43.68
44959,1605,1391,45.68
44959,1801,902,29.68
6967,1801,4282,140.68
74794,423,1299,42.68
92415,104,1055,34.68
92415,305,1391,45.68
92415,405,4647,152.68
92415,407,1055,34.68
92415,511,1817,59.68
92415,1010,4282,140.68
92415,1701,933,30.68
40822,305,1238,40.68
40822,426,902,29.68
40822,504,1603,52.68
59432,1627,2607,85.68
6264,428,1086,35.68
6264,803,1238,40.68
84238,1801,721,23.68
30723,304,1115,36.68
30723,305,1115,36.68
30723,306,1115,36.68
30723,307,1115,36.68
30723,428,1115,36.68
30723,1106,1115,36.68
52726,305,3125,102.68
52726,306,3125,102.68
52726,311,3125,102.68
52726,407,2425,79.68
52726,708,3337,109.68
52726,1112,2425,79.68
52726,1609,3337,109.68
52726,1817,1603,52.68
60870,712,2516,82.68
60870,1617,2547,83.68
60870,1698,2486,81.68
92228,1812,1633,53.68
92228,1813,933,30.68
92228,1817,1330,43.68
49838,1598,902,29.68
49838,1705,902,29.68
55532,305,1756,57.68
55532,1215,3337,109.68
55532,1617,1025,33.68
55532,1905,4160,136.68
81082,198,933,30.68
81082,303,3003,98.68
81082,112,933,30.68
81082,412,3337,109.68
81082,423,3337,109.68
50128,1634,1330,43.68
90126,504,1146,37.68
90126,306,1146,37.68
90126,504,1146,37.68
90126,1634,1146,37.68
90126,1898,1146,37.68
11201,415,1146,37.68
12210,601,5012,164.68
12210,202,4525,148.68
12210,1616,4798,157.68
14346,305,1146,37.68
70150,406,1633,53.68
70150,423,1633,53.68
70150,426,1633,53.68
70150,1215,1391,45.68
17992,1801,902,29.68
77671,305,2547,83.68
77671,510,5835,191.68
77671,1113,1025,33.68
77671,1616,5925,194.68
77671,1634,5925,194.68
77671,1801,4343,142.68
77671,1813,7174,235.68
86904,705,841,27.68
86904,710,841,27.68
86904,1637,964,31.68
53775,203,2029,66.68
16537,108,841,27.68
16537,305,1207,39.68
16537,428,841,27.68
91309,406,5043,165.68
91309,426,5043,165.68
91309,1619,5377,176.68
91309,1898,5285,173.68
55984,1801,1511,49.68
88438,1637,2121,69.68
70686,1898,1055,34.68
37989,1617,2516,82.68
60250,1616,1025,33.68
60250,1626,2972,97.68
72294,1210,1177,38.68
72294,1630,2821,92.68
72294,1898,1177,38.68
86538,205,1511,49.68
86538,307,4798,157.68
86538,1801,2090,68.68
64018,1801,1907,62.68
64018,1813,1572,51.68
64018,1817,1695,55.68
97030,1605,2363,77.68
97030,1817,1330,43.68
90068,307,2182,71.68
90068,1106,2182,71.68
90068,1112,2182,71.68
90068,1312,2913,95.68
90068,1398,2913,95.68
2985,107,5163,169.68
2985,202,2913,95.68
2985,305,1330,43.68
2985,705,3886,127.68
2985,1216,841,27.68
2985,1217,841,27.68
41386,304,2882,94.68
41386,305,2882,94.68
41386,306,2455,80.68
41386,313,4829,158.68
41386,803,902,29.68
41386,1801,3459,113.68
41386,1812,2547,83.68
41386,1817,4647,152.68
3679,304,1086,35.68
3679,405,1238,40.68
3679,426,1238,40.68
3679,708,2029,66.68
82962,202,872,28.68
82962,426,902,29.68
82962,705,2972,97.68
82962,1098,3429,112.68
82962,1609,964,31.68
96211,305,780,25.68
96211,306,780,25.68
96211,411,933,30.68
96211,498,1876,61.68
96211,714,994,32.68
96211,914,1817,59.68
20441,102,2607,85.68
20441,715,1115,36.68
87824,305,1695,55.68
87824,313,5955,195.68
87824,504,994,32.68
87824,916,902,29.68
11792,116,1055,34.68
11792,305,1115,36.68
11792,306,2455,80.68
11792,412,4647,152.68
65241,102,1725,56.68
65241,1801,1876,61.68
54617,1701,1817,59.68
54617,1804,1603,52.68
54617,1812,1603,52.68
102166,407,537,17.68
32387,405,4464,146.68
32387,1801,3886,127.68
32387,1802,1664,54.68
32387,1898,1452,47.68
43844,202,6808,223.68
43844,405,6473,212.68
43844,1105,3217,105.68
43844,1801,6473,212.68
47115,915,1025,33.68
47115,916,1025,33.68
8462,426,1330,43.68
8462,916,4767,156.68
8462,1817,2913,95.68
87807,101,1511,49.68
87807,202,1511,49.68
87807,304,1511,49.68
87807,305,1511,49.68
87807,1198,1511,49.68
87807,1898,1511,49.68
95130,304,1115,36.68
95130,426,2607,85.68
95130,1605,1238,40.68
3914,304,1299,42.68
3914,423,2090,68.68
3914,1812,1391,45.68
91057,202,872,28.68
91057,708,841,27.68
44354,407,1086,35.68
44354,424,1086,35.68
44354,1701,933,30.68
48334,1803,2394,78.68
48334,1898,1238,40.68
96371,1708,2455,80.68
80891,602,2210,72.68
819,708,2941,96.68
819,713,2425,79.68
819,1105,1786,58.68
819,1605,2791,91.68
35758,423,1238,40.68
4222,108,1360,44.68
4222,424,933,30.68
4222,1198,1603,52.68
47232,798,2486,81.68
47232,305,1115,36.68
47232,804,2486,81.68
18718,426,933,30.68
18718,713,1055,34.68
96785,304,2607,85.68
96785,305,2607,85.68
81425,305,4402,144.68
81425,398,4402,144.68
81425,914,1421,46.68
81425,1617,3916,128.68
1163,1113,933,30.68
79660,409,1421,46.68
79660,1112,1480,48.68
79660,1117,1480,48.68
79660,1198,1480,48.68
79660,1805,2729,89.68
79660,1810,2729,89.68
79660,1902,1421,46.68
76733,305,1207,39.68
15996,1617,1817,59.68
15996,1701,1633,53.68
7863,1801,1452,47.68
41115,202,1817,59.68
41115,412,1695,55.68
41115,705,1664,54.68
41115,712,1817,59.68
41115,1015,2182,71.68
88871,108,872,28.68
88871,1634,964,31.68
82092,1698,1725,56.68
72761,102,2151,70.68
72761,205,2516,82.68
72761,427,2516,82.68
72761,915,1391,45.68
72761,1113,1786,58.68
72761,1815,1421,46.68
89883,205,1177,38.68
89883,304,1452,47.68
91097,1298,3612,118.68
91097,305,2821,92.68
91097,306,2821,92.68
91097,1215,3612,118.68
91097,1898,4313,141.68
8921,305,1086,35.68
8921,306,1086,35.68
8921,1113,2729,89.68
8921,1801,1025,33.68
8921,1817,1756,57.68
102075,104,1025,33.68
102075,107,1025,33.68
102075,108,1025,33.68
102075,201,1025,33.68
102075,305,1025,33.68
25421,1630,3247,106.68
76272,1630,3278,107.68
97168,202,749,24.68
97168,412,749,24.68
97168,423,749,24.68
97168,424,749,24.68
97168,1701,811,26.68
97168,1705,1330,43.68
97978,206,872,28.68
97978,305,2607,85.68
97978,307,1603,52.68
97978,1113,6290,206.68
97978,1617,872,28.68
42111,412,1086,35.68
42111,1005,1421,46.68
42111,1617,3186,104.68
42111,1810,1725,56.68
376,108,1452,47.68
59245,1102,5132,168.68
59245,101,4313,141.68
59245,206,1115,36.68
59245,306,1968,64.68
59245,425,5073,166.68
59245,705,1086,35.68
59245,709,994,32.68
59245,1627,3582,117.68
59245,1810,4313,141.68
80983,202,1025,33.68
80983,1798,2486,81.68
84819,1016,994,32.68
84819,1801,3855,126.68
89366,102,2090,68.68
89366,104,2090,68.68
89366,707,2455,80.68
89366,898,2455,80.68
7305,101,1695,55.68
7305,411,2455,80.68
7305,1113,1238,40.68
7305,1605,5377,176.68
7305,1634,6078,199.68
7305,1801,4829,158.68
29506,1617,1055,34.68
15659,1612,1756,57.68
15659,1701,1055,34.68
15659,1703,1725,56.68
86343,108,994,32.68
89866,1898,1360,44.68
75934,1113,964,31.68
40707,1617,1695,55.68
40707,1637,1391,45.68
40707,1813,1421,46.68
20482,202,2425,79.68
20482,406,1542,50.68
20482,426,2516,82.68
15269,1812,1025,33.68
78146,1617,1177,38.68
23332,102,2090,68.68
23332,115,2090,68.68
23332,406,1511,49.68
23332,428,1511,49.68
23332,713,1998,65.68
23332,809,1207,39.68
23332,1617,2241,73.68
64309,809,1664,54.68
64309,1627,2029,66.68
64309,1816,3186,104.68
70684,304,1603,52.68
70684,305,1603,52.68
70684,406,8696,285.68
70684,407,1025,33.68
70684,423,1025,33.68
70684,910,1511,49.68
70684,998,1511,49.68
27009,1609,1238,40.68
27009,1616,1238,40.68
27009,1617,1238,40.68
27009,1622,1238,40.68
27009,1634,1238,40.68
27009,1640,1238,40.68
27009,1798,964,31.68
43450,112,2972,97.68
43450,202,1391,45.68
97641,305,2272,74.68
97641,306,2272,74.68
97641,307,1207,39.68
89935,102,2182,71.68
89935,307,872,28.68
89935,411,1268,41.68
89935,432,902,29.68
89935,612,1817,59.68
89935,1617,2729,89.68
89935,1637,3064,100.68
96888,498,2241,73.68
96888,698,2607,85.68
96888,998,3278,107.68
96888,1113,749,24.68
96888,1617,2607,85.68
52985,1815,1330,43.68
27633,102,2029,66.68
27633,203,5621,184.68
27633,304,2729,89.68
27633,398,2333,76.68
27633,405,6990,229.68
27633,407,6990,229.68
27633,412,6990,229.68
27633,1298,1633,53.68
27633,1701,6412,210.68
27633,1705,5986,196.68
27633,1710,7082,232.68
27633,1798,6108,200.68
68125,1801,933,30.68
93078,107,3582,117.68
4150,1801,2210,72.68
90962,423,629,20.68
90962,1813,721,23.68
78766,915,1480,48.68
18261,915,1086,35.68
37932,202,3521,115.68
37932,206,2729,89.68
37932,411,2394,78.68
37932,1118,2425,79.68
37932,1415,2516,82.68
37932,1803,6808,223.68
37932,1815,7204,236.68
87657,1637,1238,40.68
87198,198,1968,64.68
87198,1614,1968,64.68
87198,1637,1360,44.68
70951,201,1725,56.68
70951,304,5132,168.68
70951,305,5132,168.68
70951,504,1968,64.68
70951,512,1756,57.68
70951,1113,902,29.68
70951,1117,5132,168.68
96260,713,2760,90.68
23761,713,1360,44.68
90384,916,1421,46.68
90384,1609,3459,113.68
90384,1617,2913,95.68
90384,1801,3125,102.68
90384,1817,2516,82.68
56726,425,4099,134.68
56726,504,2516,82.68
18807,108,902,29.68
18807,304,1664,54.68
18807,311,2913,95.68
18807,498,1452,47.68
18807,705,2394,78.68
97869,411,1876,61.68
97869,1634,2972,97.68
97869,1817,1511,49.68
11567,1617,2852,93.68
11567,1704,2699,88.68
11567,1798,2852,93.68
11567,1812,2486,81.68
3993,102,4068,133.68
3993,306,1845,60.68
3993,1215,1968,64.68
3993,1298,1968,64.68
3993,1304,2638,86.68
3993,1905,1756,57.68
36271,306,2121,69.68
36271,426,3156,103.68
36271,498,2121,69.68
24499,1198,964,31.68
10621,1110,1055,34.68
10621,1113,1055,34.68
54814,306,2882,94.68
54814,426,2729,89.68
54814,1113,1146,37.68
75848,414,964,31.68
75848,1615,2455,80.68
37138,1615,1177,38.68
93386,304,1542,50.68
93386,305,1572,51.68
93386,1113,1907,62.68
93386,1812,841,27.68
73559,1106,1511,49.68
73559,1112,1511,49.68
73559,1113,1511,49.68
45379,102,2182,71.68
45379,201,1817,59.68
45379,304,6593,216.68
45379,305,4739,155.68
45379,306,2210,72.68
45379,805,2941,96.68
45379,809,4767,156.68
45379,908,2607,85.68
45379,1701,7904,259.68
45379,1801,7661,251.68
45379,1898,6624,217.68
49542,1630,2241,73.68
80648,1898,4464,146.68
83640,915,1633,53.68
83640,1622,1268,41.68
88218,306,1998,65.68
88218,1622,4190,137.68
88218,1816,841,27.68
80887,108,1421,46.68
80887,705,902,29.68
80887,1198,1452,47.68
80887,1619,1664,54.68
80887,1701,1207,39.68
46145,412,4374,143.68
46145,1898,3186,104.68
65179,202,4678,153.68
65179,307,1421,46.68
65179,1617,4920,161.68
61936,410,4647,152.68
61936,504,994,32.68
61936,708,5132,168.68
61936,1112,994,32.68
61936,1215,4798,157.68
61936,1216,1452,47.68
78656,306,1695,55.68
78656,915,3977,130.68
78656,1015,2821,92.68
85808,103,1695,55.68
85808,512,1786,58.68
85808,516,1786,58.68
85808,1617,5651,185.68
85808,1622,5651,185.68
85808,1817,2791,91.68
100804,1805,2425,79.68
84410,1605,1115,36.68
17801,1215,1603,52.68
17801,1801,1968,64.68
29175,304,2182,71.68
29175,305,2182,71.68
29175,307,2182,71.68
92018,306,2210,72.68
92018,610,2029,66.68
92018,1617,2151,70.68
92018,1701,1817,59.68
92018,1703,3156,103.68
92018,1813,2821,92.68
92018,1898,2394,78.68
89666,104,872,28.68
6231,304,1817,59.68
6231,305,1817,59.68
4151,1701,1146,37.68
4151,1801,1572,51.68
70307,298,933,30.68
70307,1110,4647,152.68
70307,1113,3064,100.68
96674,1215,841,27.68
20719,306,1115,36.68
20719,407,2363,77.68
20719,423,1998,65.68
20719,504,1207,39.68
20719,1105,2363,77.68
20719,1801,1756,57.68
20719,1803,2333,76.68
20719,1812,1817,59.68
84839,411,841,27.68
84839,916,1360,44.68
84839,1407,1360,44.68
84839,1805,1330,43.68
12825,916,1115,36.68
12825,1105,2791,91.68
12825,1312,2241,73.68
85277,1198,994,32.68
45615,408,2090,68.68
45615,1708,5255,172.68
55323,1612,1998,65.68
55323,1622,1998,65.68
55323,1637,1998,65.68
55323,1801,1876,61.68
97089,1798,690,22.68
67792,305,1115,36.68
67792,798,2090,68.68
90645,1110,2455,80.68
90645,1634,2060,67.68
90645,1640,2060,67.68
90645,1898,1725,56.68
85596,205,1876,61.68
85596,304,2972,97.68
85596,307,2972,97.68
85596,313,5925,194.68
85596,512,2425,79.68
85596,1111,2090,68.68
85596,1498,3186,104.68
85596,1998,3186,104.68
65488,198,1146,37.68
65488,306,1025,33.68
65488,1998,2241,73.68
13201,1801,2394,78.68
13201,1809,3886,127.68
80703,202,2151,70.68
80703,1801,6624,217.68
25772,202,2060,67.68
25772,1110,2425,79.68
25772,1305,1695,55.68
25772,1604,4221,138.68
45691,201,994,32.68
45691,305,2729,89.68
45691,510,2729,89.68
45691,803,2729,89.68
45691,1106,2729,89.68
34201,1108,1664,54.68
34201,1810,964,31.68
87834,305,1177,38.68
12064,112,1907,62.68
49380,411,2333,76.68
49380,1813,2210,72.68
62726,304,2029,66.68
62726,305,2029,66.68
62726,798,4190,137.68
62726,1617,4433,145.68
63581,398,964,31.68
84418,1617,4160,136.68
96780,423,3064,100.68
96780,424,3064,100.68
96780,712,3064,100.68
96780,915,749,24.68
69760,101,1177,38.68
69760,102,3947,129.68
69760,103,1177,38.68
69760,202,4708,154.68
69760,304,2668,87.68
69760,305,1603,52.68
69760,406,1391,45.68
69760,426,5043,165.68
69760,712,4829,158.68
69760,714,994,32.68
69760,916,3824,125.68
69760,998,902,29.68
69760,1701,2941,96.68
69760,1708,1968,64.68
69760,1798,3247,106.68
85185,504,5955,195.68
85185,102,2060,67.68
85185,201,1876,61.68
85185,304,2791,91.68
85185,398,1268,41.68
85185,504,5955,195.68
85185,1205,964,31.68
85185,1216,1115,36.68
85185,1701,5894,193.68
93730,1617,3156,103.68
79643,1617,1725,56.68
66342,1605,2455,80.68
66342,1637,2486,81.68
59685,1813,4586,150.68
57709,304,1876,61.68
57709,305,1876,61.68
57709,1113,2241,73.68
57709,1215,2241,73.68
57709,1312,1876,61.68
85723,198,1207,39.68
85723,205,1695,55.68
85723,305,4343,142.68
85723,398,4343,142.68
85723,712,4739,155.68
85723,1215,1238,40.68
85723,1817,5012,164.68
85723,1898,4464,146.68
97376,304,902,29.68
69977,304,1025,33.68
69977,305,1025,33.68
69977,707,1207,39.68
69977,708,994,32.68
69977,709,994,32.68
69977,914,1207,39.68
90090,1113,1421,46.68
63988,1017,1817,59.68
10569,432,994,32.68
10569,1698,4068,133.68
10569,1805,1907,62.68
47363,102,2486,81.68
47363,304,4099,134.68
47363,305,1360,44.68
47363,908,872,28.68
48395,205,1207,39.68
48395,304,1907,62.68
48395,410,2852,93.68
48395,709,1452,47.68
48395,710,1633,53.68
48395,809,1452,47.68
48395,1113,1511,49.68
48395,1216,964,31.68
48395,1640,1025,33.68
48395,1801,1572,51.68
48395,1817,2455,80.68
62626,108,1086,35.68
62626,1701,4099,134.68
62626,1812,3916,128.68
19848,305,964,31.68
19848,307,964,31.68
19848,1701,1572,51.68
46169,398,5713,187.68
46169,1598,5529,181.68
46169,305,1330,43.68
46169,313,5713,187.68
46169,408,1268,41.68
46169,1215,5529,181.68
46169,1623,1330,43.68
46169,1898,5560,182.68
50187,305,1330,43.68
50187,1312,1572,51.68
97449,406,1817,59.68
97449,1798,1786,58.68
48198,304,872,28.68
48198,305,872,28.68
48198,411,1998,65.68
48198,504,1998,65.68
48198,1113,1786,58.68
29632,305,2121,69.68
29632,306,2121,69.68
74687,414,994,32.68
74687,1812,3794,124.68
68817,428,1025,33.68
101988,1630,2182,71.68
101988,1898,2060,67.68
5122,1605,841,27.68
21052,104,1238,40.68
21052,708,1177,38.68
21052,1701,1299,42.68
59712,202,1238,40.68
59712,1198,4252,139.68
59712,1637,1146,37.68
65761,910,1664,54.68
65761,1098,1664,54.68
38002,1817,1299,42.68
65435,598,4464,146.68
65435,1619,4525,148.68
51945,304,1845,60.68
51945,305,1756,57.68
51945,398,1845,60.68
51945,411,1817,59.68
51945,498,1756,57.68
51945,998,994,32.68
51945,1113,1480,48.68
41567,102,2852,93.68
41567,304,2607,85.68
41567,426,2486,81.68
41567,708,902,29.68
41567,1198,2121,69.68
41567,1803,1115,36.68
88828,1617,4859,159.68
88828,1622,4859,159.68
88828,1627,3247,106.68
84900,406,1817,59.68
84900,709,1360,44.68
84900,1812,1817,59.68
86999,398,1968,64.68
86999,1616,2210,72.68
86999,1637,2210,72.68
36412,305,2516,82.68
36412,404,2333,76.68
36412,405,2333,76.68
36412,708,1998,65.68
36412,1605,2302,75.68
31375,298,2090,68.68
31375,304,994,32.68
47799,404,1238,40.68
47799,405,1238,40.68
47799,407,1238,40.68
91710,205,964,31.68
91710,304,1998,65.68
91710,307,1998,65.68
91710,1113,1633,53.68
91710,1601,4555,149.68
91710,1812,4920,161.68
64893,108,1572,51.68
64893,404,1572,51.68
64893,712,1572,51.68
77020,305,1480,48.68
77020,705,1633,53.68
77020,1817,841,27.68
77020,1898,1268,41.68
41181,428,933,30.68
41181,713,4099,134.68
41181,1105,1786,58.68
41181,1112,1146,37.68
86925,104,4982,163.68
86925,109,1207,39.68
86925,112,4525,148.68
86925,304,902,29.68
86925,305,902,29.68
86925,405,4982,163.68
86925,410,994,32.68
86925,1637,4982,163.68
86925,1640,4982,163.68
59954,202,1725,56.68
59954,205,1268,41.68
59954,304,1360,44.68
59954,305,1360,44.68
59954,809,1086,35.68
59954,908,1360,44.68
59954,1703,3551,116.68
59954,1803,6504,213.68
59954,1817,1025,33.68
9909,411,2060,67.68
9909,432,964,31.68
9909,1414,1421,46.68
76640,608,964,31.68
76640,1211,964,31.68
76640,1634,4464,146.68
78393,306,1146,37.68
78393,398,1391,45.68
78393,709,1511,49.68
78393,1798,933,30.68
2396,203,1817,59.68
2396,411,1633,53.68
2396,1813,902,29.68
2396,1898,872,28.68
86411,1705,994,32.68
29384,498,2425,79.68
29384,1798,2547,83.68
102179,304,1664,54.68
102179,305,1664,54.68
102179,504,2821,92.68
102179,705,4282,140.68
102179,809,4647,152.68
102179,1304,2760,90.68
102179,1801,476,15.68
91659,304,1299,42.68
91659,307,1299,42.68
91659,1898,2607,85.68
91159,102,3247,106.68
91159,119,3247,106.68
91159,406,5377,176.68
91159,426,5377,176.68
91159,1701,2638,86.68
91159,1801,3855,126.68
41262,705,2821,92.68
62253,1801,2029,66.68
62253,1813,2210,72.68
78189,102,1756,57.68
78189,398,1664,54.68
78189,414,2607,85.68
78189,1801,1391,45.68
78189,1802,1756,57.68
78189,1814,1756,57.68
78189,1817,1207,39.68
72388,504,2972,97.68
72388,410,1725,56.68
72388,1215,1725,56.68
96866,198,721,23.68
2826,705,1086,35.68
2826,1801,1725,56.68
68116,1898,964,31.68
87442,432,1268,41.68
87442,1801,1572,51.68
17043,916,1572,51.68
17043,1105,2394,78.68
17043,1605,3702,121.68
17043,1817,1360,44.68
57215,405,1452,47.68
96920,504,1845,60.68
96920,508,1511,49.68
96920,412,1845,60.68
96920,428,1845,60.68
96920,504,1845,60.68
96920,510,1511,49.68
96920,598,1511,49.68
96920,712,1845,60.68
96920,1298,933,30.68
96920,1617,902,29.68
87556,1198,1421,46.68
87556,429,994,32.68
87556,798,872,28.68
87556,1110,1452,47.68
2044,108,1177,38.68
2044,1704,1391,45.68
11853,305,1268,41.68
11853,306,1299,42.68
11853,1617,2425,79.68
23483,305,1360,44.68
90102,198,2090,68.68
90102,305,1480,48.68
90102,306,1480,48.68
90102,1198,1845,60.68
88193,1627,1330,43.68
1081,1802,1756,57.68
82734,305,902,29.68
54238,206,1391,45.68
16400,1605,2182,71.68
51623,1609,1756,57.68
100219,1105,1937,63.68
100219,1810,2576,84.68
26856,1617,660,21.68
26856,1998,660,21.68
97536,304,1146,37.68
97536,305,1146,37.68
97536,307,1146,37.68
97536,398,780,25.68
72503,1801,1115,36.68
24725,398,902,29.68
24725,911,1055,34.68
85082,709,1360,44.68
68457,432,1360,44.68
11894,1801,2486,81.68
76604,1705,1238,40.68
61237,1110,1725,56.68
61237,1605,1330,43.68
61237,1637,1817,59.68
70258,304,1360,44.68
70258,1898,4037,132.68
94505,115,1086,35.68
94505,304,4555,149.68
94505,428,902,29.68
94505,1110,4920,161.68
94505,1113,4920,161.68
94505,1622,4708,154.68
22440,306,1238,40.68
22440,311,3125,102.68
22440,1898,1238,40.68
12676,304,1542,50.68
12676,428,1572,51.68
12676,713,872,28.68
12676,1605,1998,65.68
92478,304,1786,58.68
92478,305,1786,58.68
92478,1118,2516,82.68
92478,1701,1542,50.68
44150,412,1115,36.68
44150,1105,2425,79.68
44150,1113,2425,79.68
95867,1801,811,26.68
95867,1813,690,22.68
12925,108,3824,125.68
12925,202,2729,89.68
12925,411,3916,128.68
12925,432,3217,105.68
12925,1634,3855,126.68
12925,1703,3582,117.68
12925,1812,3186,104.68
82746,104,1695,55.68
82746,511,1330,43.68
82746,1105,1238,40.68
82746,1117,1238,40.68
82746,1703,1360,44.68
98430,798,2210,72.68
98430,1607,2302,75.68
98430,1617,2302,75.68
98430,1626,2272,74.68
3322,412,2972,97.68
3322,712,3702,121.68
3322,1810,2699,88.68
3042,305,1268,41.68
3042,1112,964,31.68
3042,1812,1817,59.68
35483,306,1876,61.68
35483,1605,1115,36.68
993,102,1146,37.68
993,304,1177,38.68
993,305,1115,36.68
993,1617,4829,158.68
993,1701,1876,61.68
993,1801,4708,154.68
993,1803,4829,158.68
993,1804,4829,158.68
79711,398,2821,92.68
79711,310,2821,92.68
79711,1605,1876,61.68
79711,1710,1360,44.68
27983,298,1330,43.68
66531,304,1055,34.68
66531,1111,1817,59.68
66531,1113,1055,34.68
66531,1801,1756,57.68
66531,1898,964,31.68
74876,304,1115,36.68
79735,304,1025,33.68
79735,504,3368,110.68
79735,916,3368,110.68
79735,1601,3368,110.68
4637,1215,1360,44.68
39938,102,3003,98.68
39938,201,1330,43.68
39938,398,3003,98.68
39938,426,2882,94.68
39938,432,994,32.68
39938,1106,2821,92.68
39938,1619,3033,99.68
39938,1637,2821,92.68
40865,1605,2516,82.68
63641,1605,1786,58.68
14761,304,1452,47.68
60380,1609,2272,74.68
89229,202,2121,69.68
89229,1605,1968,64.68
96405,1701,964,31.68
96405,1704,1633,53.68
96405,1801,2029,66.68
96405,1898,1756,57.68
58149,304,1115,36.68
58149,305,1695,55.68
58149,504,1695,55.68
58149,519,1115,36.68
58149,605,1115,36.68
40571,120,1055,34.68
40571,204,1055,34.68
40571,498,933,30.68
40571,712,964,31.68
40571,1116,1146,37.68
40571,1605,964,31.68
40571,1616,1238,40.68
40571,1817,994,32.68
40571,1898,964,31.68
47525,306,2182,71.68
47525,1634,4739,155.68
88653,708,1025,33.68
88653,719,1025,33.68
88653,809,1025,33.68
88653,1112,872,28.68
88653,1312,1876,61.68
43650,407,1086,35.68
43650,1105,4068,133.68
43650,1109,4068,133.68
43650,1113,2241,73.68
87219,1634,902,29.68
101884,708,599,19.68
101884,1609,749,24.68
101884,1617,599,19.68
94384,201,1876,61.68
94384,305,1025,33.68
94384,710,1025,33.68
91961,198,994,32.68
91961,1312,2182,71.68
91961,1898,2729,89.68
8476,1637,1268,41.68
1446,305,1725,56.68
1446,306,1725,56.68
1446,714,872,28.68
1446,809,3521,115.68
72486,404,1725,56.68
72486,424,1725,56.68
72486,498,1695,55.68
72486,1616,1299,42.68
72486,1622,1299,42.68
72486,1634,1299,42.68
8931,1105,994,32.68
8931,1198,994,32.68
8931,1898,994,32.68
17280,1605,1664,54.68
17280,1617,1725,56.68
6602,102,1725,56.68
6602,104,4068,133.68
6602,108,3763,123.68
6602,109,3824,125.68
6602,198,4068,133.68
6602,202,2455,80.68
6602,205,994,32.68
6602,304,964,31.68
6602,305,1452,47.68
6602,306,964,31.68
6602,307,3337,109.68
6602,312,3521,115.68
6602,498,4068,133.68
6602,601,2972,97.68
6602,809,5073,166.68
6602,1098,5224,171.68
6602,1111,3521,115.68
6602,1803,964,31.68
6602,1817,2638,86.68
84542,801,4068,133.68
84542,1298,4068,133.68
84542,304,2210,72.68
84542,898,3702,121.68
84542,1215,3702,121.68
41850,915,3217,105.68
41850,1798,3429,112.68
74932,1015,1511,49.68
56241,902,1998,65.68
56241,902,1998,65.68
5716,304,2547,83.68
5716,414,1572,51.68
5716,1110,1572,51.68
5716,1118,1572,51.68
5716,1816,3094,101.68
93723,432,4008,131.68
93723,1198,1238,40.68
58621,1198,811,26.68
56873,304,2486,81.68
56873,428,1421,46.68
56873,898,1756,57.68
56873,1640,5043,165.68
56873,1817,2455,80.68
70837,713,1633,53.68
70837,1605,2333,76.68
24730,202,1025,33.68
24730,423,1238,40.68
24730,1619,2425,79.68
38490,304,1115,36.68
38490,1605,841,27.68
67008,306,2182,71.68
67008,1801,2151,70.68
86637,311,1360,44.68
22946,108,1937,63.68
22946,304,537,17.68
22946,307,537,17.68
22946,405,2852,93.68
22946,423,841,27.68
22946,803,690,22.68
22946,1106,1725,56.68
22946,1108,2090,68.68
22946,1111,2090,68.68
22946,1112,690,22.68
22946,1113,2090,68.68
22946,1298,568,18.68
22946,1801,1238,40.68
22946,1803,2852,93.68
22946,1805,2516,82.68
22946,1817,2760,90.68
50371,304,964,31.68
50371,305,3824,125.68
50371,705,3217,105.68
50371,714,3916,128.68
40676,313,2363,77.68
40676,1798,1025,33.68
44266,309,3247,106.68
44266,1637,2455,80.68
44266,1898,2760,90.68
49652,307,1238,40.68
49652,411,1603,52.68
65477,708,933,30.68
91508,1801,994,32.68
100497,198,1115,36.68
100497,104,933,30.68
100497,109,568,18.68
100497,1617,1115,36.68
67992,412,2913,95.68
67992,708,2913,95.68
67992,1619,3521,115.68
100652,411,1542,50.68
100652,432,599,19.68
100652,916,811,26.68
100652,1105,1421,46.68
100652,1113,1421,46.68
100652,1622,1845,60.68
100652,1816,2241,73.68
91007,398,872,28.68
91007,504,933,30.68
55624,1113,1633,53.68
45076,305,1360,44.68
45076,1703,1177,38.68
53412,304,1238,40.68
53412,305,1238,40.68
53412,705,2151,70.68
88551,1634,4282,140.68
88551,1810,4068,133.68
88551,1817,1268,41.68
51774,1113,2972,97.68
51774,1623,6624,217.68
51774,1801,2516,82.68
58765,1801,994,32.68
78336,414,1360,44.68
78336,708,1725,56.68
78336,1601,1268,41.68
78336,1801,1055,34.68
96015,202,1025,33.68
96015,423,690,22.68
23342,108,4037,132.68
23342,498,3306,108.68
23342,1198,2060,67.68
23342,1812,3368,110.68
81613,102,3733,122.68
81613,304,2210,72.68
81613,305,1086,35.68
81613,306,1086,35.68
81613,432,2029,66.68
29058,1801,1177,38.68
12536,713,3186,104.68
7206,304,1480,48.68
7206,305,1480,48.68
7206,306,1480,48.68
7206,498,1480,48.68
67489,108,1055,34.68
67489,1619,1207,39.68
76389,1701,1603,52.68
16917,107,1025,33.68
16917,798,1025,33.68
16917,1605,1146,37.68
16917,1701,1025,33.68
16917,1805,1330,43.68
10437,202,1664,54.68
10437,405,1695,55.68
10437,412,1391,45.68
10437,426,1756,57.68
10437,708,1695,55.68
10437,712,1421,46.68
10437,1616,1330,43.68
10437,1622,1391,45.68
10437,1805,2486,81.68
10437,1898,2486,81.68
72024,406,964,31.68
72024,411,2760,90.68
72024,1112,1299,42.68
15890,426,2121,69.68
15890,1617,994,32.68
15890,1637,2516,82.68
15890,1698,3521,115.68
15890,1798,3429,112.68
15890,1805,2821,92.68
15890,1810,2821,92.68
15890,1812,3612,118.68
96204,305,1115,36.68
44764,304,1055,34.68
2762,304,1238,40.68
2762,305,1238,40.68
82757,1801,4647,152.68
53460,1105,3947,129.68
57059,313,2182,71.68
57059,1630,2182,71.68
17664,1619,4525,148.68
81133,605,1756,57.68
27820,202,994,32.68
27820,412,994,32.68
27820,712,994,32.68
44490,298,1452,47.68
44490,710,2241,73.68
44490,1803,3186,104.68
74871,1605,902,29.68
3892,304,2090,68.68
3892,1605,2729,89.68
32335,202,1876,61.68
32335,1198,1511,49.68
102078,202,1452,47.68
102078,410,3429,112.68
102078,412,3429,112.68
102078,426,3429,112.68
102078,1637,507,16.68
102078,1801,2547,83.68
102078,1898,872,28.68
96174,1119,690,22.68
96174,1817,1360,44.68
92629,107,1115,36.68
92629,714,1115,36.68
92629,1112,933,30.68
92629,1801,1146,37.68
21909,432,1055,34.68
21909,1710,3094,101.68
21909,1812,2455,80.68
60853,1805,1146,37.68
99969,498,1695,55.68
99969,1813,3977,130.68
36763,1817,1725,56.68
78975,1630,2210,72.68
801,116,933,30.68
801,421,1330,43.68
801,1609,2913,95.68
801,1704,1998,65.68
801,1812,2729,89.68
50677,198,2210,72.68
50677,1617,2182,71.68
85767,101,1055,34.68
85767,102,2241,73.68
85767,304,2241,73.68
85767,415,4068,133.68
85767,1817,1299,42.68
67723,1622,2182,71.68
87234,1110,4282,140.68
79262,304,1115,36.68
79262,305,1115,36.68
79262,415,1086,35.68
79262,713,3217,105.68
79262,1640,1421,46.68
15522,102,1146,37.68
15522,304,1511,49.68
15522,1119,1177,38.68
15522,1627,2302,75.68
57644,1801,1086,35.68
61274,202,841,27.68
61274,304,841,27.68
61274,709,2821,92.68
61274,1798,2272,74.68
61274,1812,2576,84.68
66394,116,902,29.68
66394,205,1511,49.68
66394,304,1115,36.68
66394,305,1115,36.68
66394,306,2821,92.68
66394,307,1115,36.68
66394,309,1207,39.68
66394,432,5408,177.68
66394,605,2210,72.68
66394,1113,1786,58.68
66394,1701,5560,182.68
66394,1811,3186,104.68
17687,408,1299,42.68
45266,916,3551,116.68
45266,1498,2151,70.68
90796,704,5894,193.68
90796,305,2852,93.68
90796,404,3490,114.68
90796,1904,3490,114.68
97608,1813,1025,33.68
74521,305,2363,77.68
74521,306,2363,77.68
74521,411,4494,147.68
6369,202,1391,45.68
6369,426,1391,45.68
65131,406,933,30.68
65131,407,933,30.68
65131,415,2607,85.68
65131,428,2607,85.68
65131,709,1146,37.68
65131,712,1146,37.68
65131,719,1146,37.68
65131,1198,3337,109.68
65131,1215,1146,37.68
65131,1701,629,20.68
34722,406,1086,35.68
34722,432,2882,94.68
34722,1617,2941,96.68
34722,1626,1786,58.68
25075,1609,2576,84.68
35631,1312,2272,74.68
35631,1619,3337,109.68
35631,1622,3337,109.68
15366,202,3551,116.68
15366,298,3459,113.68
15366,304,3551,116.68
15366,305,3551,116.68
15366,1106,1664,54.68
15366,1111,1664,54.68
15366,1113,2455,80.68
9509,101,1025,33.68
9509,102,1055,34.68
9509,202,2516,82.68
9509,304,2121,69.68
9509,412,4739,155.68
9509,1117,4433,145.68
9509,1307,1115,36.68
9509,1813,994,32.68
77778,202,1330,43.68
77778,304,1845,60.68
77778,307,1845,60.68
77778,916,1786,58.68
77778,1622,1391,45.68
77778,1801,1268,41.68
73075,1198,4859,159.68
73075,205,2029,66.68
73075,304,2821,92.68
73075,305,1480,48.68
73075,307,1480,48.68
73075,1117,4982,163.68
19569,108,1360,44.68
19569,798,994,32.68
88003,1701,1725,56.68
86762,1198,1238,40.68
86762,1801,2272,74.68
4314,304,2486,81.68
4314,306,1391,45.68
4314,426,1207,39.68
4314,1701,1115,36.68
4314,1709,2486,81.68
56146,101,1907,62.68
56146,102,1876,61.68
56146,103,1299,42.68
56146,115,1876,61.68
56146,118,1633,53.68
56146,198,1360,44.68
56146,304,1756,57.68
56146,411,1756,57.68
56146,423,1756,57.68
56146,504,1268,41.68
56146,511,1268,41.68
56146,519,1268,41.68
56146,604,1268,41.68
56146,698,1268,41.68
56146,1106,1299,42.68
56146,1113,1299,42.68
56146,1119,1299,42.68
18410,426,1603,52.68
71927,304,1177,38.68
71927,305,1177,38.68
71927,504,1086,35.68
71927,519,1086,35.68
71927,705,1207,39.68
12761,305,1421,46.68
12761,1701,1391,45.68
61817,306,1146,37.68
61817,423,2913,95.68
79316,203,1055,34.68
79316,1817,994,32.68
78345,403,5163,169.68
78345,1598,3824,125.68
78345,304,1845,60.68
78345,708,3003,98.68
78345,1118,1177,38.68
78345,1298,3977,130.68
78345,1634,1177,38.68
78345,1801,4647,152.68
89980,102,5073,166.68
89980,1098,5073,166.68
89980,103,4555,149.68
89980,305,3824,125.68
51652,915,2882,94.68
88643,432,690,22.68
30233,305,2210,72.68
30233,306,2210,72.68
30233,426,2182,71.68
30233,428,1086,35.68
30233,1105,1664,54.68
30233,1215,4555,149.68
30233,1698,2576,84.68
39716,104,2821,92.68
39716,114,2455,80.68
39716,304,994,32.68
39716,305,994,32.68
39716,306,994,32.68
39716,307,994,32.68
39716,405,1299,42.68
39716,429,2576,84.68
39716,712,4647,152.68
39716,1998,4647,152.68
63597,198,1086,35.68
63597,424,933,30.68
63597,1104,4129,135.68
63597,1108,4129,135.68
63597,1118,902,29.68
63597,1798,3186,104.68
63597,1801,3551,116.68
63597,1898,3643,119.68
61838,698,994,32.68
28145,1804,1391,45.68
100517,304,780,25.68
100517,305,780,25.68
100517,1804,5863,192.68
15093,116,2972,97.68
15093,202,4798,157.68
15093,405,4798,157.68
15093,504,2241,73.68
15093,1113,2972,97.68
34231,102,1086,35.68
85382,305,1177,38.68
85382,307,1177,38.68
85382,504,1511,49.68
85382,713,2363,77.68
85382,1117,3459,113.68
85382,1703,1817,59.68
103429,1198,2151,70.68
103429,1298,2151,70.68
103429,306,690,22.68
103429,405,690,22.68
61482,305,1664,54.68
47805,916,1664,54.68
47805,1017,1633,53.68
80649,398,2182,71.68
80649,404,1299,42.68
80649,1998,1330,43.68
69535,202,1115,36.68
69535,405,1055,34.68
69535,504,933,30.68
69535,1117,1086,35.68
69535,1215,964,31.68
69535,1298,1268,41.68
69535,1628,1025,33.68
69535,1898,1268,41.68
70022,304,2852,93.68
70022,710,1330,43.68
70022,915,1633,53.68
70022,1113,1299,42.68
102004,1605,599,19.68
102004,1617,568,18.68
43118,102,2607,85.68
43118,504,2241,73.68
43118,1801,5682,186.68
43118,1802,1299,42.68
39448,304,3977,130.68
39448,305,3977,130.68
39448,414,1452,47.68
39448,428,2607,85.68
39448,713,5498,180.68
39448,1113,1786,58.68
20816,430,4068,133.68
20816,1817,1360,44.68
88421,120,1511,49.68
92453,109,780,25.68
92453,298,1756,57.68
92453,306,2821,92.68
92453,610,1633,53.68
92453,708,780,25.68
92453,898,872,28.68
92453,1298,2241,73.68
92453,1605,3643,119.68
92453,1617,3855,126.68
92453,1701,2241,73.68
92453,1798,4433,145.68
29329,114,2121,69.68
29329,202,994,32.68
29329,306,2425,79.68
29329,916,2425,79.68
29329,1701,1421,46.68
29329,1705,1756,57.68
45784,202,1207,39.68
45784,1812,2029,66.68
45784,1813,2090,68.68
59091,304,1452,47.68
92375,1637,811,26.68
62354,504,1480,48.68
62354,1801,1572,51.68
25754,205,1725,56.68
25754,698,5529,181.68
32262,412,1511,49.68
32262,1898,1695,55.68
12288,304,1146,37.68
12288,1617,1937,63.68
55828,412,2972,97.68
55828,423,1391,45.68
55828,432,1603,52.68
55828,1816,2607,85.68
18686,1113,1421,46.68
18686,1619,1299,42.68
94680,203,749,24.68
94680,1617,749,24.68
76526,104,1025,33.68
76526,202,5104,167.68
76526,504,964,31.68
76526,1216,872,28.68
76526,1305,2547,83.68
48265,1212,3337,109.68
48265,1810,3337,109.68
47807,1198,3247,106.68
47807,112,3977,130.68
47807,1105,1876,61.68
47807,1110,1238,40.68
47807,1617,2791,91.68
80457,1801,1695,55.68
17227,809,1633,53.68
14387,1312,1786,58.68
14387,1816,1786,58.68
87259,706,902,29.68
16484,1605,2425,79.68
62185,414,3278,107.68
62185,498,1268,41.68
62185,1305,1480,48.68
62185,1801,1268,41.68
67522,306,2121,69.68
67522,1113,2121,69.68
67522,1617,2151,70.68
67522,1810,2121,69.68
38392,410,3551,116.68
80112,108,1817,59.68
80112,208,1817,59.68
80112,305,1480,48.68
80112,424,1238,40.68
80112,1813,3886,127.68
96886,426,1299,42.68
96886,1312,1299,42.68
375,424,2029,66.68
375,498,2029,66.68
375,610,1876,61.68
375,1110,1725,56.68
375,1605,1146,37.68
375,1801,660,21.68
86524,310,1086,35.68
19377,1637,994,32.68
89117,428,1360,44.68
89117,714,994,32.68
89117,898,3551,116.68
89117,911,3551,116.68
33535,408,1603,52.68
33535,412,3551,116.68
33535,1601,2151,70.68
33535,1627,994,32.68
88778,405,2060,67.68
88778,1815,2333,76.68
99314,202,2607,85.68
99314,406,2791,91.68
99314,798,2607,85.68
99314,915,1876,61.68
99314,1801,2241,73.68
99314,1817,872,28.68
82671,1612,1177,38.68
91883,428,1572,51.68
91883,1816,3064,100.68
90734,1801,1452,47.68
50260,102,1786,58.68
50260,398,1876,61.68
50260,898,2607,85.68
50260,1113,2151,70.68
50260,1605,902,29.68
30435,1605,3217,105.68
30435,1617,3278,107.68
30435,1813,3217,105.68
74767,1110,1817,59.68
92303,108,1603,52.68
92303,311,1845,60.68
30886,1598,3551,116.68
30886,1110,3551,116.68
30886,1617,1299,42.68
30886,1801,3582,117.68
81318,406,1876,61.68
81318,426,1876,61.68
81318,1801,872,28.68
67298,412,1391,45.68
36117,304,2455,80.68
36117,705,1268,41.68
36117,1106,2394,78.68
40831,108,1572,51.68
40831,109,1572,51.68
40831,110,1177,38.68
40831,714,1572,51.68
60905,408,1115,36.68
60905,1634,1146,37.68
29562,1105,994,32.68
29562,1801,1633,53.68
90395,304,1025,33.68
90395,310,3278,107.68
2751,1622,2972,97.68
2751,1637,2972,97.68
2751,1640,2972,97.68
85119,102,1086,35.68
85119,205,1086,35.68
85119,305,1268,41.68
85119,504,3855,126.68
85119,1205,1086,35.68
87379,798,1146,37.68
74543,1198,933,30.68
74543,898,1055,34.68
74543,1098,1633,53.68
74543,1110,933,30.68
74543,1634,1817,59.68
74543,1812,1299,42.68
64732,304,1330,43.68
64732,424,721,23.68
64732,1105,1664,54.68
48915,1598,4190,137.68
48915,432,3977,130.68
48915,915,4160,136.68
48915,1110,994,32.68
48915,1801,1725,56.68
101125,102,568,18.68
101125,428,3156,103.68
101125,498,1907,62.68
101125,1801,841,27.68
101125,1813,841,27.68
358,307,1299,42.68
358,410,933,30.68
358,1703,4617,151.68
358,1801,2029,66.68
358,1811,4617,151.68
358,1813,3886,127.68
50641,102,964,31.68
50641,1709,3094,101.68
71878,104,1480,48.68
71878,298,1360,44.68
71878,304,1907,62.68
71878,305,3306,108.68
71878,705,1968,64.68
71878,798,1115,36.68
84454,916,1025,33.68
84454,1798,994,32.68
85588,304,902,29.68
85588,1106,964,31.68
85588,1113,964,31.68
28766,108,1268,41.68
28766,304,1299,42.68
28766,1617,1268,41.68
163,304,1299,42.68
28396,304,1299,42.68
28396,306,1115,36.68
28396,426,1055,34.68
100502,202,964,31.68
100502,306,476,15.68
100502,412,599,19.68
100502,1105,2182,71.68
100502,1812,2729,89.68
100502,1817,2455,80.68
88024,112,2151,70.68
88024,1609,3094,101.68
88024,1817,994,32.68
74307,116,1725,56.68
74307,305,1360,44.68
74307,398,2486,81.68
74307,1110,4313,141.68
74307,1117,4313,141.68
74307,1623,872,28.68
74307,1701,1542,50.68
38302,1198,3278,107.68
38302,914,1452,47.68
38302,1198,2913,95.68
65350,1598,3003,98.68
65350,112,2607,85.68
65350,408,2821,92.68
65350,423,2821,92.68
65350,1110,3003,98.68
65350,1810,2821,92.68
46769,202,933,30.68
46769,406,1238,40.68
29989,102,1633,53.68
29989,304,1268,41.68
29989,305,2121,69.68
29989,708,1421,46.68
29989,809,2668,87.68
29989,1105,2425,79.68
29989,1113,1268,41.68
29989,1616,1756,57.68
29989,1801,994,32.68
61603,809,3612,118.68
63689,712,872,28.68
63689,1015,1268,41.68
63689,1017,1268,41.68
28418,498,1115,36.68
28418,1801,2425,79.68
28418,1898,2486,81.68
41443,1801,1055,34.68
41443,1813,1725,56.68
41443,1817,1542,50.68
48158,108,1268,41.68
48158,1816,3671,120.68
90817,504,2791,91.68
90817,1701,1238,40.68
11778,504,3306,108.68
11778,304,2486,81.68
11778,305,2486,81.68
11778,504,4767,156.68
11778,1113,4586,150.68
42788,432,994,32.68
42788,1630,1756,57.68
98950,198,994,32.68
43307,1001,2972,97.68
43307,426,2941,96.68
43307,430,2941,96.68
43307,706,2941,96.68
43307,708,2913,95.68
43307,1617,2760,90.68
43307,1703,2272,74.68
88192,1609,1695,55.68
88192,1617,1268,41.68
103324,202,599,19.68
103324,305,2576,84.68
103324,1113,780,25.68
41140,902,1177,38.68
30532,1708,3247,106.68
78535,202,1572,51.68
78535,305,1845,60.68
78535,412,1633,53.68
78535,510,1025,33.68
78535,514,1025,33.68
78535,709,1115,36.68
78535,915,1086,35.68
78535,1113,933,30.68
78535,1306,1055,34.68
78535,1619,2455,80.68
6098,423,994,32.68
19371,202,2302,75.68
19371,304,2121,69.68
19371,612,2363,77.68
19371,1117,2394,78.68
19371,1817,2455,80.68
72492,713,964,31.68
72492,1110,1115,36.68
72492,1816,872,28.68
94135,425,1937,63.68
94135,430,1937,63.68
46201,406,1786,58.68
46201,411,2486,81.68
46201,414,1786,58.68
46201,423,2486,81.68
46201,426,2486,81.68
46201,432,1055,34.68
81971,202,3763,123.68
81971,404,2972,97.68
81971,405,2972,97.68
81971,406,2972,97.68
81971,407,3368,110.68
81971,410,3368,110.68
81971,412,2455,80.68
81971,423,3368,110.68
81971,712,2607,85.68
81971,1603,3763,123.68
81971,1628,1725,56.68
66151,432,872,28.68
66151,1112,1025,33.68
66151,1113,1391,45.68
66151,1637,3186,104.68
66151,1802,1025,33.68
14299,408,1330,43.68
14299,1112,2121,69.68
14299,1113,2121,69.68
14299,1119,2121,69.68
14299,1622,4433,145.68
14299,1634,4464,146.68
67378,198,4920,161.68
67378,426,2090,68.68
67378,1106,1633,53.68
67378,1112,1633,53.68
67378,1812,3886,127.68
67378,1813,3886,127.68
67378,1817,3429,112.68
95184,305,2182,71.68
95184,428,749,24.68
95184,504,749,24.68
79462,415,994,32.68
79462,1605,2547,83.68
79462,1709,2272,74.68
12961,205,1086,35.68
12961,605,1817,59.68
12961,711,1452,47.68
89979,1113,902,29.68
89979,1616,2425,79.68
89979,1801,5529,181.68
89979,1805,5529,181.68
89979,1812,5529,181.68
91590,304,1146,37.68
91590,412,4647,152.68
92090,102,1086,35.68
92090,304,2852,93.68
92090,305,1756,57.68
92090,306,841,27.68
92090,313,5894,193.68
92090,504,1086,35.68
92090,809,994,32.68
92090,1117,2852,93.68
92090,1817,1756,57.68
92090,1898,1480,48.68
46172,101,1876,61.68
46172,102,1876,61.68
46172,109,1511,49.68
46172,305,4798,157.68
46172,1113,2241,73.68
46172,1204,1146,37.68
46172,1205,1511,49.68
46172,1312,4433,145.68
38649,705,1268,41.68
38649,1609,1817,59.68
38649,1617,1817,59.68
38649,1798,1695,55.68
42811,304,1299,42.68
42811,305,2029,66.68
84488,1612,994,32.68
66172,412,1207,39.68
66172,1617,1725,56.68
52449,1198,749,24.68
35854,306,1146,37.68
96605,204,1177,38.68
79138,201,1025,33.68
79138,202,1207,39.68
79138,304,1055,34.68
79138,405,1086,35.68
79138,714,5469,179.68
79138,1817,3916,128.68
53555,424,1876,61.68
53555,705,1876,61.68
53555,1117,1664,54.68
53555,1617,1845,60.68
53555,1619,1876,61.68
53555,1622,1845,60.68
53555,1898,1664,54.68
89284,304,2151,70.68
89284,1114,6078,199.68
89284,1614,4708,154.68
89284,1627,3977,130.68
89284,1816,5713,187.68
39064,305,1238,40.68
39064,311,4252,139.68
39064,432,3916,128.68
39064,708,2333,76.68
39064,709,2333,76.68
39064,809,3247,106.68
39064,914,3247,106.68
39064,1113,2516,82.68
39064,1198,3763,123.68
39064,1609,4343,142.68
39064,1617,4343,142.68
39064,1627,3612,118.68
38806,510,1695,55.68
38806,1617,1542,50.68
95591,1598,690,22.68
95591,711,690,22.68
32155,1810,1756,57.68
32155,1898,1756,57.68
77989,305,994,32.68
77989,1117,2699,88.68
10388,104,2821,92.68
10388,426,1756,57.68
10388,712,1845,60.68
10388,1634,2121,69.68
19265,304,1086,35.68
19265,1703,1238,40.68
19265,1798,1299,42.68
19265,1812,3368,110.68
35416,304,2272,74.68
35416,305,2272,74.68
35416,306,2272,74.68
35416,504,1238,40.68
35416,1601,2272,74.68
58515,712,1360,44.68
58515,1617,1664,54.68
85458,108,811,26.68
85458,198,1633,53.68
85458,306,3582,117.68
85458,407,1330,43.68
85458,414,2607,85.68
85458,423,1330,43.68
85458,1113,1998,65.68
85458,1803,2060,67.68
85458,1812,3582,117.68
5237,108,660,21.68
5237,405,4282,140.68
5237,406,4282,140.68
5237,410,3551,116.68
5237,705,2455,80.68
5237,1637,3916,128.68
5237,1798,5012,164.68
5237,1801,2425,79.68
90759,1637,902,29.68
4495,412,1268,41.68
4495,1640,1086,35.68
79786,1113,1725,56.68
22388,304,2607,85.68
22388,305,5469,179.68
22388,306,5469,179.68
22388,504,1511,49.68
22388,908,1725,56.68
22388,1811,5012,164.68
22388,1817,4555,149.68
78474,1105,964,31.68
88146,304,872,28.68
88146,1634,3733,122.68
88146,1705,2333,76.68
91998,1617,841,27.68
88102,306,1876,61.68
88102,1111,1603,52.68
38389,201,1695,55.68
38389,202,1238,40.68
38389,304,1115,36.68
38389,305,1115,36.68
38389,307,1115,36.68
38389,404,4708,154.68
38389,405,4708,154.68
38389,429,4313,141.68
38389,504,1207,39.68
38389,898,1664,54.68
38389,1105,3368,110.68
38389,1312,3612,118.68
40975,202,3977,130.68
40975,1108,964,31.68
40975,1626,1452,47.68
40975,1698,841,27.68
65960,1616,2547,83.68
94414,202,964,31.68
52178,305,3278,107.68
52178,306,1086,35.68
52178,809,2729,89.68
52178,1113,1937,63.68
52178,1616,3217,105.68
52178,1627,4099,134.68
52178,1798,2729,89.68
52178,1813,2638,86.68
52178,1817,1146,37.68
12269,108,1664,54.68
12269,304,1998,65.68
12269,426,2363,77.68
94876,404,1786,58.68
94876,708,2333,76.68
94876,709,1968,64.68
94876,712,2182,71.68
94876,713,2302,75.68
94876,908,2090,68.68
94876,911,2090,68.68
94876,1617,1664,54.68
94876,1802,1725,56.68
93525,304,780,25.68
93525,306,780,25.68
93525,1634,933,30.68
93525,1801,3855,126.68
32954,304,1025,33.68
32954,305,1452,47.68
32954,307,1025,33.68
32954,708,1268,41.68
79098,704,2121,69.68
30203,1117,1421,46.68
33960,426,1725,56.68
83669,313,1998,65.68
63614,1113,2668,87.68
63614,1633,2821,92.68
6717,1112,1115,36.68
56272,1801,2272,74.68
56272,1817,2121,69.68
56272,1898,1907,62.68
53072,709,1937,63.68
53072,1617,2516,82.68
53072,1817,1817,59.68
55047,202,2394,78.68
55047,1616,2394,78.68
54987,202,1572,51.68
54987,203,2607,85.68
54987,1110,933,30.68
54987,1605,3156,103.68
54987,1619,4464,146.68
54987,1817,2455,80.68
28350,304,3064,100.68
28350,305,3064,100.68
28350,504,2182,71.68
28350,512,2182,71.68
96205,426,2090,68.68
54387,304,964,31.68
54387,307,964,31.68
54387,809,1876,61.68
86582,709,1025,33.68
86582,1698,1086,35.68
86582,1898,1055,34.68
88045,916,933,30.68
83431,798,2607,85.68
69740,304,994,32.68
19440,298,1268,41.68
19440,305,1086,35.68
19440,306,1086,35.68
19440,406,2090,68.68
19440,1605,2182,71.68
19440,1798,1633,53.68
19440,1801,2090,68.68
66797,1118,1725,56.68
66797,1312,2821,92.68
66797,1698,1360,44.68
30417,203,1633,53.68
30417,498,1146,37.68
102036,305,1603,52.68
102036,398,1603,52.68
102036,1215,1542,50.68
88912,304,1633,53.68
88912,305,1633,53.68
88912,898,1603,52.68
85005,202,1207,39.68
85005,423,1086,35.68
3601,102,994,32.68
3601,1601,1330,43.68
26501,406,1786,58.68
97760,1198,5590,183.68
97760,1108,5590,183.68
89421,304,1845,60.68
89421,305,1845,60.68
89421,1198,3916,128.68
89421,1605,2913,95.68
89421,1617,3582,117.68
89421,1627,3855,126.68
35622,102,1664,54.68
35622,305,2882,94.68
35622,1106,1664,54.68
35622,1701,5438,178.68
35622,1801,1299,42.68
102909,405,994,32.68
102909,1619,872,28.68
61900,914,1786,58.68
61900,916,1786,58.68
65773,1637,2394,78.68
65773,1701,1725,56.68
65773,1801,1725,56.68
29898,304,4433,145.68
29898,1609,5104,167.68
29898,1634,5104,167.68
29898,1640,5104,167.68
87743,407,1786,58.68
87743,428,841,27.68
87743,809,1146,37.68
87743,1701,1146,37.68
29252,1801,1207,39.68
29252,1804,3306,108.68
29252,1898,3156,103.68
28866,304,2151,70.68
28866,305,2151,70.68
28866,1312,2090,68.68
28866,1617,4586,150.68
99340,205,1025,33.68
99340,305,660,21.68
99340,426,994,32.68
86976,1630,2882,94.68
89912,202,1391,45.68
89912,405,841,27.68
89912,1110,2241,73.68
89912,1215,3368,110.68
89912,1812,994,32.68
89912,1898,994,32.68
94445,107,1603,52.68
94445,203,1025,33.68
94445,432,1695,55.68
94445,1622,1695,55.68
94445,1627,1725,56.68
94445,1634,1725,56.68
94445,1637,1725,56.68
94445,1640,1725,56.68
94445,1801,1817,59.68
23726,108,933,30.68
23726,202,1207,39.68
23726,1605,1268,41.68
23726,1617,1330,43.68
23726,1817,1360,44.68
94452,202,1876,61.68
94452,423,2241,73.68
17351,108,1421,46.68
17351,202,1360,44.68
69891,498,2425,79.68
69891,1812,2668,87.68
73665,108,1391,45.68
73665,202,4343,142.68
50547,423,2821,92.68
50547,1801,1360,44.68
72996,504,1055,34.68
72996,1113,1238,40.68
26238,1105,1025,33.68
94165,304,2029,66.68
94165,305,2029,66.68
94165,306,2029,66.68
94165,713,3247,106.68
94165,1616,3337,109.68
94165,1622,3337,109.68
94165,1634,3337,109.68
89941,198,4129,135.68
89941,428,2882,94.68
89941,432,872,28.68
89941,1637,902,29.68
89941,1817,3916,128.68
89941,1998,1968,64.68
77520,202,5498,180.68
77520,412,5469,179.68
77520,511,1268,41.68
77520,1113,1268,41.68
77520,1312,3886,127.68
77520,1801,4982,163.68
88716,304,1299,42.68
88716,803,902,29.68
88716,916,994,32.68
88716,1112,1330,43.68
88716,1307,3306,108.68
2417,109,1360,44.68
87287,313,841,27.68
102710,202,537,17.68
102710,398,476,15.68
33005,411,3156,103.68
33005,432,1086,35.68
33005,705,1756,57.68
33005,708,3671,120.68
33005,709,3671,120.68
33005,1634,3671,120.68
33005,1637,3551,116.68
33005,1640,3671,120.68
33005,1701,1603,52.68
33005,1816,4433,145.68
29968,202,3551,116.68
75183,112,1845,60.68
75183,713,1452,47.68
30684,205,1937,63.68
80872,306,3459,113.68
80872,398,1268,41.68
80872,1898,1268,41.68
39396,498,1786,58.68
39396,202,1786,58.68
39396,915,2029,66.68
9896,1704,1238,40.68
18633,1215,1845,60.68
51869,101,1146,37.68
51869,102,1876,61.68
51869,108,1511,49.68
51869,116,1511,49.68
51869,304,1360,44.68
51869,305,1360,44.68
51869,313,7021,230.68
51869,404,1146,37.68
51869,406,2241,73.68
51869,411,2821,92.68
51869,428,2821,92.68
51869,915,1360,44.68
51869,1198,6990,229.68
51869,1205,1360,44.68
51869,1215,1177,38.68
12056,202,994,32.68
12056,423,1330,43.68
12056,1609,1330,43.68
75264,706,1725,56.68
75264,1110,933,30.68
11367,202,964,31.68
11367,426,1756,57.68
11367,1605,3125,102.68
76248,107,1664,54.68
76248,423,964,31.68
76248,1618,1360,44.68
76248,1701,1845,60.68
76248,1703,1845,60.68
76248,1801,1725,56.68
76248,1803,1299,42.68
76248,1898,1664,54.68
74162,107,1817,59.68
74162,202,1146,37.68
74162,1816,2852,93.68
74162,1817,2516,82.68
64942,304,2090,68.68
64942,307,2455,80.68
64942,809,1664,54.68
64942,1701,1055,34.68
64942,1805,2516,82.68
63470,104,2455,80.68
63470,202,872,28.68
63470,205,902,29.68
63470,304,1968,64.68
63470,404,2151,70.68
63470,427,1086,35.68
63470,705,2302,75.68
63470,720,933,30.68
63470,911,1177,38.68
63470,914,1330,43.68
63470,916,1177,38.68
63470,1111,2455,80.68
63470,1112,2210,72.68
63470,1117,1299,42.68
87768,102,1725,56.68
87768,304,872,28.68
87768,415,1025,33.68
87768,512,1025,33.68
87768,608,1055,34.68
87768,1211,964,31.68
87768,1812,1572,51.68
76514,1805,1146,37.68
98923,198,4160,136.68
98923,798,1391,45.68
98923,1105,2882,94.68
98923,1210,1115,36.68
98923,1217,1115,36.68
98923,1298,2791,91.68
98923,1812,3612,118.68
47019,1614,1725,56.68
47019,1619,1725,56.68
76081,104,1480,48.68
76081,109,1511,49.68
76081,426,1025,33.68
76081,709,902,29.68
76081,1630,3217,105.68
83048,406,964,31.68
83048,407,933,30.68
83048,1708,2241,73.68
94453,504,964,31.68
94453,1215,1086,35.68
94453,1804,4008,131.68
103224,714,841,27.68
103224,798,841,27.68
103224,1615,841,27.68
103224,1622,749,24.68
103224,1634,749,24.68
103224,1801,749,24.68
103224,1812,507,16.68
103224,1817,994,32.68
51256,198,2121,69.68
51256,408,4343,142.68
51256,423,3824,125.68
51256,426,4190,137.68
51256,1112,2182,71.68
51256,1113,2182,71.68
13266,205,1146,37.68
13266,405,902,29.68
13266,803,2607,85.68
13266,1801,3824,125.68
11713,201,1146,37.68
47308,102,1146,37.68
47308,304,2121,69.68
47308,1307,1146,37.68
89142,1798,1086,35.68
15736,305,1177,38.68
15736,412,1786,58.68
15736,514,1786,58.68
15736,809,933,30.68
15736,1117,2182,71.68
15736,1628,1360,44.68
23388,202,1330,43.68
23388,205,1480,48.68
23388,1113,2151,70.68
90105,704,3064,100.68
90105,118,1998,65.68
90105,406,811,26.68
88371,915,933,30.68
30799,306,6716,220.68
30799,504,1756,57.68
30799,1105,1207,39.68
30799,1816,4282,140.68
7450,1801,1115,36.68
11057,102,1845,60.68
11057,406,994,32.68
11057,423,2607,85.68
11057,426,2241,73.68
11057,1637,5316,174.68
20900,411,5894,193.68
20900,432,4798,157.68
20900,916,1055,34.68
20900,1119,2607,85.68
20900,1312,3337,109.68
20900,1701,3551,116.68
20900,1703,3551,116.68
20900,1705,2182,71.68
94556,498,749,24.68
74531,102,1695,55.68
74531,305,1177,38.68
74531,306,2425,79.68
74531,708,5894,193.68
74531,908,1330,43.68
74531,1618,1542,50.68
74531,1701,3217,105.68
74531,1801,3886,127.68
74531,1803,3521,115.68
88044,206,2029,66.68
88044,304,2090,68.68
88044,305,2090,68.68
88044,306,2090,68.68
88044,705,3916,128.68
88044,1105,1845,60.68
88044,1198,4767,156.68
88044,1634,2791,91.68
88044,1701,2576,84.68
88044,1810,4767,156.68
88044,1816,4767,156.68
11770,1113,1786,58.68
11770,1803,1786,58.68
11770,1898,1786,58.68
39858,1798,1421,46.68
39252,514,1268,41.68
73030,304,1633,53.68
73030,305,1633,53.68
73030,1198,1360,44.68
73030,1701,1330,43.68
66334,1605,1360,44.68
66334,1617,902,29.68
66334,1640,1268,41.68
27793,305,1330,43.68
27793,306,1330,43.68
27793,1617,1146,37.68
98148,432,2760,90.68
98148,1015,964,31.68
98148,1617,3278,107.68
85551,304,964,31.68
85551,305,964,31.68
85551,1106,933,30.68
85551,1113,933,30.68
85551,1704,1845,60.68
85551,1802,1238,40.68
85551,1898,1299,42.68
93414,705,1845,60.68
15625,305,2151,70.68
75954,108,902,29.68
75954,425,1391,45.68
75954,1812,902,29.68
75954,1817,964,31.68
53561,304,1695,55.68
53561,307,1695,55.68
53561,426,3398,111.68
53561,498,3398,111.68
53561,705,1725,56.68
48865,712,1330,43.68
35967,713,2302,75.68
35967,1617,2151,70.68
49923,202,3186,104.68
49923,412,4555,149.68
49923,426,4647,152.68
49923,712,4190,137.68
49923,1105,3094,101.68
49923,1617,3125,102.68
49923,1623,3794,124.68
61529,407,1391,45.68
61529,1614,1268,41.68
99045,432,2151,70.68
99045,1812,1907,62.68
83813,305,2455,80.68
83813,1312,1452,47.68
59324,1113,2455,80.68
59324,1801,902,29.68
66532,304,1055,34.68
66532,305,1055,34.68
66532,307,1055,34.68
66532,1802,2121,69.68
65084,102,1542,50.68
65084,305,4343,142.68
65084,306,4343,142.68
65084,406,3551,116.68
65084,425,6016,197.68
65084,1106,3733,122.68
65084,1113,1876,61.68
65084,1605,5316,174.68
67760,423,1391,45.68
51810,198,2241,73.68
51810,428,2607,85.68
51810,1098,1695,55.68
72855,304,1299,42.68
72855,305,1299,42.68
72855,998,4555,149.68
72855,1809,2241,73.68
72855,1810,2241,73.68
72855,1816,2241,73.68
20209,298,1025,33.68
20209,426,841,27.68
20209,1698,1572,51.68
84290,1598,964,31.68
13845,101,1603,52.68
13845,201,2121,69.68
13845,1205,1786,58.68
13845,1215,5438,178.68
13845,1216,1086,35.68
36082,405,1146,37.68
84241,1110,964,31.68
84241,1116,964,31.68
84241,1498,841,27.68
94971,305,780,25.68
3396,1098,1330,43.68
3396,1698,1633,53.68
5079,1817,994,32.68
59810,1598,4190,137.68
59810,304,1421,46.68
59810,307,4221,138.68
59810,498,4221,138.68
59810,1704,2729,89.68
27839,109,1725,56.68
27839,307,1025,33.68
27839,908,994,32.68
30411,306,2941,96.68
30411,1617,4708,154.68
30411,1812,3916,128.68
30411,1817,4221,138.68
3905,998,1025,33.68
3905,1118,902,29.68
3905,1204,1025,33.68
3905,1601,1086,35.68
3905,1614,1756,57.68
3905,1637,1391,45.68
23629,311,1146,37.68
23629,1622,1207,39.68
23629,1634,1207,39.68
30851,116,1086,35.68
30851,304,2182,71.68
30851,305,2182,71.68
30851,1117,5438,178.68
30851,1215,1207,39.68
74050,198,1603,52.68
74050,809,1238,40.68
74050,914,1603,52.68
74050,1307,1238,40.68
61174,1113,2425,79.68
43641,706,1907,62.68
43641,1601,3064,100.68
43641,1627,3064,100.68
75193,504,3186,104.68
75193,1701,2029,66.68
75193,1703,2029,66.68
15486,426,4920,161.68
69126,1801,2060,67.68
83703,710,1238,40.68
57978,102,902,29.68
57978,205,1633,53.68
57978,304,2029,66.68
57978,908,994,32.68
57978,1627,4767,156.68
57978,1801,5347,175.68
57978,1898,5529,181.68
100429,705,964,31.68
100429,712,780,25.68
100429,1605,568,18.68
100429,1619,599,19.68
100429,1634,2090,68.68
100429,1801,2121,69.68
45371,713,2302,75.68
45371,1623,1876,61.68
45371,1798,2363,77.68
29970,705,1025,33.68
39311,1617,1572,51.68
39311,1634,1299,42.68
39311,1637,1664,54.68
33741,1614,1025,33.68
98873,423,780,25.68
98873,911,994,32.68
98873,1113,994,32.68
86232,412,1238,40.68
86232,428,933,30.68
86232,1307,1055,34.68
86232,1817,1695,55.68
100412,1116,568,18.68
13969,101,3186,104.68
13969,198,3186,104.68
13969,305,3916,128.68
13969,398,3916,128.68
13969,404,3916,128.68
13969,1816,3186,104.68
88986,305,902,29.68
88986,398,902,29.68
88986,404,902,29.68
88986,1802,1207,39.68
88986,1813,1207,39.68
102302,202,2882,94.68
102302,1298,1115,36.68
102302,1709,599,19.68
102302,1801,3064,100.68
39369,305,1421,46.68
100996,405,690,22.68
100996,423,690,22.68
80825,412,1633,53.68
80825,712,1633,53.68
80825,1798,1086,35.68
55508,426,933,30.68
40570,708,2486,81.68
40570,709,2486,81.68
40570,1113,2029,66.68
85389,198,1480,48.68
85389,498,902,29.68
64183,498,1725,56.68
64183,1117,1542,50.68
37994,1812,1146,37.68
23416,306,2394,78.68
23416,1603,2333,76.68
23416,1627,1542,50.68
62485,305,1542,50.68
62485,306,1542,50.68
62485,1617,2668,87.68
62485,1817,1299,42.68
267,201,1452,47.68
267,1117,6290,206.68
19520,305,2272,74.68
19520,1704,2486,81.68
64084,304,4798,157.68
64084,426,3337,109.68
64084,1110,2607,85.68
64084,1113,2607,85.68
64084,1701,4433,145.68
64084,1803,2607,85.68
29841,305,902,29.68
29841,429,4859,159.68
29841,804,4829,158.68
29841,1804,5043,165.68
54475,304,2821,92.68
54475,307,2821,92.68
54475,998,902,29.68
54475,1113,902,29.68
54475,1312,902,29.68
54475,1614,3247,106.68
54475,1619,3247,106.68
54475,1812,2729,89.68
102088,406,964,31.68
102088,411,142,4.68
102088,711,4160,136.68
102088,915,4160,136.68
102088,916,142,4.68
102088,1637,1238,40.68
6987,304,1937,63.68
6987,305,1937,63.68
6987,1113,964,31.68
6987,1622,1998,65.68
6987,1804,1998,65.68
56405,1630,2729,89.68
29035,202,1025,33.68
29035,305,964,31.68
29035,426,2486,81.68
29035,1817,2821,92.68
12637,305,3702,121.68
12637,306,3702,121.68
12637,1119,2972,97.68
90373,428,1299,42.68
16713,504,5012,164.68
16713,102,2121,69.68
16713,304,1330,43.68
16713,305,2182,71.68
16713,411,2852,93.68
16713,504,4982,163.68
16713,605,2029,66.68
24049,304,1207,39.68
24049,305,1207,39.68
24049,705,4343,142.68
24049,710,4343,142.68
34520,1601,1391,45.68
34520,1627,1756,57.68
34520,1898,994,32.68
63274,406,1664,54.68
63274,407,1511,49.68
63274,412,1633,53.68
36007,311,3306,108.68
36007,415,1817,59.68
36007,1701,3368,110.68
32709,102,1177,38.68
32709,798,4433,145.68
36913,428,2760,90.68
93003,104,841,27.68
93003,305,1391,45.68
93003,512,841,27.68
93003,1704,3671,120.68
39028,1817,994,32.68
26654,102,1511,49.68
26654,201,1055,34.68
26654,304,2882,94.68
26654,305,3186,104.68
26654,306,3186,104.68
26654,426,4951,162.68
26654,1117,4920,161.68
26654,1312,3186,104.68
26654,1637,5377,176.68
87227,203,1511,49.68
87227,305,1421,46.68
87227,311,1421,46.68
79838,504,2090,68.68
79838,504,2090,68.68
79838,1017,3156,103.68
79838,1105,1786,58.68
79838,1117,1786,58.68
26507,426,2882,94.68
3660,908,1086,35.68
3660,1617,3247,106.68
49842,101,2699,88.68
49842,103,2699,88.68
49842,117,2699,88.68
57069,1605,4402,144.68
57069,1701,2821,92.68
90088,428,1725,56.68
99797,205,629,20.68
99797,916,2576,84.68
3209,102,1845,60.68
3209,205,1845,60.68
3209,305,4647,152.68
3209,306,4647,152.68
3209,426,5438,178.68
3209,809,1725,56.68
3209,1198,1725,56.68
3209,1312,1025,33.68
45558,305,1421,46.68
45558,306,1421,46.68
45558,1215,4708,154.68
45558,1617,3855,126.68
45558,1630,4739,155.68
45558,1637,3612,118.68
45558,1801,3156,103.68
29625,118,1452,47.68
29625,305,3947,129.68
29625,307,3582,117.68
29625,398,3582,117.68
71744,798,1725,56.68
71744,1801,7296,239.68
66680,1215,2455,80.68
74537,1105,2333,76.68
74537,1815,2363,77.68
74537,1898,2333,76.68
58203,426,2090,68.68
58203,1804,4402,144.68
38782,1617,2455,80.68
53408,202,2760,90.68
53408,406,660,21.68
53408,426,660,21.68
53408,428,2576,84.68
53408,798,1572,51.68
53408,1017,2882,94.68
53408,1614,2182,71.68
53408,1701,2791,91.68
53408,1798,2121,69.68
53408,1801,1177,38.68
53408,1817,2547,83.68
25203,1113,2972,97.68
5871,104,1330,43.68
5871,202,4859,159.68
5871,305,994,32.68
5871,412,1268,41.68
560,430,4282,140.68
560,1215,3368,110.68
560,1698,4282,140.68
86947,102,1360,44.68
86947,304,1086,35.68
86947,305,1086,35.68
86947,504,1817,59.68
86947,519,2090,68.68
86947,1113,1603,52.68
76737,112,3156,103.68
76737,407,3306,108.68
76737,423,3306,108.68
76737,1106,1207,39.68
76737,1113,1207,39.68
5898,304,1633,53.68
5898,305,1633,53.68
5898,307,1633,53.68
5898,309,1633,53.68
5898,714,964,31.68
5898,914,1086,35.68
5898,1111,1146,37.68
5898,1305,1480,48.68
5898,1705,4555,149.68
5898,1898,1146,37.68
41172,1798,902,29.68
87939,915,1207,39.68
33278,1598,1391,45.68
33278,1117,1391,45.68
5416,304,933,30.68
5416,1805,4008,131.68
5416,1817,933,30.68
103507,1617,1603,52.68
103507,1637,629,20.68
65820,411,1998,65.68
65820,713,1876,61.68
65820,1111,1330,43.68
31209,101,1452,47.68
31209,102,2241,73.68
31209,512,1817,59.68
31209,1307,2547,83.68
71941,205,1511,49.68
71941,304,1511,49.68
71941,412,964,31.68
71941,428,1725,56.68
71941,705,1725,56.68
71941,712,964,31.68
71941,1113,1725,56.68
21437,809,1207,39.68
95044,102,902,29.68
95044,304,902,29.68
95044,305,902,29.68
95044,306,2760,90.68
95044,307,902,29.68
95044,404,2913,95.68
95044,405,3306,108.68
95044,612,5316,174.68
95044,705,1664,54.68
95044,1117,5255,172.68
95044,1701,5408,177.68
85834,306,2060,67.68
85834,1006,2182,71.68
34801,423,2972,97.68
40428,705,1146,37.68
40428,914,3643,119.68
40428,1113,1511,49.68
58200,514,902,29.68
58200,798,4555,149.68
58200,908,964,31.68
58200,1630,6139,201.68
101204,404,1480,48.68
101204,1625,1511,49.68
101204,1798,1086,35.68
101204,1801,964,31.68
58370,202,1146,37.68
58370,304,1146,37.68
58370,305,1146,37.68
58370,1117,1177,38.68
91004,1617,2029,66.68
91004,1640,1998,65.68
14357,498,1055,34.68
77203,310,3643,119.68
77203,430,3671,120.68
77203,1117,3156,103.68
23303,1801,933,30.68
84904,304,1115,36.68
84904,307,1115,36.68
62467,1898,1055,34.68
92455,404,1542,50.68
92455,1105,1542,50.68
92455,1305,1633,53.68
16751,102,994,32.68
16751,304,994,32.68
11103,1810,2363,77.68
102240,1113,1391,45.68
36417,306,1086,35.68
36417,428,2913,95.68
36417,1798,4313,141.68
40338,414,1055,34.68
40338,432,1115,36.68
40338,1617,964,31.68
91188,310,1146,37.68
10338,1810,3156,103.68
92942,1898,2576,84.68
72445,305,872,28.68
72445,712,1391,45.68
72445,1614,1968,64.68
69719,1605,1421,46.68
69719,1617,2029,66.68
69719,1701,1177,38.68
70901,304,994,32.68
70901,306,994,32.68
70901,714,1756,57.68
70901,1812,1391,45.68
4168,304,1725,56.68
4168,305,1725,56.68
4168,805,2121,69.68
4168,914,964,31.68
71211,305,1511,49.68
71211,306,1511,49.68
71211,1813,1268,41.68
52395,302,5498,180.68
52395,310,5498,180.68
52395,1801,4221,138.68
52395,1810,4252,139.68
34706,202,2090,68.68
34706,426,2090,68.68
34706,1498,841,27.68
34706,1703,4617,151.68
3682,504,1391,45.68
3682,1112,994,32.68
3682,1304,1391,45.68
3682,1609,1452,47.68
3682,1637,1452,47.68
79395,406,1086,35.68
79395,412,1086,35.68
79395,1198,2210,72.68
38573,305,994,32.68
80839,202,1025,33.68
80839,713,1330,43.68
3522,112,1572,51.68
3522,115,1572,51.68
3522,306,994,32.68
3522,426,1025,33.68
3522,709,1572,51.68
3522,712,1207,39.68
3522,1106,2090,68.68
3522,1108,2090,68.68
3522,1110,2090,68.68
3522,1215,1572,51.68
3522,1605,1695,55.68
3522,1614,1452,47.68
35404,403,3733,122.68
35404,313,3763,123.68
35404,411,2090,68.68
35404,426,3217,105.68
35404,1637,3186,104.68
35404,1707,2576,84.68
35404,1817,629,20.68
1265,304,1207,39.68
1265,305,3033,99.68
1265,705,933,30.68
1265,708,1207,39.68
1265,1801,1480,48.68
1265,1804,2547,83.68
78632,202,1695,55.68
78632,298,1695,55.68
78632,1801,2821,92.68
35588,305,1542,50.68
35588,1619,3582,117.68
85526,306,1603,52.68
85526,415,2302,75.68
85526,1801,3521,115.68
9472,414,841,27.68
9472,1105,841,27.68
9472,1701,1391,45.68
50169,1898,1603,52.68
8573,915,1146,37.68
8573,1801,1876,61.68
45183,405,4586,150.68
45183,424,4525,148.68
45183,1105,4374,143.68
102806,102,1268,41.68
102806,202,2972,97.68
102806,1008,2821,92.68
102806,1801,1998,65.68
72488,108,1572,51.68
97,198,3186,104.68
97,298,2760,90.68
97,310,3763,123.68
97,311,3763,123.68
97,426,3521,115.68
97,605,3186,104.68
97,705,2090,68.68
97,1902,3094,101.68
38758,1622,2029,66.68
37247,1898,902,29.68
52805,304,1725,56.68
52805,305,994,32.68
52805,398,994,32.68
52805,1198,1391,45.68
33401,102,2210,72.68
33401,201,2241,73.68
33401,304,1817,59.68
33401,608,1146,37.68
33401,1113,1968,64.68
33401,1211,1146,37.68
33401,1312,2241,73.68
33401,1605,2913,95.68
33401,1817,2029,66.68
86193,432,1756,57.68
86193,1605,1756,57.68
95008,1816,1299,42.68
88721,202,3064,100.68
88721,1637,1786,58.68
83567,1815,2516,82.68
92838,304,1360,44.68
99427,708,780,25.68
87513,304,3612,118.68
87513,305,3612,118.68
87513,309,3186,104.68
87513,809,964,31.68
35073,1798,2638,86.68
42173,102,1725,56.68
42173,205,1360,44.68
42173,498,3916,128.68
42173,1198,5377,176.68
42173,1307,1725,56.68
94498,307,690,22.68
94498,708,690,22.68
94498,712,690,22.68
94498,916,690,22.68
96370,426,1025,33.68
96370,708,2486,81.68
22867,1108,1695,55.68
22867,1805,2699,88.68
82949,304,1756,57.68
82949,1111,1756,57.68
88884,107,2029,66.68
62730,116,902,29.68
62730,1627,1664,54.68
82526,1616,964,31.68
94980,304,690,22.68
94980,398,690,22.68
100404,108,994,32.68
100404,404,964,31.68
100404,1616,568,18.68
46775,406,3003,98.68
46775,1609,3156,103.68
46775,1617,3094,101.68
46775,1701,2151,70.68
46775,1703,2151,70.68
46775,1908,1603,52.68
33948,109,2302,75.68
33948,298,1268,41.68
33948,424,3916,128.68
33948,610,1146,37.68
50056,1801,3977,130.68
26071,305,1360,44.68
26071,504,994,32.68
26071,713,3794,124.68
26071,1112,964,31.68
26071,1801,1238,40.68
26071,1809,4160,136.68
3653,426,1055,34.68
82370,809,1817,59.68
82370,1617,1330,43.68
82370,1698,1055,34.68
102954,1617,1115,36.68
102954,1801,994,32.68
90043,109,2821,92.68
90043,916,1207,39.68
90043,1198,1725,56.68
90043,1709,5316,174.68
99798,304,690,22.68
99798,305,690,22.68
99798,498,690,22.68
99798,504,568,18.68
99798,519,568,18.68
99798,1627,1086,35.68
99798,1640,1452,47.68
47110,412,902,29.68
47110,504,2090,68.68
64904,712,3217,105.68
64904,1106,1177,38.68
64904,1108,1177,38.68
64904,1110,1177,38.68
64904,1801,1207,39.68
90760,915,964,31.68
90760,1617,933,30.68
85598,1802,1633,53.68
77980,798,2210,72.68
77980,1637,2425,79.68
96256,102,690,22.68
96256,104,2607,85.68
96256,305,1330,43.68
96256,398,1330,43.68
96256,412,2972,97.68
96256,426,2972,97.68
96256,708,2972,97.68
96256,1108,2972,97.68
96256,1617,2852,93.68
96256,1798,3337,109.68
85508,498,1330,43.68
85508,1198,841,27.68
85508,1803,1542,50.68
68609,102,1452,47.68
68609,412,3247,106.68
68609,414,3125,102.68
68609,712,3125,102.68
68609,1398,3125,102.68
45951,704,3886,127.68
45951,202,3459,113.68
45951,1812,2425,79.68
13126,102,2090,68.68
13126,104,1360,44.68
13126,109,1360,44.68
13126,205,1025,33.68
13126,406,2060,67.68
13126,407,1998,65.68
13126,423,1998,65.68
13126,426,1998,65.68
13126,512,1725,56.68
13126,1627,1817,59.68
13126,1633,1817,59.68
13126,1801,964,31.68
32172,408,1391,45.68
32172,412,1391,45.68
32172,1622,1268,41.68
32172,1898,1360,44.68
43293,306,1391,45.68
95064,398,994,32.68
95064,915,1817,59.68
95064,1617,2029,66.68
48658,1622,1817,59.68
61928,202,1025,33.68
61928,1110,1025,33.68
32090,1703,1633,53.68
90314,1627,1633,53.68
90314,1810,2425,79.68
90314,1898,2394,78.68
11075,1798,2425,79.68
11075,1817,2760,90.68
45644,1217,1633,53.68
100293,1805,749,24.68
97699,202,690,22.68
97699,423,1055,34.68
97699,426,690,22.68
97699,1616,1025,33.68
97699,1622,1025,33.68
97699,1801,1421,46.68
97699,1817,964,31.68
37107,202,1756,57.68
37107,203,3551,116.68
37107,206,2852,93.68
37107,411,2060,67.68
37107,426,2913,95.68
57372,198,902,29.68
57372,298,964,31.68
57372,498,841,27.68
57372,798,994,32.68
62141,305,2729,89.68
62141,306,3337,109.68
62141,414,1511,49.68
62141,915,1146,37.68
62141,1617,4555,149.68
62141,1813,2729,89.68
27849,1198,1756,57.68
27849,1804,1756,57.68
27849,1805,1756,57.68
41663,1014,1572,51.68
11607,708,1756,57.68
11607,1701,3125,102.68
11607,1813,2729,89.68
87218,102,2607,85.68
87218,406,3306,108.68
87218,428,2547,83.68
87218,1111,5774,189.68
62731,120,1177,38.68
62731,1701,1542,50.68
62731,1705,1421,46.68
62731,1798,1055,34.68
65079,498,902,29.68
59648,202,1025,33.68
59648,208,964,31.68
59648,406,1725,56.68
59648,426,964,31.68
59648,598,1817,59.68
59648,604,964,31.68
59648,1605,964,31.68
59648,1628,933,30.68
59648,1630,2210,72.68
13078,304,2729,89.68
13078,305,2729,89.68
55403,198,1756,57.68
55403,706,1603,52.68
89356,102,1756,57.68
89356,305,1817,59.68
89356,406,1756,57.68
89356,1215,841,27.68
89356,1627,3156,103.68
85099,423,2060,67.68
85099,1105,3064,100.68
85099,1605,2425,79.68
66352,423,902,29.68
66352,426,902,29.68
98816,1801,3337,109.68
90997,1619,1330,43.68
90997,1622,690,22.68
28437,304,1238,40.68
28437,305,1238,40.68
28437,605,3521,115.68
28437,612,3521,115.68
28437,1117,4525,148.68
28437,1215,3125,102.68
28437,1605,3916,128.68
94258,202,1146,37.68
94258,798,1603,52.68
94258,1113,964,31.68
94258,1198,902,29.68
94258,1817,2151,70.68
31309,1617,2210,72.68
81525,305,1664,54.68
81525,423,1238,40.68
81525,1616,3278,107.68
81525,1801,1207,39.68
31334,708,2425,79.68
31334,1617,2547,83.68
403,101,2151,70.68
403,601,2151,70.68
403,602,2151,70.68
403,101,2151,70.68
403,198,2151,70.68
403,202,2151,70.68
403,205,1998,65.68
403,298,2151,70.68
403,423,2151,70.68
403,424,2151,70.68
403,601,1268,41.68
403,602,1268,41.68
403,607,1268,41.68
68274,102,1452,47.68
68274,1113,1268,41.68
47748,504,1177,38.68
47748,1617,3490,114.68
92290,408,2151,70.68
92290,1812,902,29.68
37457,202,8299,272.68
37457,1113,6473,212.68
68720,1898,1572,51.68
51199,1617,2394,78.68
51199,1801,1998,65.68
70933,916,1511,49.68
70933,1817,1268,41.68
2676,202,1391,45.68
20213,608,1998,65.68
20213,708,1055,34.68
20213,1627,2729,89.68
55168,1803,2151,70.68
55168,1817,1086,35.68
55128,108,1086,35.68
79908,432,1391,45.68
79908,1605,1299,42.68
79908,1617,1572,51.68
79908,1801,1391,45.68
14398,101,4647,152.68
14398,198,4647,152.68
14398,915,3916,128.68
93422,1117,1480,48.68
67059,415,1207,39.68
67059,1623,1299,42.68
67059,1704,1268,41.68
40408,198,1968,64.68
40408,1105,1968,64.68
39039,205,1876,61.68
39039,304,2182,71.68
39039,305,2182,71.68
39039,405,2182,71.68
39039,411,1055,34.68
39039,1117,2333,76.68
39039,1215,1299,42.68
39039,1298,1695,55.68
39039,1605,4617,151.68
36954,426,2699,88.68
36954,705,1268,41.68
36954,706,1268,41.68
90212,406,994,32.68
90212,1011,1299,42.68
102858,507,1238,40.68
102858,304,690,22.68
102858,507,1238,40.68
102858,798,537,17.68
100499,116,690,22.68
100499,304,994,32.68
100499,305,1177,38.68
100499,307,994,32.68
100499,705,4252,139.68
100499,706,599,19.68
100499,809,2272,74.68
954,201,1086,35.68
954,304,1146,37.68
954,426,1511,49.68
954,605,994,32.68
954,1198,994,32.68
954,1305,1845,60.68
954,1605,5743,188.68
954,1698,994,32.68
10636,108,1086,35.68
80495,1630,1452,47.68
67629,304,2760,90.68
67629,426,1756,57.68
67629,1110,1633,53.68
67629,1113,1633,53.68
67629,1617,4068,133.68
99625,1801,780,25.68
12855,1705,1664,54.68
100024,411,629,20.68
100024,432,629,20.68
100024,1215,721,23.68
100024,1637,629,20.68
87092,201,1238,40.68
87092,304,1480,48.68
87092,306,4282,140.68
87092,1105,4160,136.68
87092,1708,4008,131.68
67576,798,1299,42.68
18069,406,1452,47.68
18069,1812,1452,47.68
83533,411,2486,81.68
83533,415,1391,45.68
83533,1614,933,30.68
83533,1615,1725,56.68
83533,1801,2029,66.68
90680,202,1421,46.68
90680,705,1238,40.68
90680,1617,1572,51.68
90680,1801,841,27.68
90680,1812,1421,46.68
70167,1112,1452,47.68
70167,1605,3702,121.68
70167,1703,3612,118.68
88825,104,1603,52.68
88825,202,2060,67.68
88825,1605,4798,157.68
88825,1801,2791,91.68
84376,107,1177,38.68
84376,432,1542,50.68
46167,1106,1725,56.68
49422,1605,1421,46.68
49422,1709,4343,142.68
49422,1813,2060,67.68
49422,1817,4678,153.68
47314,1812,1268,41.68
71015,304,1511,49.68
71015,305,1511,49.68
71015,313,1511,49.68
71015,1637,1511,49.68
20113,304,1268,41.68
20113,305,1968,64.68
20113,307,1268,41.68
20113,311,3094,101.68
20113,1637,3916,128.68
20113,1898,3429,112.68
91994,202,4282,140.68
93936,305,749,24.68
93936,306,749,24.68
93936,411,1360,44.68
93936,428,749,24.68
93936,1112,1511,49.68
93936,1117,1511,49.68
93936,1605,1786,58.68
55120,504,3947,129.68
55120,426,2882,94.68
55120,504,3886,127.68
55120,1898,1330,43.68
81504,1110,1452,47.68
3195,304,933,30.68
3195,415,994,32.68
99755,306,660,21.68
99755,698,660,21.68
56057,304,2060,67.68
56057,305,2060,67.68
56057,914,964,31.68
56057,915,902,29.68
56057,1113,933,30.68
56057,1119,933,30.68
56057,1701,3398,111.68
56057,1813,1876,61.68
3893,405,1421,46.68
3893,423,1421,46.68
3893,1619,1603,52.68
89817,713,1998,65.68
89817,1634,2029,66.68
89817,1812,2029,66.68
44061,304,2241,73.68
44061,305,2090,68.68
44061,306,2090,68.68
44061,423,2607,85.68
44061,606,2272,74.68
44061,1105,1511,49.68
44061,1112,2363,77.68
44061,1804,2913,95.68
44061,1809,2363,77.68
44061,1810,2363,77.68
44061,1811,2090,68.68
29286,1801,8177,268.68
21465,102,2821,92.68
21465,304,1146,37.68
21465,305,2821,92.68
21465,307,1146,37.68
21465,404,4374,143.68
21465,504,2486,81.68
21465,809,2516,82.68
21465,1113,2486,81.68
80320,304,1238,40.68
80320,1605,2394,78.68
80320,1637,2516,82.68
80320,1801,1998,65.68
71514,198,5469,179.68
71514,107,5469,179.68
71514,205,1633,53.68
71514,304,1391,45.68
71514,305,1391,45.68
71514,1118,1876,61.68
71514,1311,1055,34.68
96280,1627,2821,92.68
96280,1812,2852,93.68
62897,202,3490,114.68
62897,405,1756,57.68
62897,412,1268,41.68
62897,916,3156,103.68
62897,1801,1664,54.68
62897,1802,3429,112.68
28383,304,1086,35.68
28383,305,1086,35.68
28383,306,1086,35.68
28383,914,4282,140.68
28383,1801,1177,38.68
28383,1817,2455,80.68
4643,1634,3094,101.68
4643,1898,3033,99.68
90814,304,1115,36.68
90814,305,1115,36.68
90814,307,1115,36.68
68733,1622,1695,55.68
68733,1637,1695,55.68
48839,504,1238,40.68
48839,1812,1695,55.68
48839,1813,933,30.68
48839,1817,2090,68.68
84810,202,4068,133.68
84810,206,1360,44.68
84810,809,3582,117.68
81985,104,1086,35.68
81985,208,1268,41.68
81985,304,1115,36.68
81985,406,1238,40.68
81985,606,1086,35.68
10245,1117,1511,49.68
10245,1810,1572,51.68
59,304,1725,56.68
59,313,3429,112.68
59,1212,1725,56.68
59,1801,1603,52.68
89127,1627,2029,66.68
2292,1802,964,31.68
23969,202,2333,76.68
23969,304,994,32.68
23969,711,1238,40.68
23969,1701,2272,74.68
23969,1801,2333,76.68
92526,201,933,30.68
92526,602,1876,61.68
92526,705,2607,85.68
92526,1117,5132,168.68
3611,304,2090,68.68
3611,306,1268,41.68
3611,307,2090,68.68
3611,1701,2333,76.68
72550,1105,1937,63.68
72550,1113,1937,63.68
72550,1627,2333,76.68
98441,305,1025,33.68
98441,1117,3064,100.68
98441,1812,3064,100.68
82554,1617,994,32.68
81119,914,2882,94.68
81119,916,933,30.68
81119,1110,3247,106.68
81119,1312,2729,89.68
35379,202,2972,97.68
35379,304,1511,49.68
35379,406,872,28.68
35379,408,872,28.68
35379,412,872,28.68
35379,423,872,28.68
35379,426,1086,35.68
35379,1801,902,29.68
35379,1809,1725,56.68
35379,1817,3278,107.68
69242,504,4859,159.68
69242,504,4859,159.68
69242,519,2182,71.68
69242,1609,964,31.68
15901,202,964,31.68
15901,208,4708,154.68
15901,304,3459,113.68
15901,406,2425,79.68
15901,423,2394,78.68
15901,426,2394,78.68
15901,1113,2363,77.68
4881,306,2363,77.68
4881,805,994,32.68
4881,809,4708,154.68
4881,1617,1086,35.68
4881,1801,4068,133.68
4881,1803,3582,117.68
89699,809,2241,73.68
43615,202,1633,53.68
40673,304,1146,37.68
40673,305,1146,37.68
40673,498,2972,97.68
40673,1801,964,31.68
91351,1801,3702,121.68
45078,102,1511,49.68
45078,304,1511,49.68
45078,305,1511,49.68
45078,426,2182,71.68
45078,1110,1998,65.68
45078,1817,1998,65.68
96328,112,1876,61.68
96328,705,690,22.68
96328,708,690,22.68
96328,1198,1876,61.68
96328,1601,1055,34.68
96328,1627,1055,34.68
96328,1704,1756,57.68
96328,1817,811,26.68
96328,1898,1876,61.68
38705,423,1695,55.68
86625,304,902,29.68
86625,305,902,29.68
86625,1104,3582,117.68
86625,1817,3429,112.68
95333,410,2425,79.68
95333,412,2425,79.68
8604,304,1603,52.68
8604,305,1603,52.68
8604,425,5043,165.68
67774,201,1146,37.68
67774,407,872,28.68
67774,412,2882,94.68
67774,421,2882,94.68
67774,423,2882,94.68
67774,708,2882,94.68
67774,712,2882,94.68
67774,809,5163,169.68
55750,411,1786,58.68
55750,1801,1725,56.68
86337,304,841,27.68
86337,708,690,22.68
86337,715,749,24.68
86337,798,749,24.68
86337,803,749,24.68
86337,898,841,27.68
86337,1704,1238,40.68
5328,430,1695,55.68
5328,432,964,31.68
5328,1616,1238,40.68
5328,1617,1238,40.68
54917,1617,2090,68.68
7129,304,1025,33.68
7129,408,1207,39.68
7129,423,1207,39.68
7129,1112,964,31.68
7129,1616,2182,71.68
7129,1617,1268,41.68
7129,1622,2425,79.68
24689,304,4678,153.68
24689,305,4678,153.68
24689,307,4678,153.68
24689,426,4678,153.68
24689,710,1511,49.68
24689,1622,3521,115.68
24689,1803,841,27.68
20478,203,1511,49.68
20478,410,1511,49.68
96424,1812,1725,56.68
21126,1802,1025,33.68
21126,1812,1025,33.68
86085,428,1025,33.68
80969,428,994,32.68
29867,102,2121,69.68
29867,201,1391,45.68
29867,305,1756,57.68
29867,504,1756,57.68
29867,711,1603,52.68
29867,1113,2121,69.68
29867,1215,1299,42.68
29867,1619,5682,186.68
600,504,2729,89.68
78135,1704,1421,46.68
52288,914,2090,68.68
52288,1118,1817,59.68
24460,1198,4129,135.68
24460,108,2516,82.68
24460,432,902,29.68
24460,713,1633,53.68
24460,1113,3763,123.68
24460,1114,4129,135.68
24460,1618,1664,54.68
24460,1801,4160,136.68
70216,426,994,32.68
70216,432,994,32.68
70216,708,1146,37.68
70216,710,994,32.68
70216,1617,902,29.68
70216,1810,2060,67.68
34335,198,994,32.68
103289,1805,1177,38.68
103289,1817,1177,38.68
36202,304,1876,61.68
36202,305,1876,61.68
78158,202,1421,46.68
78158,406,1360,44.68
78158,412,994,32.68
78158,1998,994,32.68
96766,305,721,23.68
96766,313,2913,95.68
96766,423,1360,44.68
96766,1701,749,24.68
96766,1709,1968,64.68
96766,1812,1115,36.68
26494,305,1845,60.68
26494,1704,2272,74.68
19950,304,3582,117.68
19950,305,1664,54.68
19950,410,5498,180.68
19950,412,2882,94.68
19950,1117,5104,167.68
19950,1118,1695,55.68
19950,1637,5590,183.68
19950,1898,1268,41.68
97050,102,872,28.68
97050,206,1756,57.68
97050,306,1572,51.68
97050,405,5408,177.68
97050,426,5713,187.68
97050,598,872,28.68
97050,708,1086,35.68
97050,898,872,28.68
97050,1105,3490,114.68
97050,1113,872,28.68
97050,1601,3947,129.68
33981,305,2882,94.68
33981,411,2486,81.68
33981,1118,3217,105.68
64209,202,2182,71.68
64209,306,1452,47.68
64209,428,1817,59.68
64209,916,1452,47.68
64209,1312,1452,47.68
46140,202,3217,105.68
99509,305,1480,48.68
50397,498,1695,55.68
50397,708,1115,36.68
50397,712,902,29.68
83688,202,872,28.68
83688,1008,1025,33.68
83688,1609,1421,46.68
36840,112,933,30.68
36840,498,1511,49.68
36840,1616,1360,44.68
2963,1312,2882,94.68
2963,1614,2547,83.68
32347,102,2547,83.68
32347,306,3459,113.68
33549,304,1391,45.68
33549,311,1391,45.68
33549,430,1452,47.68
33549,1698,1452,47.68
75253,304,1207,39.68
75253,713,1876,61.68
75253,1117,3459,113.68
66646,304,1025,33.68
66646,305,1786,58.68
66646,412,5316,174.68
66646,426,1360,44.68
66646,429,4647,152.68
66646,504,3186,104.68
66646,605,1603,52.68
66646,1801,4525,148.68
41290,1616,1299,42.68
41290,1812,933,30.68
7476,305,1664,54.68
7476,306,1664,54.68
7476,1801,2486,81.68
50124,198,1756,57.68
50124,1113,1146,37.68
50124,1198,964,31.68
50124,1805,994,32.68
50124,1817,933,30.68
43297,1634,2029,66.68
5116,809,872,28.68
67329,102,1725,56.68
67329,198,1725,56.68
67329,115,1725,56.68
67329,117,1725,56.68
67329,411,964,31.68
67329,1634,1725,56.68
67329,1801,933,30.68
67329,1811,964,31.68
69073,1001,2394,78.68
69073,423,2121,69.68
69073,425,1421,46.68
69073,426,2182,71.68
69073,1617,2547,83.68
63058,304,1360,44.68
63058,313,3217,105.68
47824,412,1786,58.68
47824,712,1725,56.68
47824,1817,1542,50.68
73012,205,1876,61.68
73012,305,1391,45.68
73012,1810,2121,69.68
3749,1114,1480,48.68
3749,1805,1603,52.68
29590,1801,2791,91.68
735,112,2121,69.68
735,206,1115,36.68
735,1312,1115,36.68
735,1816,4555,149.68
76478,108,2241,73.68
76478,411,1146,37.68
76478,498,2668,87.68
76478,705,1025,33.68
76478,1605,3490,114.68
71041,198,1146,37.68
76034,426,1786,58.68
76034,914,1421,46.68
76034,916,1086,35.68
60480,411,1330,43.68
60480,432,1786,58.68
60480,1616,1238,40.68
60480,1622,1238,40.68
60480,1708,994,32.68
60480,1801,1633,53.68
11238,108,1025,33.68
11238,304,902,29.68
11238,305,902,29.68
11238,1312,1238,40.68
11238,1617,3521,115.68
11238,1801,2425,79.68
56542,203,1268,41.68
56542,426,1299,42.68
56542,1117,1268,41.68
86675,1813,964,31.68
86675,1898,1480,48.68
26138,109,1725,56.68
26138,305,2760,90.68
26138,306,2791,91.68
26138,908,2852,93.68
26138,1113,1907,62.68
26138,1117,3033,99.68
26138,1605,3977,130.68
26138,1801,2821,92.68
54289,1813,1480,48.68
5191,202,1876,61.68
5191,304,1876,61.68
5191,307,1876,61.68
5191,498,4068,133.68
5191,1106,1876,61.68
5191,1110,1876,61.68
5191,1617,4798,157.68
63895,1627,2090,68.68
63895,1812,2699,88.68
97084,432,690,22.68
97084,1215,1968,64.68
97084,1614,2394,78.68
97084,1617,902,29.68
102925,202,933,30.68
102925,305,780,25.68
102925,710,568,18.68
102925,1111,568,18.68
102925,1113,568,18.68
102925,1898,568,18.68
70038,198,1177,38.68
70038,410,2607,85.68
70038,411,2607,85.68
70038,428,1177,38.68
70038,708,2182,71.68
70038,709,2182,71.68
70038,718,2182,71.68
70038,1109,3186,104.68
70038,1112,3186,104.68
70038,1617,3125,102.68
70038,1804,3094,101.68
70038,1898,3186,104.68
91360,112,3278,107.68
91360,306,3278,107.68
91360,1105,1756,57.68
91360,1215,3217,105.68
91360,1640,3278,107.68
68694,305,1299,42.68
68694,306,1299,42.68
68694,1298,3671,120.68
45478,201,1876,61.68
45478,1630,5132,168.68
50061,304,1268,41.68
50061,307,1268,41.68
35359,712,1817,59.68
35359,1698,1845,60.68
5037,423,3794,124.68
5037,705,2852,93.68
5037,1113,1633,53.68
5037,1298,1055,34.68
5037,1616,4525,148.68
85102,305,2882,94.68
85102,311,2882,94.68
85102,1622,2882,94.68
96759,198,2210,72.68
96759,304,2210,72.68
96759,305,2210,72.68
96759,306,2210,72.68
96759,307,2210,72.68
96759,398,2210,72.68
96759,1119,2121,69.68
96759,1637,2210,72.68
96759,1701,2090,68.68
1933,1698,2060,67.68
1933,1817,3551,116.68
75252,304,1146,37.68
75252,1015,1907,62.68
75252,1898,1086,35.68
38763,414,1238,40.68
38763,1898,1238,40.68
60860,101,933,30.68
60860,411,1786,58.68
60860,612,1511,49.68
60860,1108,872,28.68
60860,1215,872,28.68
60860,1617,1725,56.68
60860,1701,902,29.68
55548,601,1391,45.68
40948,1817,1207,39.68
61168,205,1511,49.68
61168,298,1511,49.68
61168,305,1968,64.68
61168,708,4494,147.68
61168,709,4494,147.68
55721,411,1756,57.68
55721,1898,1756,57.68
60703,426,1207,39.68
60703,432,1360,44.68
70006,201,1391,45.68
70006,102,1360,44.68
70006,201,1330,43.68
91249,306,1725,56.68
91249,398,1725,56.68
91249,1198,2210,72.68
75808,1798,1299,42.68
92592,1801,1025,33.68
75402,206,1238,40.68
75402,1617,1391,45.68
75402,1801,1238,40.68
99110,504,780,25.68
99110,1637,4252,139.68
95375,1298,2941,96.68
95375,1798,3003,98.68
95375,1801,2972,97.68
40657,1708,872,28.68
59020,1622,1664,54.68
59020,1634,1664,54.68
59020,1640,1664,54.68
100342,202,3094,101.68
100342,304,749,24.68
100342,305,749,24.68
100342,306,749,24.68
100342,898,1876,61.68
100342,1898,3368,110.68
68005,108,2090,68.68
68005,798,2090,68.68
68005,1609,2210,72.68
68005,1617,994,32.68
68005,1624,2210,72.68
68005,1704,2060,67.68
96027,1110,1146,37.68
665,708,2668,87.68
665,1617,2425,79.68
29987,201,1633,53.68
29987,304,5377,176.68
29987,305,5377,176.68
29987,415,1025,33.68
29987,1112,1845,60.68
29987,1216,1025,33.68
20751,304,1695,55.68
5327,313,2638,86.68
5327,1117,2060,67.68
5327,1801,2425,79.68
4507,898,933,30.68
4507,1305,933,30.68
4507,1312,1725,56.68
90915,410,1086,35.68
90915,798,872,28.68
90915,1198,811,26.68
90915,1898,811,26.68
45835,198,1025,33.68
45835,421,2090,68.68
45835,712,2302,75.68
45835,906,1391,45.68
45835,1605,2302,75.68
45835,1801,1907,62.68
46877,202,1086,35.68
46877,406,994,32.68
46877,1605,1025,33.68
49459,704,3886,127.68
49459,304,1480,48.68
49459,305,1480,48.68
49459,307,1480,48.68
49459,504,841,27.68
49459,1605,1115,36.68
78647,1112,2090,68.68
78647,1817,1633,53.68
58358,304,994,32.68
58358,310,3337,109.68
58358,1619,3337,109.68
58358,1622,3247,106.68
58358,1803,1421,46.68
58358,1817,1360,44.68
32544,102,2972,97.68
32544,201,1115,36.68
32544,304,2455,80.68
32544,307,2455,80.68
32544,1198,2972,97.68
23120,305,2394,78.68
23120,306,2394,78.68
23120,1801,5285,173.68
73286,313,3186,104.68
32339,915,1452,47.68
32339,1609,2029,66.68
76435,198,3671,120.68
76435,202,3156,103.68
76435,306,3886,127.68
76435,404,2972,97.68
76435,407,2791,91.68
76435,428,2607,85.68
76435,504,4313,141.68
76435,708,3337,109.68
76435,1609,4252,139.68
93499,1616,902,29.68
93499,1617,872,28.68
58835,198,1756,57.68
58835,1612,2182,71.68
54947,304,1086,35.68
54947,428,2882,94.68
54947,1801,2302,75.68
54947,1817,2821,92.68
73877,1801,1330,43.68
73877,1816,1695,55.68
48929,405,994,32.68
48929,1605,1542,50.68
46730,109,2333,76.68
46730,306,2272,74.68
46730,1113,1876,61.68
46730,1609,3855,126.68
46730,1617,3855,126.68
46730,1801,1756,57.68
46730,1817,902,29.68
29610,101,994,32.68
29610,102,2607,85.68
29610,201,994,32.68
29610,304,994,32.68
29610,305,994,32.68
29610,1110,933,30.68
29610,1113,933,30.68
77033,305,902,29.68
77033,306,902,29.68
77033,1640,902,29.68
35439,1816,3003,98.68
62237,1817,2029,66.68
54275,202,872,28.68
54275,412,2241,73.68
54275,426,2121,69.68
54275,432,841,27.68
93940,203,2821,92.68
93940,411,2882,94.68
93940,1008,1603,52.68
65663,504,2607,85.68
65663,406,2090,68.68
65663,504,2607,85.68
65663,1113,933,30.68
25008,116,1421,46.68
25008,1105,6351,208.68
25008,1312,6320,207.68
25008,1627,7082,232.68
25008,1798,6412,210.68
25008,1801,2486,81.68
25008,1805,2699,88.68
26063,1110,1480,48.68
73521,1609,1360,44.68
73521,1803,1360,44.68
53017,101,2210,72.68
53017,106,2210,72.68
53017,198,2210,72.68
53017,1598,1845,60.68
53017,198,2210,72.68
53017,498,1845,60.68
59464,915,5012,164.68
59464,916,2029,66.68
59464,1113,1725,56.68
59464,1312,964,31.68
92061,705,2791,91.68
92061,708,2272,74.68
92061,712,2241,73.68
92061,1609,4586,150.68
92061,1617,4586,150.68
68595,202,3125,102.68
68595,304,1786,58.68
68595,1106,3186,104.68
68595,1701,2060,67.68
68595,1805,3643,119.68
72867,206,2363,77.68
96520,1630,2455,80.68
10258,406,1817,59.68
10258,411,2455,80.68
10258,1110,3278,107.68
13057,201,1146,37.68
13057,202,994,32.68
13057,305,994,32.68
13057,914,6139,201.68
64767,202,1876,61.68
64767,423,1511,49.68
64767,426,1511,49.68
64767,1108,1937,63.68
37268,1598,1299,42.68
37268,1110,1330,43.68
37268,1116,1360,44.68
102672,411,629,20.68
102672,809,1025,33.68
102688,304,3702,121.68
102688,305,660,21.68
102688,306,2182,71.68
102688,498,3702,121.68
102688,998,1421,46.68
102688,1105,1421,46.68
102688,1198,599,19.68
85373,1598,1115,36.68
62684,202,1876,61.68
62684,412,1876,61.68
62684,423,1876,61.68
62684,426,1876,61.68
62684,705,1086,35.68
5601,202,841,27.68
5601,405,811,26.68
5601,1627,2151,70.68
5601,1803,872,28.68
100398,1627,749,24.68
23744,305,2151,70.68
23744,306,2151,70.68
23744,404,4678,153.68
23744,1113,1452,47.68
23744,1703,2913,95.68
23744,1801,5104,167.68
77012,404,2516,82.68
77012,406,2333,76.68
77012,432,964,31.68
77012,1622,1998,65.68
77012,1701,3033,99.68
77012,1705,1025,33.68
77012,1817,1055,34.68
78683,604,1421,46.68
93021,711,780,25.68
15369,1098,1817,59.68
29643,304,1391,45.68
29643,1113,902,29.68
29643,1898,2852,93.68
61930,208,1452,47.68
61930,304,2302,75.68
61930,423,2972,97.68
61930,426,2060,67.68
61930,606,1452,47.68
61930,706,3702,121.68
61930,714,1968,64.68
61930,809,1391,45.68
61930,1215,1511,49.68
61930,1701,1695,55.68
61930,1798,2576,84.68
9804,306,994,32.68
82807,1105,1725,56.68
11950,202,1025,33.68
11950,304,1360,44.68
11950,498,2821,92.68
11950,1312,2090,68.68
11950,1627,3521,115.68
5046,1110,1330,43.68
5046,1637,933,30.68
5046,1810,1511,49.68
26413,305,1511,49.68
26413,420,2607,85.68
26413,1215,3702,121.68
26413,1910,2607,85.68
63997,1117,1452,47.68
63997,1701,1542,50.68
79331,298,3247,106.68
79331,304,6259,205.68
79331,429,1025,33.68
79331,803,1907,62.68
79331,898,1907,62.68
79331,1106,3337,109.68
79331,1113,2029,66.68
79331,1216,1146,37.68
79331,1701,6200,203.68
79331,1810,5804,190.68
70134,304,1360,44.68
70134,305,1360,44.68
70134,306,2547,83.68
70134,307,1360,44.68
70134,407,3916,128.68
70134,426,3916,128.68
70134,916,964,31.68
70134,1113,1025,33.68
70134,1701,1968,64.68
70134,1801,902,29.68
64461,1617,1115,36.68
57492,202,933,30.68
57492,311,4890,160.68
57492,406,933,30.68
57492,426,933,30.68
57492,705,933,30.68
57492,1605,3551,116.68
97062,102,902,29.68
97062,205,902,29.68
97062,304,872,28.68
97062,305,1238,40.68
97062,426,2029,66.68
97062,504,902,29.68
61750,202,1360,44.68
61750,306,629,20.68
61750,423,1756,57.68
61750,1617,2425,79.68
61750,1627,1603,52.68
56995,102,1238,40.68
56995,205,1238,40.68
56995,304,4433,145.68
56995,305,2972,97.68
56995,412,4433,145.68
56995,498,1876,61.68
56995,512,1511,49.68
56995,514,1452,47.68
56995,1305,1876,61.68
53563,117,2302,75.68
53563,1801,1968,64.68
14949,198,2182,71.68
14949,304,994,32.68
14949,305,994,32.68
14949,307,994,32.68
14949,398,1115,36.68
14949,1113,1360,44.68
14949,1609,1786,58.68
14949,1617,2699,88.68
14949,1637,2210,72.68
14949,1813,3094,101.68
102260,708,568,18.68
102260,1605,599,19.68
95111,504,2516,82.68
95111,201,1207,39.68
95111,307,1330,43.68
95111,504,2516,82.68
95111,713,2821,92.68
95111,1812,2394,78.68
47680,108,1998,65.68
47680,202,1299,42.68
47680,306,1633,53.68
47680,1801,3278,107.68
47680,1817,3064,100.68
65261,712,4190,137.68
65261,1617,4037,132.68
89717,305,1025,33.68
89717,426,7842,257.68
68423,1640,1572,51.68
21072,426,1238,40.68
21072,712,3582,117.68
65713,102,1025,33.68
65713,205,1025,33.68
65713,1113,1421,46.68
65713,1298,1115,36.68
65713,1802,4647,152.68
65713,1898,4313,141.68
89628,412,1542,50.68
89628,708,1542,50.68
89628,709,872,28.68
89628,712,1542,50.68
89628,914,1511,49.68
89628,915,1511,49.68
89628,916,1511,49.68
89628,1801,1330,43.68
35701,610,964,31.68
35701,1098,933,30.68
32860,305,2882,94.68
32860,307,1086,35.68
85524,1001,2852,93.68
85524,1609,2852,93.68
85524,1616,1937,63.68
85524,1617,2852,93.68
85524,1701,2699,88.68
89365,305,2455,80.68
19331,1110,902,29.68
19331,1113,902,29.68
64722,102,902,29.68
64722,198,902,29.68
64722,407,902,29.68
64722,429,1542,50.68
64722,809,3156,103.68
50422,1215,1421,46.68
50422,1298,1391,45.68
34690,102,2241,73.68
34690,109,2241,73.68
34690,404,1511,49.68
34690,406,1511,49.68
34690,608,1876,61.68
34690,1113,1876,61.68
34690,1211,1876,61.68
34690,1215,1146,37.68
34690,1704,1115,36.68
41111,426,3794,124.68
41111,1204,1603,52.68
66952,101,1146,37.68
66952,205,1268,41.68
66952,305,1511,49.68
66952,1205,1207,39.68
66952,1701,4343,142.68
66952,1798,5621,184.68
66952,1801,1055,34.68
58880,1701,1177,38.68
58880,1801,1025,33.68
41753,305,1817,59.68
41753,306,1817,59.68
41753,414,1299,42.68
41753,428,1146,37.68
41753,1216,1452,47.68
41753,1298,1330,43.68
41753,1898,4708,154.68
56930,1605,1238,40.68
56930,1622,1207,39.68
56930,1634,1207,39.68
56930,1640,1207,39.68
86714,406,1360,44.68
86714,911,1086,35.68
56044,1898,1480,48.68
65373,1110,841,27.68
65373,1601,1360,44.68
65373,1817,1572,51.68
65373,1898,2852,93.68
8993,203,5163,169.68
8993,713,1268,41.68
25153,1701,1146,37.68
25153,1801,1756,57.68
71992,102,1330,43.68
71992,205,1695,55.68
71992,304,964,31.68
71992,604,933,30.68
71992,1198,964,31.68
71992,1609,5774,189.68
71992,1637,6078,199.68
81016,407,2425,79.68
81016,432,2729,89.68
81016,604,1725,56.68
81016,1617,2729,89.68
81016,1622,1207,39.68
93640,206,721,23.68
93640,407,2699,88.68
93640,412,2699,88.68
93640,423,2699,88.68
93640,428,902,29.68
93640,712,2699,88.68
93640,1216,3186,104.68
93640,1298,3551,116.68
93640,1312,3186,104.68
93640,1628,1299,42.68
93640,1817,2821,92.68
79008,1802,933,30.68
100582,110,1845,60.68
100582,198,2699,88.68
100582,305,1756,57.68
100582,306,1756,57.68
100582,423,994,32.68
100582,504,3643,119.68
100582,1312,3064,100.68
248,304,1452,47.68
248,305,1238,40.68
248,406,1786,58.68
248,407,1480,48.68
248,798,1511,49.68
248,998,1177,38.68
248,1805,3612,118.68
78811,1627,2668,87.68
85628,428,994,32.68
23692,202,2029,66.68
23692,304,1756,57.68
23692,915,1268,41.68
23692,1637,1817,59.68
23692,1701,1633,53.68
23692,1801,1421,46.68
23692,1802,1572,51.68
74454,305,994,32.68
74454,713,2760,90.68
96115,306,749,24.68
96115,1813,749,24.68
72291,298,1207,39.68
72291,708,1207,39.68
72291,715,1998,65.68
72291,914,1998,65.68
72291,1708,5255,172.68
36342,202,1146,37.68
36342,1304,1603,52.68
33163,916,1055,34.68
33163,1815,2394,78.68
30506,305,1876,61.68
30506,306,1876,61.68
30506,1617,4037,132.68
30506,1630,4190,137.68
30506,1801,1907,62.68
30506,1817,1542,50.68
61763,405,1299,42.68
102476,1817,994,32.68
100348,104,1330,43.68
100348,304,1330,43.68
100348,407,1391,45.68
100348,504,1786,58.68
100348,908,1817,59.68
100348,1113,2210,72.68
86608,102,1238,40.68
86608,205,1238,40.68
86608,304,1391,45.68
86608,305,1391,45.68
86608,398,1391,45.68
48747,426,1055,34.68
48747,514,1207,39.68
29324,1110,1391,45.68
98794,426,902,29.68
98794,601,1146,37.68
98794,607,902,29.68
98794,1117,1177,38.68
98794,1801,902,29.68
61395,1001,2090,68.68
81135,504,5529,181.68
81135,102,2607,85.68
81135,201,2607,85.68
81135,426,5894,193.68
81135,504,6259,205.68
81135,1110,2607,85.68
81135,1305,6259,205.68
26073,1801,1421,46.68
26073,1817,1146,37.68
87143,305,1603,52.68
87143,1817,1055,34.68
87143,1998,3247,106.68
78121,1801,2455,80.68
78121,1816,1421,46.68
67271,1801,1786,58.68
19497,101,3094,101.68
19497,102,1603,52.68
19497,103,3064,100.68
19497,304,1603,52.68
19497,306,1603,52.68
19497,426,3125,102.68
19497,1898,3125,102.68
26128,108,2486,81.68
26128,405,2547,83.68
26128,426,2547,83.68
26128,1801,2060,67.68
45094,202,3306,108.68
45094,305,994,32.68
45094,405,3306,108.68
45094,424,3186,104.68
45094,809,1968,64.68
45094,1117,4008,131.68
50142,304,994,32.68
50142,1312,1695,55.68
11427,504,5012,164.68
11427,1198,4951,162.68
11427,511,2029,66.68
11427,1117,4951,162.68
11427,1605,5012,164.68
9579,305,3702,121.68
9579,426,4555,149.68
9579,1106,4252,139.68
9579,1618,5682,186.68
97987,798,2272,74.68
13567,305,1511,49.68
13567,398,1511,49.68
13567,906,1146,37.68
13567,908,1146,37.68
83846,105,1055,34.68
83846,198,1055,34.68
83846,110,1055,34.68
85602,112,1937,63.68
85602,1798,1238,40.68
39474,304,1238,40.68
39474,305,1480,48.68
39474,504,1238,40.68
39474,510,1055,34.68
39474,708,2455,80.68
39474,1117,1238,40.68
39474,1616,1086,35.68
39474,1617,1086,35.68
85662,304,1876,61.68
85662,307,1876,61.68
85662,432,1086,35.68
72443,304,1268,41.68
72443,305,1268,41.68
72443,406,2729,89.68
72443,498,2729,89.68
81376,405,2852,93.68
81376,406,2852,93.68
81376,407,2852,93.68
81376,423,2852,93.68
81376,916,3398,111.68
81376,1898,2729,89.68
61622,411,1360,44.68
61622,709,2972,97.68
61622,1801,1115,36.68
97427,1616,2668,87.68
19807,304,2090,68.68
19807,307,2090,68.68
19807,519,933,30.68
19807,1215,3582,117.68
19807,1817,1086,35.68
1191,305,2394,78.68
1191,1113,1452,47.68
2647,408,4099,134.68
2647,410,3947,129.68
2647,423,4099,134.68
2647,424,4099,134.68
2647,426,4099,134.68
2647,428,1725,56.68
2647,1701,1542,50.68
15289,202,872,28.68
15289,304,1330,43.68
15289,412,1876,61.68
96540,209,1360,44.68
96540,1898,1817,59.68
58409,706,2121,69.68
58409,1634,2090,68.68
58409,1813,1299,42.68
90427,1617,1360,44.68
90427,1705,841,27.68
90427,1810,2060,67.68
2038,298,1207,39.68
2038,1637,3947,129.68
2592,304,2821,92.68
2592,310,4282,140.68
2592,404,2182,71.68
2592,705,2516,82.68
2592,708,2090,68.68
2592,1601,2090,68.68
2592,1614,3551,116.68
81340,1598,3429,112.68
81340,1110,3429,112.68
14504,304,2760,90.68
14504,307,2760,90.68
14504,1113,3855,126.68
14504,1637,6443,211.68
14504,1801,5955,195.68
89280,1898,1725,56.68
64939,102,1876,61.68
64939,202,1146,37.68
64939,203,1146,37.68
64939,304,1238,40.68
64939,306,3337,109.68
64939,414,1146,37.68
64939,426,3337,109.68
64939,1113,2241,73.68
64939,1211,1146,37.68
64939,1634,1146,37.68
90211,202,4920,161.68
90211,203,4920,161.68
90211,306,2852,93.68
90211,432,902,29.68
90211,712,4343,142.68
90211,714,2913,95.68
90211,719,4374,143.68
90211,1105,1025,33.68
90211,1601,1695,55.68
90211,1605,3824,125.68
90211,1617,4282,140.68
90211,1812,4617,151.68
41731,404,1876,61.68
41731,1801,1572,51.68
41731,1817,1542,50.68
77867,412,2668,87.68
6954,414,902,29.68
6954,428,933,30.68
6954,1106,2668,87.68
53027,202,872,28.68
53027,1637,1299,42.68
23321,504,933,30.68
23321,1627,1817,59.68
33854,1617,2729,89.68
33854,1817,1542,50.68
43577,202,3217,105.68
43577,423,3217,105.68
21450,1812,1603,52.68
39800,101,1025,33.68
39800,201,1025,33.68
39800,705,6200,203.68
39800,809,4951,162.68
39800,1215,3125,102.68
100913,406,1511,49.68
100913,426,1511,49.68
61408,102,4282,140.68
61408,104,4282,140.68
61408,1113,2486,81.68
61408,1817,994,32.68
63876,1619,1207,39.68
96753,102,902,29.68
96753,304,1633,53.68
96753,307,1633,53.68
96753,423,1115,36.68
96753,504,749,24.68
96753,605,1115,36.68
96753,714,1633,53.68
37981,305,1086,35.68
37981,311,1086,35.68
37981,411,1238,40.68
37981,423,933,30.68
37981,426,933,30.68
37981,705,964,31.68
37981,916,1115,36.68
37981,1015,1115,36.68
37981,1017,994,32.68
37981,1616,1238,40.68
37981,1617,1207,39.68
37981,1634,1238,40.68
37981,1637,1238,40.68
37981,1704,933,30.68
79767,1801,1542,50.68
86830,198,5285,173.68
86830,198,5285,173.68
86830,428,1511,49.68
86830,1105,1086,35.68
86830,1205,841,27.68
86830,1898,1086,35.68
73663,304,1086,35.68
73663,498,1086,35.68
73663,504,1086,35.68
73663,998,1207,39.68
66359,410,2333,76.68
66359,411,2241,73.68
66359,1619,2486,81.68
66359,1701,1480,48.68
45039,306,2121,69.68
45039,432,3337,109.68
45039,504,2182,71.68
45039,602,2090,68.68
45039,705,4739,155.68
45039,1098,5347,175.68
45039,1111,1299,42.68
45039,1117,5347,175.68
29627,423,2913,95.68
29627,1105,1937,63.68
77446,1108,1146,37.68
94252,304,780,25.68
94252,311,780,25.68
68287,809,2760,90.68
68287,1617,5012,164.68
49271,108,3156,103.68
49271,304,2182,71.68
49271,405,3156,103.68
49271,426,2791,91.68
49271,428,2029,66.68
49271,432,3490,114.68
49271,714,2302,75.68
58502,201,902,29.68
58502,304,3306,108.68
58502,305,2333,76.68
58502,313,2333,76.68
58502,1614,4282,140.68
58502,1801,3094,101.68
33810,303,1421,46.68
33810,423,2151,70.68
33810,426,2151,70.68
33810,498,1480,48.68
33810,1617,2241,73.68
33810,1634,2241,73.68
33810,1801,2241,73.68
33810,1816,2121,69.68
70264,305,1055,34.68
70264,504,1937,63.68
70264,898,1115,36.68
90675,1110,1756,57.68
62708,304,1695,55.68
62708,306,2182,71.68
62708,1798,2729,89.68
15434,1812,3429,112.68
22911,304,964,31.68
22911,313,3916,128.68
50234,1617,1452,47.68
50234,1622,1633,53.68
50234,1634,1633,53.68
55067,411,1177,38.68
55067,426,3306,108.68
53531,1627,1207,39.68
64964,428,1480,48.68
64964,504,1876,61.68
64964,612,1786,58.68
64964,1605,2516,82.68
64964,1801,1817,59.68
44310,426,1695,55.68
44310,604,1756,57.68
44310,605,1756,57.68
44310,1619,2699,88.68
48471,415,964,31.68
42844,916,1452,47.68
92991,1617,902,29.68
92991,1634,872,28.68
42774,198,4678,153.68
42774,1198,3551,116.68
42774,1301,3003,98.68
42774,1598,1572,51.68
42774,205,1146,37.68
42774,306,4343,142.68
42774,424,4647,152.68
42774,429,3398,111.68
42774,714,1633,53.68
42774,798,1572,51.68
42774,916,1330,43.68
42774,1007,4586,150.68
42774,1119,3551,116.68
42774,1216,1115,36.68
42774,1312,3003,98.68
42774,1615,4647,152.68
42774,1709,4678,153.68
42774,1805,4402,144.68
42774,1813,3094,101.68
42774,1898,4343,142.68
94089,102,1511,49.68
94089,202,4767,156.68
94089,205,1876,61.68
94089,305,1115,36.68
94089,504,660,21.68
95752,111,841,27.68
95752,404,780,25.68
95752,1015,841,27.68
95752,1110,841,27.68
95752,1629,841,27.68
49318,202,1845,60.68
49318,798,4829,158.68
49318,1810,5073,166.68
53308,205,1055,34.68
53308,304,1876,61.68
53308,305,1876,61.68
53308,306,1876,61.68
53308,307,1876,61.68
53308,423,1876,61.68
53308,498,4068,133.68
53308,602,2241,73.68
53308,605,4798,157.68
53308,910,2241,73.68
53308,1198,2241,73.68
53308,1215,4798,157.68
91272,305,2486,81.68
91272,713,3886,127.68
91272,809,2668,87.68
91272,1801,994,32.68
20515,108,933,30.68
20515,206,872,28.68
69188,1705,2090,68.68
54768,304,1238,40.68
54768,1105,841,27.68
54768,1605,2363,77.68
54768,1623,2363,77.68
81914,1105,1238,40.68
81914,1817,994,32.68
46884,410,2090,68.68
46884,415,2090,68.68
46884,712,2638,86.68
46884,713,2576,84.68
46884,719,2090,68.68
46884,1117,1664,54.68
55157,306,994,32.68
55157,407,1330,43.68
55157,432,2121,69.68
55157,1622,2151,70.68
55157,1640,2121,69.68
55157,1801,1055,34.68
77668,1616,2151,70.68
77668,1617,2151,70.68
15158,313,2333,76.68
15158,411,2272,74.68
523,406,4282,140.68
523,408,4282,140.68
523,423,4282,140.68
523,426,4282,140.68
523,1110,933,30.68
523,1111,933,30.68
523,1605,6624,217.68
14354,102,1603,52.68
14354,305,1633,53.68
14354,898,1238,40.68
91064,1113,1542,50.68
25926,414,4037,132.68
25926,428,933,30.68
25926,498,933,30.68
25926,504,1542,50.68
25926,1306,1845,60.68
25926,1628,3459,113.68
93471,202,780,25.68
93471,1801,1725,56.68
64248,202,1146,37.68
64248,415,1299,42.68
21646,304,872,28.68
21646,305,872,28.68
21646,311,4433,145.68
21646,598,1238,40.68
21646,719,964,31.68
21646,1605,3794,124.68
21646,1801,2941,96.68
21646,1817,3612,118.68
87710,102,1452,47.68
87710,304,4129,135.68
87710,916,4129,135.68
87710,1108,1207,39.68
87710,1801,2821,92.68
66780,504,964,31.68
66780,1817,1115,36.68
73863,710,1572,51.68
73863,1701,4160,136.68
1340,201,2151,70.68
88806,109,872,28.68
88806,198,872,28.68
88806,205,1876,61.68
88806,298,2972,97.68
88806,304,1421,46.68
88806,305,1421,46.68
88806,426,1025,33.68
88806,612,2972,97.68
88806,1117,2151,70.68
88806,1205,1025,33.68
88806,1801,3794,124.68
34478,1701,1603,52.68
34478,1801,1695,55.68
34478,1810,2699,88.68
2267,1617,5469,179.68
94268,423,3886,127.68
94268,798,811,26.68
94268,1601,872,28.68
83061,304,1115,36.68
83061,305,1115,36.68
83061,307,1115,36.68
83061,311,1115,36.68
83061,428,1146,37.68
83061,432,4555,149.68
83061,1601,4555,149.68
83061,1627,4555,149.68
37416,411,2090,68.68
37416,1215,2090,68.68
83856,108,1177,38.68
87759,201,1238,40.68
87759,304,3916,128.68
87759,308,3916,128.68
87759,1701,3916,128.68
19136,1898,1817,59.68
74584,304,964,31.68
56399,1117,1603,52.68
15456,202,3582,117.68
15456,405,1786,58.68
15456,407,2729,89.68
15456,410,3977,130.68
15456,412,3156,103.68
15456,421,1756,57.68
15456,423,3521,115.68
15456,712,1756,57.68
15456,713,2760,90.68
4621,1312,2607,85.68
7397,406,2029,66.68
7397,412,2029,66.68
52590,404,1299,42.68
52590,406,4190,137.68
52590,1605,4829,158.68
27678,304,964,31.68
27678,305,964,31.68
27678,498,1360,44.68
27678,1605,1391,45.68
25047,202,1360,44.68
25047,412,1725,56.68
25047,1215,1725,56.68
25047,1898,964,31.68
13005,202,964,31.68
13005,406,1360,44.68
13005,1701,2882,94.68
13005,1817,2486,81.68
71430,304,1146,37.68
71430,305,1146,37.68
71430,415,4829,158.68
71430,1008,4920,161.68
71430,1113,1725,56.68
71430,1622,3916,128.68
71430,1698,4920,161.68
87524,202,1238,40.68
87524,1617,4464,146.68
87524,1622,4464,146.68
87524,1634,4464,146.68
87524,1637,4464,146.68
14229,1801,2363,77.68
46905,1616,4617,151.68
25261,104,1756,57.68
25261,109,1756,57.68
25261,112,2090,68.68
25261,1622,2090,68.68
80626,306,1238,40.68
80626,713,1299,42.68
91705,1617,964,31.68
91705,1801,1086,35.68
33590,313,2182,71.68
15895,432,1845,60.68
15895,898,1452,47.68
15895,1108,1786,58.68
15895,1798,1452,47.68
96647,414,2060,67.68
96647,426,1391,45.68
96647,1113,1907,62.68
96647,1117,2121,69.68
96647,1609,1421,46.68
96647,1626,3247,106.68
17794,102,1146,37.68
17794,201,1511,49.68
17794,915,841,27.68
24709,1617,2972,97.68
24709,1705,2241,73.68
24709,1817,1937,63.68
85391,1112,1177,38.68
85391,1801,1086,35.68
85391,1812,2638,86.68
85391,1816,4464,146.68
85452,1017,1299,42.68
96839,305,1786,58.68
96839,498,1452,47.68
96839,1113,1452,47.68
97680,507,902,29.68
97680,507,902,29.68
97680,1117,690,22.68
19624,412,1238,40.68
59702,426,1268,41.68
98392,116,2151,70.68
98392,206,2060,67.68
98392,304,660,21.68
98392,610,1299,42.68
98392,1112,1511,49.68
98392,1614,1695,55.68
12469,304,1268,41.68
12469,307,1633,53.68
12469,428,1756,57.68
12469,1601,3582,117.68
61922,304,902,29.68
61922,311,3977,130.68
64342,202,1086,35.68
64342,709,902,29.68
64342,1605,1542,50.68
64342,1701,1968,64.68
1826,298,1391,45.68
1826,304,1817,59.68
1826,305,1817,59.68
1826,405,1360,44.68
1826,409,5012,164.68
1826,605,1452,47.68
1826,708,1146,37.68
1826,803,1055,34.68
1826,1617,1115,36.68
1826,1902,5073,166.68
24032,504,1025,33.68
24032,504,1025,33.68
24032,1617,2151,70.68
102792,107,1268,41.68
102792,426,476,15.68
102792,432,964,31.68
102792,898,721,23.68
102792,914,811,26.68
102792,1605,1238,40.68
102792,1817,690,22.68
42491,305,1664,54.68
42491,1008,1998,65.68
42491,1609,2241,73.68
52481,426,1452,47.68
93221,304,780,25.68
18905,205,994,32.68
18905,304,994,32.68
18905,305,994,32.68
18905,307,994,32.68
18905,1113,994,32.68
18905,1605,5925,194.68
18905,1622,5894,193.68
18905,1634,5894,193.68
18905,1709,5894,193.68
10597,202,2029,66.68
10597,426,1299,42.68
10597,1801,1086,35.68
10597,1802,1238,40.68
60913,198,6290,206.68
60913,306,5194,170.68
60913,409,4647,152.68
60913,711,902,29.68
38290,307,872,28.68
38290,1898,6290,206.68
100063,1805,749,24.68
7918,1113,1299,42.68
13153,202,3977,130.68
13153,504,3094,101.68
13153,1112,4068,133.68
13153,1113,2882,94.68
13153,1619,4678,153.68
13153,1703,2699,88.68
13153,1812,2455,80.68
13153,1816,5682,186.68
98837,304,1391,45.68
74086,916,1664,54.68
74086,1634,1817,59.68
77433,198,3886,127.68
77433,498,3763,123.68
77433,1801,3094,101.68
77433,1805,3733,122.68
77433,1898,3886,127.68
65846,304,1542,50.68
37944,102,994,32.68
37944,201,1146,37.68
37944,405,1876,61.68
37944,514,1330,43.68
37944,1113,1876,61.68
42357,198,1146,37.68
42357,306,2151,70.68
42357,709,1845,60.68
42357,914,1937,63.68
42357,916,1146,37.68
42357,998,1725,56.68
42357,1609,2547,83.68
83531,304,964,31.68
83531,307,964,31.68
83531,405,3794,124.68
83531,1112,933,30.68
83531,1605,4525,148.68
84389,202,994,32.68
84389,1609,1025,33.68
84389,1617,902,29.68
49803,408,1998,65.68
49803,1816,1025,33.68
15810,304,1146,37.68
15810,708,933,30.68
15810,709,933,30.68
37631,305,1845,60.68
37631,405,902,29.68
61685,1636,2852,93.68
61685,1801,3490,114.68
91778,1634,4252,139.68
91778,1701,2060,67.68
76070,412,1299,42.68
76070,712,1268,41.68
76070,1617,1299,42.68
75657,102,1238,40.68
75657,208,1207,39.68
75657,305,1177,38.68
75657,411,4708,154.68
75657,428,2394,78.68
75657,432,2090,68.68
75657,698,4829,158.68
75657,1615,3947,129.68
75657,1627,3490,114.68
75657,1817,2576,84.68
50239,306,2363,77.68
50239,713,2516,82.68
50239,1605,1177,38.68
52505,305,872,28.68
52505,428,1725,56.68
52505,1204,964,31.68
52505,1617,1238,40.68
52505,1802,1207,39.68
52505,1817,1086,35.68
67338,426,2151,70.68
67338,1622,2486,81.68
67338,1634,2486,81.68
67338,1637,2486,81.68
67338,1640,2486,81.68
45920,704,1603,52.68
45920,426,1299,42.68
92074,1116,1238,40.68
78988,202,2151,70.68
78988,427,1360,44.68
78988,428,1055,34.68
78988,1701,1786,58.68
19763,414,1146,37.68
19763,426,1876,61.68
8848,1001,6351,208.68
91949,412,2363,77.68
91949,1198,1633,53.68
74592,805,1025,33.68
74592,1113,2060,67.68
74592,1119,2060,67.68
74592,1801,1207,39.68
72060,426,1725,56.68
72060,1105,2090,68.68
72060,1617,2852,93.68
14141,915,1633,53.68
14141,1630,1725,56.68
23602,415,2151,70.68
23602,1704,1664,54.68
101960,298,2576,84.68
101960,306,933,30.68
101960,608,2576,84.68
101960,915,3306,108.68
101960,916,933,30.68
101960,1015,933,30.68
101960,1112,3916,128.68
101960,1113,3306,108.68
101960,1211,2576,84.68
3078,916,1542,50.68
73297,404,1786,58.68
73297,408,1330,43.68
73297,705,599,19.68
73297,708,1876,61.68
73297,710,568,18.68
19851,102,2121,69.68
19851,198,1146,37.68
19851,205,1360,44.68
19851,304,3337,109.68
19851,426,4068,133.68
19851,809,4647,152.68
93466,304,994,32.68
84987,610,4068,133.68
90762,198,1817,59.68
90762,713,4433,145.68
90762,1108,964,31.68
90762,1113,1391,45.68
90762,1815,4678,153.68
83728,409,872,28.68
83728,1902,872,28.68
64261,202,4617,151.68
64261,1110,4678,153.68
64261,1617,5469,179.68
30376,1701,1664,54.68
30376,1898,1146,37.68
5783,104,1146,37.68
5783,201,1511,49.68
5783,298,5894,193.68
5783,412,2972,97.68
5783,428,872,28.68
5783,1204,1511,49.68
94871,102,721,23.68
94871,1637,4555,149.68
94871,1801,3794,124.68
79064,1705,1238,40.68
79064,1802,933,30.68
9145,198,2852,93.68
9145,202,964,31.68
9145,205,994,32.68
9145,298,902,29.68
9145,304,964,31.68
9145,305,964,31.68
9145,1216,902,29.68
9145,1312,1786,58.68
88017,412,1146,37.68
88017,426,1146,37.68
76163,405,2151,70.68
4240,304,1177,38.68
4240,306,1207,39.68
4240,706,1817,59.68
4240,1704,2913,95.68
4240,1801,2151,70.68
4240,1812,3003,98.68
12113,198,1421,46.68
12113,298,933,30.68
12113,404,1421,46.68
12113,426,1421,46.68
12113,1704,1055,34.68
12113,1812,1360,44.68
12113,1898,1207,39.68
62907,498,994,32.68
62907,1703,1360,44.68
98707,198,1998,65.68
98707,115,1998,65.68
82752,916,1299,42.68
61625,304,811,26.68
61625,423,4252,139.68
61625,1801,4252,139.68
16881,1118,1786,58.68
34568,712,3094,101.68
100830,313,2699,88.68
52279,428,902,29.68
52279,705,1725,56.68
52279,712,2363,77.68
52279,1617,2668,87.68
52279,1619,2363,77.68
52279,1801,994,32.68
101854,805,811,26.68
101854,910,3156,103.68
101854,1305,811,26.68
81163,503,2882,94.68
81163,504,2882,94.68
81163,504,2882,94.68
81163,1601,964,31.68
28403,306,1511,49.68
99422,1698,721,23.68
88001,498,1817,59.68
88001,1698,2302,75.68
11936,198,3459,113.68
11936,298,3459,113.68
11936,304,1055,34.68
11936,698,3459,113.68
11936,1617,2729,89.68
11936,1998,3459,113.68
65026,708,2363,77.68
65026,712,2272,74.68
65026,1898,2151,70.68
38329,512,1207,39.68
90909,809,1603,52.68
90909,1605,2516,82.68
71137,1312,1086,35.68
3268,202,2972,97.68
3268,1898,2486,81.68
41831,101,1511,49.68
41831,498,15756,517.68
41831,1817,15756,517.68
99945,1622,780,25.68
99945,1640,780,25.68
23357,1617,1330,43.68
7508,304,1511,49.68
7508,1701,2272,74.68
7508,1898,2972,97.68
26703,304,3186,104.68
26703,307,3186,104.68
33181,304,1360,44.68
33181,1698,1725,56.68
85972,114,2791,91.68
85972,414,1268,41.68
85972,426,1511,49.68
85972,1215,3368,110.68
66588,104,964,31.68
66588,109,964,31.68
66588,202,964,31.68
66588,304,1299,42.68
66588,406,3794,124.68
66588,426,3977,130.68
66588,1111,1360,44.68
66588,1701,3947,129.68
66588,1703,3459,113.68
66588,1798,2121,69.68
25744,413,1086,35.68
25744,504,1086,35.68
68142,432,964,31.68
68142,498,933,30.68
68142,1637,1299,42.68
19658,304,964,31.68
19658,306,964,31.68
19658,1817,902,29.68
28181,423,1664,54.68
55059,423,1238,40.68
26227,202,1025,33.68
26227,426,2913,95.68
26227,498,1817,59.68
26227,1105,1055,34.68
26227,1198,1086,35.68
27488,304,1268,41.68
27488,406,1572,51.68
27488,1106,1572,51.68
27488,1205,1146,37.68
27488,1701,2638,86.68
89457,304,4068,133.68
89457,307,4068,133.68
89457,311,4617,151.68
89457,705,2791,91.68
89457,710,2791,91.68
89457,1813,2791,91.68
102525,102,1330,43.68
102525,304,2791,91.68
102525,305,2791,91.68
102525,307,2791,91.68
102525,708,507,16.68
102525,1803,537,17.68
3838,304,1725,56.68
3838,306,1725,56.68
3838,1619,3094,101.68
3838,1640,2455,80.68
44735,1809,4525,148.68
63211,306,902,29.68
63211,498,3186,104.68
63211,1111,933,30.68
63211,1601,1115,36.68
63211,1614,1480,48.68
63211,1617,1511,49.68
63211,1801,1664,54.68
61730,304,1055,34.68
61730,1637,1360,44.68
13359,426,4252,139.68
13359,432,4282,140.68
13359,1801,4252,139.68
13359,1802,3733,122.68
13359,1812,4008,131.68
13359,1813,2852,93.68
17776,405,4647,152.68
17776,411,994,32.68
17776,423,4647,152.68
17776,428,994,32.68
93901,1630,780,25.68
4506,108,1177,38.68
4506,198,933,30.68
4506,304,1115,36.68
4506,405,2121,69.68
96777,108,964,31.68
96777,304,902,29.68
96777,404,1756,57.68
96777,405,964,31.68
96777,426,2852,93.68
84033,424,964,31.68
91739,407,2547,83.68
91739,423,2699,88.68
91739,432,2455,80.68
91739,708,2394,78.68
91739,714,1480,48.68
91739,1634,2729,89.68
91739,1812,1146,37.68
91739,1898,1207,39.68
95693,1812,749,24.68
26664,305,1238,40.68
91393,916,2182,71.68
91393,1105,1664,54.68
91393,1117,3459,113.68
91393,1605,3582,117.68
91393,1898,994,32.68
64962,1605,1268,41.68
64962,1812,1177,38.68
60810,405,1391,45.68
60810,406,1452,47.68
60810,423,1391,45.68
60810,1698,933,30.68
57580,305,994,32.68
48748,304,3033,99.68
48748,307,3033,99.68
48748,1112,660,21.68
48748,1812,3612,118.68
97143,610,1452,47.68
97143,1112,1238,40.68
97143,1701,964,31.68
97143,1812,1360,44.68
12074,423,1055,34.68
12074,712,1695,55.68
12074,1701,1633,53.68
80884,406,1299,42.68
80884,423,1299,42.68
80884,1701,1725,56.68
101176,305,3186,104.68
101176,306,3186,104.68
101176,426,3429,112.68
101176,510,1238,40.68
101176,1118,841,27.68
101176,1801,2547,83.68
37254,208,3794,124.68
51937,101,3521,115.68
51937,102,3521,115.68
73270,411,1998,65.68
73270,914,1695,55.68
81360,798,933,30.68
81360,1801,1207,39.68
81360,1812,1238,40.68
94734,311,994,32.68
8677,1898,1146,37.68
60644,1637,1146,37.68
90893,205,1360,44.68
90893,304,1115,36.68
90893,708,1086,35.68
90893,1698,4037,132.68
90893,1704,1146,37.68
90893,1801,2607,85.68
90893,1817,1633,53.68
30793,202,1876,61.68
30793,426,1876,61.68
42272,305,1268,41.68
42272,412,2425,79.68
42272,712,2425,79.68
42272,1108,3551,116.68
42272,1113,1268,41.68
42272,1803,3582,117.68
42272,1898,1177,38.68
67719,411,1603,52.68
67719,916,1025,33.68
67719,1617,1603,52.68
65457,916,1177,38.68
37566,916,1086,35.68
17731,304,2151,70.68
17731,305,2151,70.68
17731,1609,2852,93.68
17731,1627,1664,54.68
17731,1701,4982,163.68
33507,202,1115,36.68
33507,406,1025,33.68
33507,423,1025,33.68
33507,1110,1146,37.68
61672,411,933,30.68
61672,1627,1633,53.68
14419,305,1391,45.68
14419,1817,994,32.68
21318,610,4739,155.68
21318,1605,4739,155.68
99811,305,1086,35.68
99811,307,1086,35.68
99811,504,1086,35.68
99811,1637,2913,95.68
99811,1801,872,28.68
89388,109,2210,72.68
89388,304,1907,62.68
89388,305,1907,62.68
89388,405,2882,94.68
89388,712,1603,52.68
89388,798,2607,85.68
89388,1111,1664,54.68
8736,1802,3612,118.68
75099,202,5073,166.68
75099,406,5469,179.68
75099,412,4739,155.68
75099,423,5285,173.68
75099,426,4739,155.68
75099,1605,5682,186.68
75099,1612,2090,68.68
75099,1701,1268,41.68
64826,101,1664,54.68
64826,102,1177,38.68
64826,107,1664,54.68
64826,304,1146,37.68
64826,306,1146,37.68
64826,426,1452,47.68
64826,915,1572,51.68
64826,1306,1572,51.68
64826,1616,1664,54.68
8165,1622,964,31.68
19011,426,933,30.68
19011,432,1055,34.68
31729,906,2241,73.68
31729,998,2241,73.68
89179,1622,1937,63.68
89183,1105,2547,83.68
89783,504,6593,216.68
89783,102,1845,60.68
89783,206,994,32.68
89783,516,933,30.68
89783,598,933,30.68
56973,398,4464,146.68
56973,102,537,17.68
56973,305,1330,43.68
56973,1815,933,30.68
61630,1704,1968,64.68
10643,304,1268,41.68
10643,305,1268,41.68
10643,1117,2941,96.68
100445,411,660,21.68
100445,1616,629,20.68
100445,1617,629,20.68
91624,304,872,28.68
91624,398,872,28.68
91624,498,872,28.68
91624,1898,872,28.68
95850,1898,1146,37.68
77855,304,1238,40.68
77855,313,3551,116.68
77855,430,3398,111.68
77855,715,872,28.68
77855,1117,1845,60.68
56536,202,1238,40.68
54361,298,1268,41.68
54361,304,2151,70.68
54361,305,1146,37.68
54361,307,1207,39.68
54361,914,1207,39.68
54361,1708,1055,34.68
62163,412,3125,102.68
62163,1605,2821,92.68
62163,1813,3459,113.68
1916,1616,1542,50.68
44739,304,3064,100.68
44739,305,1998,65.68
44739,914,2972,97.68
44739,1117,3612,118.68
10906,406,1360,44.68
10906,426,2182,71.68
10906,1817,1480,48.68
19614,1305,3582,117.68
19614,1312,2090,68.68
45505,405,841,27.68
45505,426,1055,34.68
81445,411,2882,94.68
81445,1117,3278,107.68
86640,598,2791,91.68
86640,914,1845,60.68
86640,998,1845,60.68
86640,1698,2791,91.68
54857,305,1330,43.68
54857,1617,4129,135.68
50176,304,1238,40.68
3821,304,1268,41.68
3821,307,994,32.68
3821,713,902,29.68
3821,1803,2486,81.68
3821,1898,902,29.68
27396,602,964,31.68
27396,108,902,29.68
27396,205,1572,51.68
27396,426,1572,51.68
27396,603,1238,40.68
27396,604,1238,40.68
27396,605,1238,40.68
27396,606,1238,40.68
27396,612,964,31.68
77202,202,841,27.68
77202,426,1055,34.68
77202,1105,2394,78.68
77202,1112,2029,66.68
77202,1609,994,32.68
77202,1703,1391,45.68
77202,1704,2972,97.68
99908,415,2486,81.68
99908,430,3278,107.68
99908,1617,3612,118.68
99908,1630,3733,122.68
99908,1698,3278,107.68
84260,908,933,30.68
84260,1298,5529,181.68
84260,1605,1511,49.68
84260,1617,4798,157.68
84260,1637,1511,49.68
84260,1801,4402,144.68
84260,1898,1511,49.68
87570,712,1055,34.68
87570,1898,2210,72.68
60189,102,1360,44.68
60189,304,1725,56.68
60189,305,1725,56.68
60189,1108,1511,49.68
65487,1118,2090,68.68
65487,1801,1086,35.68
52012,1102,5043,165.68
52012,304,2576,84.68
52012,305,2576,84.68
52012,306,2668,87.68
52012,1811,4951,162.68
52012,1815,4252,139.68
93969,426,872,28.68
90098,998,3156,103.68
90098,405,1603,52.68
90098,406,872,28.68
90098,426,872,28.68
90098,428,1238,40.68
90098,910,3156,103.68
90098,915,3156,103.68
90098,1617,3247,106.68
37678,1622,2760,90.68
37678,1703,2151,70.68
58922,116,1025,33.68
58922,202,1845,60.68
58922,304,1876,61.68
58922,306,5529,181.68
58922,1816,1786,58.68
18216,202,1664,54.68
18216,432,2302,75.68
18216,708,933,30.68
18216,709,872,28.68
18216,712,872,28.68
18216,1616,2151,70.68
18216,1898,2210,72.68
58145,504,1876,61.68
58145,1898,1603,52.68
25276,1627,994,32.68
25276,1637,1207,39.68
10028,710,964,31.68
10028,1605,3551,116.68
100719,1813,1177,38.68
7814,426,1025,33.68
7814,915,3337,109.68
7814,1812,1330,43.68
7814,1813,1330,43.68
87647,1798,1238,40.68
43706,305,3671,120.68
20169,306,2882,94.68
20169,612,841,27.68
20169,898,1207,39.68
20169,916,841,27.68
56371,1817,964,31.68
83780,305,749,24.68
83780,1601,1695,55.68
83780,1622,2547,83.68
83780,1627,2090,68.68
83780,1701,1177,38.68
83780,1801,964,31.68
83780,1805,3337,109.68
87090,809,1695,55.68
87090,1311,1695,55.68
11723,304,1330,43.68
11723,305,4982,163.68
11723,404,1511,49.68
11723,405,1511,49.68
11723,504,1330,43.68
11723,512,964,31.68
11723,705,1452,47.68
11723,1305,1330,43.68
11723,1312,2060,67.68
19160,306,4708,154.68
19160,408,4708,154.68
19160,908,964,31.68
19160,915,964,31.68
19160,1810,3459,113.68
72927,1601,1725,56.68
33311,202,2029,66.68
33311,1810,5682,186.68
8513,1198,1177,38.68
8513,1601,1299,42.68
17077,203,1238,40.68
18259,1113,1633,53.68
18259,1298,5316,174.68
65255,203,1299,42.68
65255,412,2760,90.68
65255,423,2394,78.68
55662,1598,2210,72.68
55662,404,1360,44.68
55662,407,933,30.68
55662,424,1360,44.68
55662,719,1360,44.68
55662,1098,1207,39.68
55662,1398,2210,72.68
85107,714,2241,73.68
85107,915,933,30.68
85107,1698,2241,73.68
33070,708,1025,33.68
33070,1637,902,29.68
40017,304,1817,59.68
40017,405,1542,50.68
40017,423,1542,50.68
40017,426,1542,50.68
40017,1609,2182,71.68
56441,306,3337,109.68
56441,414,1998,65.68
56441,1215,3125,102.68
66862,304,994,32.68
66862,432,1025,33.68
66862,1617,1725,56.68
66862,1812,1299,42.68
66862,1816,1817,59.68
44760,1605,1115,36.68
44760,1798,1330,43.68
19098,202,1725,56.68
19098,1798,1511,49.68
76241,101,1360,44.68
76241,202,4374,143.68
76241,205,1360,44.68
76241,304,1025,33.68
76241,306,6443,211.68
76241,307,1025,33.68
76241,406,1025,33.68
76241,414,2210,72.68
76241,428,1025,33.68
76241,708,1025,33.68
76241,709,1025,33.68
76241,711,1025,33.68
76241,712,1025,33.68
76241,915,1025,33.68
76241,916,1360,44.68
76241,1113,1025,33.68
76241,1898,2607,85.68
62130,706,872,28.68
62130,1698,2121,69.68
63757,1801,1695,55.68
11879,305,2455,80.68
11879,429,2241,73.68
89196,1634,1664,54.68
89196,1817,1177,38.68
38709,1601,2029,66.68
100217,809,3824,125.68
100217,1619,4282,140.68
17726,108,1238,40.68
17726,198,4252,139.68
17726,304,1480,48.68
17726,1705,1695,55.68
17726,1809,4647,152.68
17726,1814,4252,139.68
4255,405,2791,91.68
86732,411,1633,53.68
86732,1801,1299,42.68
86732,1816,2699,88.68
93906,304,841,27.68
93906,1817,841,27.68
28361,202,3033,99.68
28361,404,2486,81.68
28361,406,2486,81.68
28361,412,1633,53.68
28361,426,1633,53.68
28361,1106,3064,100.68
50892,108,1817,59.68
50892,305,1330,43.68
50892,306,1330,43.68
50892,1609,1756,57.68
50892,1617,1695,55.68
72644,304,1115,36.68
72644,305,1115,36.68
72644,408,2972,97.68
32879,1630,4008,131.68
89820,308,2425,79.68
69342,304,3947,129.68
69342,305,1452,47.68
69342,708,1603,52.68
69342,1106,3702,121.68
69342,1801,1876,61.68
69342,1816,3612,118.68
80058,108,872,28.68
80058,304,1299,42.68
80058,305,1055,34.68
80058,306,1055,34.68
80058,1701,1055,34.68
49926,1801,2547,83.68
49926,1812,1633,53.68
49926,1817,2333,76.68
58950,102,1695,55.68
58950,201,1268,41.68
58950,202,4647,152.68
58950,304,2486,81.68
58950,408,3916,128.68
58950,414,3582,117.68
58950,610,1299,42.68
58950,1605,4920,161.68
58950,1704,4343,142.68
31734,304,3094,101.68
31734,1801,3886,127.68
31734,1817,2090,68.68
15297,1598,2333,76.68
80646,305,1876,61.68
64359,426,1664,54.68
64359,1113,1756,57.68
59834,305,2607,85.68
59834,306,2607,85.68
59834,498,2607,85.68
69566,1704,1238,40.68
49130,1110,1146,37.68
49130,1701,1603,52.68
28080,305,2486,81.68
28080,1617,4982,163.68
88951,304,841,27.68
88951,305,1115,36.68
88951,709,1238,40.68
88951,1801,2425,79.68
47986,1215,3186,104.68
56351,423,2455,80.68
48055,306,2699,88.68
48055,411,2060,67.68
73033,1817,902,29.68
13573,202,872,28.68
13573,1616,1238,40.68
69002,1605,1421,46.68
86314,1601,1055,34.68
86314,1614,1238,40.68
86314,1633,841,27.68
86314,1817,1299,42.68
41813,1898,1695,55.68
82147,198,3429,112.68
82147,107,3429,112.68
82147,1015,3429,112.68
82147,1605,2182,71.68
82147,1617,1845,60.68
82147,1812,2638,86.68
30355,305,2821,92.68
30355,307,2821,92.68
30355,310,4678,153.68
30355,398,4678,153.68
30355,510,2791,91.68
30355,1014,2394,78.68
35358,298,2090,68.68
35358,305,1360,44.68
35358,411,2516,82.68
35358,612,2090,68.68
35358,1117,3247,106.68
35358,1619,3247,106.68
38915,202,1086,35.68
38915,1637,933,30.68
38915,1798,1421,46.68
11724,504,2760,90.68
11724,598,2760,90.68
11724,1298,2729,89.68
11724,304,3125,102.68
11724,305,1998,65.68
11724,504,3125,102.68
11724,510,3125,102.68
11724,1298,1998,65.68
11724,1710,3521,115.68
11724,1801,933,30.68
6875,407,2151,70.68
6875,423,2241,73.68
6875,708,2729,89.68
6875,719,1756,57.68
6875,1617,2638,86.68
6875,1801,1907,62.68
97336,1619,1055,34.68
43958,304,1633,53.68
43958,305,1633,53.68
43958,306,1633,53.68
43958,714,1511,49.68
43958,1105,933,30.68
43958,1113,1391,45.68
43958,1701,2941,96.68
43958,1801,3217,105.68
46149,1102,6228,204.68
46149,305,3612,118.68
46149,423,2821,92.68
46149,432,3490,114.68
46149,708,1452,47.68
46149,915,1452,47.68
46149,1110,6593,216.68
46149,1119,1086,35.68
46149,1617,1452,47.68
46149,1801,1907,62.68
46149,1810,6228,204.68
95552,916,1480,48.68
54341,305,933,30.68
54341,307,2455,80.68
102930,198,1115,36.68
48704,1703,1480,48.68
61320,1817,1817,59.68
98505,426,811,26.68
98505,708,1146,37.68
98505,714,1146,37.68
98505,1605,811,26.68
98505,1634,811,26.68
15063,112,1452,47.68
15063,414,1480,48.68
15063,1605,1725,56.68
15063,1617,1725,56.68
83866,1605,3337,109.68
83866,1612,3521,115.68
83866,1627,1360,44.68
83866,1812,2486,81.68
98493,1598,2425,79.68
98493,426,1998,65.68
50582,1622,1207,39.68
50582,1898,1146,37.68
58241,304,872,28.68
58241,714,3429,112.68
58241,1704,933,30.68
83959,1605,872,28.68
83959,1617,872,28.68
83959,1622,902,29.68
99936,1605,568,18.68
48594,304,933,30.68
48594,305,5408,177.68
48594,404,2913,95.68
48594,908,994,32.68
48594,1017,2791,91.68
48594,1105,3003,98.68
48594,1113,3003,98.68
48594,1198,3156,103.68
48594,1305,2029,66.68
48594,1805,3064,100.68
90350,1113,1603,52.68
12237,1198,1876,61.68
12237,1703,841,27.68
12237,1801,1633,53.68
16889,101,1177,38.68
16889,205,933,30.68
16889,1801,1330,43.68
27769,202,964,31.68
27769,719,1086,35.68
27769,914,1238,40.68
37526,304,2791,91.68
37526,1110,2791,91.68
37526,1119,2791,91.68
37526,1312,3064,100.68
37526,1802,2791,91.68
28883,108,1299,42.68
28883,305,1633,53.68
28883,610,2821,92.68
28883,916,4402,144.68
28883,1801,3306,108.68
46008,504,3551,116.68
46008,504,3551,116.68
31172,109,872,28.68
31172,116,841,27.68
31172,307,872,28.68
31172,406,5377,176.68
31172,426,4647,152.68
31172,428,1055,34.68
31172,711,872,28.68
31172,1106,4068,133.68
31172,1113,4037,132.68
31172,1205,1968,64.68
31172,1308,841,27.68
87184,108,1360,44.68
50197,101,4008,131.68
50197,103,4008,131.68
50197,305,1268,41.68
50197,1113,1725,56.68
22526,202,3217,105.68
22526,208,3217,105.68
22526,305,1330,43.68
22526,406,3947,129.68
11241,306,1146,37.68
11241,408,1025,33.68
11241,426,994,32.68
11241,432,1025,33.68
11241,1605,872,28.68
90903,398,1207,39.68
90903,713,2821,92.68
90903,1701,3003,98.68
90903,1815,2394,78.68
66277,504,3368,110.68
66277,102,1238,40.68
66277,305,3429,112.68
66277,415,2576,84.68
66277,504,3368,110.68
66277,1637,3247,106.68
102769,109,780,25.68
102769,305,841,27.68
102769,307,476,15.68
102769,423,841,27.68
102769,708,811,26.68
102769,1801,749,24.68
102769,1898,780,25.68
49190,298,3459,113.68
49190,304,4037,132.68
49190,305,3186,104.68
49190,426,5012,164.68
49190,705,1421,46.68
49190,798,2882,94.68
49190,1106,1725,56.68
62714,1613,4433,145.68
62714,1701,964,31.68
62714,1804,4433,145.68
62714,1810,4433,145.68
45047,428,964,31.68
45047,1619,3643,119.68
91193,1198,1480,48.68
91193,1801,1725,56.68
32721,202,2699,88.68
32721,405,2121,69.68
32721,1817,2486,81.68
55767,1105,1845,60.68
55767,1801,1360,44.68
23078,306,1725,56.68
23078,398,1725,56.68
23078,414,1421,46.68
23078,432,872,28.68
23078,1116,2394,78.68
23078,1198,872,28.68
23078,1298,872,28.68
23078,1627,1968,64.68
23078,1802,841,27.68
23078,1816,1695,55.68
23078,1898,1025,33.68
96080,407,690,22.68
96080,1801,902,29.68
99256,1605,721,23.68
43457,307,1025,33.68
43457,428,2852,93.68
41544,102,1268,41.68
41544,304,1268,41.68
41544,305,1876,61.68
41544,306,1268,41.68
41544,405,1055,34.68
41544,414,1115,36.68
41544,423,1055,34.68
41544,713,4008,131.68
41544,1113,1817,59.68
41544,1119,933,30.68
41544,1701,4068,133.68
41544,1898,4343,142.68
61108,705,1633,53.68
61108,1637,1817,59.68
61108,1812,2333,76.68
41889,1801,3947,129.68
6594,305,1511,49.68
6594,504,872,28.68
6594,1701,2941,96.68
30679,406,1391,45.68
30679,426,1664,54.68
30679,1312,1086,35.68
30679,1801,2060,67.68
51293,1701,1664,54.68
51293,1705,1664,54.68
51293,1709,3278,107.68
51293,1801,4068,133.68
40126,102,1876,61.68
40126,1110,2972,97.68
84658,304,2029,66.68
84658,426,3125,102.68
84658,498,660,21.68
84658,706,3490,114.68
84658,1112,2821,92.68
84658,1617,2791,91.68
84658,1627,872,28.68
84658,1701,1055,34.68
60464,428,1055,34.68
991,1414,1146,37.68
991,1617,2821,92.68
991,1898,1146,37.68
39902,914,1603,52.68
26951,423,872,28.68
83664,708,1055,34.68
83664,1617,1086,35.68
49968,1605,2455,80.68
49968,1616,2455,80.68
5274,108,994,32.68
5274,109,1330,43.68
5274,305,1786,58.68
5274,313,5560,182.68
5274,404,2882,94.68
5274,407,2151,70.68
5274,914,1086,35.68
5274,1117,1207,39.68
5274,1305,2882,94.68
99855,423,2090,68.68
99855,1601,3521,115.68
99855,1701,3671,120.68
9384,1801,2302,75.68
45022,1198,4890,160.68
45022,101,1756,57.68
45022,1105,3643,119.68
45022,1110,4890,160.68
45022,1198,4068,133.68
97182,428,872,28.68
97182,1112,1360,44.68
76689,198,933,30.68
76689,201,964,31.68
76689,202,1086,35.68
76689,411,3521,115.68
76689,428,1511,49.68
76689,514,964,31.68
76689,610,5560,182.68
76689,710,2821,92.68
76689,809,994,32.68
76689,898,964,31.68
76689,911,964,31.68
76689,1113,2821,92.68
76689,1623,5560,182.68
76689,1637,5469,179.68
76689,1701,4647,152.68
1084,306,902,29.68
1084,898,599,19.68
1084,1627,2607,85.68
74646,1012,1664,54.68
74646,1637,1025,33.68
8851,305,1603,52.68
58058,305,1845,60.68
20905,429,933,30.68
20905,798,2272,74.68
20905,1617,2638,86.68
20905,1805,2455,80.68
102466,304,872,28.68
102466,305,4282,140.68
102466,914,507,16.68
102466,998,2699,88.68
102466,1106,994,32.68
102466,1627,2699,88.68
24084,406,1907,62.68
24084,1605,1664,54.68
24084,1701,1238,40.68
24084,1703,902,29.68
26626,304,1845,60.68
91459,604,933,30.68
91459,915,1817,59.68
91459,1113,1480,48.68
91459,1601,4920,161.68
91459,1627,2547,83.68
91459,1805,5132,168.68
7166,108,1268,41.68
7166,1701,1055,34.68
90985,1634,1633,53.68
37651,305,1480,48.68
86668,304,994,32.68
86668,1215,1025,33.68
39760,305,1055,34.68
39760,1117,3186,104.68
39760,1617,1268,41.68
5154,307,902,29.68
5154,712,1725,56.68
5154,1640,3003,98.68
75758,412,3306,108.68
75758,430,3306,108.68
75758,705,872,28.68
75758,914,3398,111.68
75758,915,2333,76.68
75758,916,2791,91.68
75758,1015,3612,118.68
75758,1701,2638,86.68
75758,1703,1055,34.68
75758,1798,2455,80.68
15997,713,1786,58.68
41314,1598,2121,69.68
41314,305,1360,44.68
41314,307,3186,104.68
46388,202,1299,42.68
2473,304,1055,34.68
2473,305,1055,34.68
2473,306,2090,68.68
2473,398,1055,34.68
73057,504,3521,115.68
73057,598,3521,115.68
73057,298,3521,115.68
73057,504,3398,111.68
73057,1698,2760,90.68
73057,1898,3094,101.68
56173,1810,1025,33.68
56173,1898,1299,42.68
62984,305,1876,61.68
62984,412,4798,157.68
62984,426,4798,157.68
62984,511,2760,90.68
62984,712,4829,158.68
62984,1105,2852,93.68
62984,1617,2729,89.68
62984,1626,3824,125.68
96711,202,1421,46.68
96711,426,1421,46.68
96711,1801,1664,54.68
33932,608,1268,41.68
33932,1113,1268,41.68
33932,1801,2821,92.68
33932,1816,2821,92.68
90434,414,964,31.68
90434,914,3125,102.68
90434,916,5163,169.68
90434,1113,1360,44.68
77329,202,1421,46.68
77329,304,1421,46.68
77329,306,1421,46.68
77329,1701,964,31.68
77329,1705,964,31.68
35208,406,1025,33.68
42687,504,2272,74.68
88370,102,1177,38.68
88370,201,1177,38.68
88370,304,1542,50.68
88370,498,841,27.68
88370,1198,2576,84.68
88370,1205,964,31.68
82329,424,1055,34.68
82329,1609,872,28.68
82329,1622,933,30.68
82329,1798,902,29.68
91405,412,4313,141.68
91405,426,4647,152.68
91405,1801,3521,115.68
32594,305,2272,74.68
32594,504,1786,58.68
32594,1498,902,29.68
43637,406,4617,151.68
43637,1801,3429,112.68
66938,426,3125,102.68
66938,809,1299,42.68
66938,1108,2210,72.68
66938,1113,2668,87.68
66938,1817,2760,90.68
70093,202,964,31.68
70093,304,1725,56.68
70093,411,4252,139.68
70093,432,872,28.68
70093,1634,3763,123.68
70093,1709,3916,128.68
70093,1812,4037,132.68
67073,1705,2090,68.68
67073,1801,1146,37.68
7448,408,1756,57.68
87049,709,3247,106.68
90243,1617,1817,59.68
81326,104,1391,45.68
81326,415,1391,45.68
81326,1817,872,28.68
47533,905,3094,101.68
47533,304,1998,65.68
47533,311,1086,35.68
47533,705,1115,36.68
47533,905,3094,101.68
47533,1116,4798,157.68
61329,424,1330,43.68
48316,305,1086,35.68
48316,910,1876,61.68
41323,1704,1146,37.68
17350,305,5163,169.68
17350,1637,4798,157.68
100322,916,599,19.68
100322,1627,599,19.68
75811,428,2972,97.68
75811,1113,2607,85.68
75811,1498,1330,43.68
24621,916,2729,89.68
24621,1998,6169,202.68
14016,426,1452,47.68
64880,1118,2547,83.68
64880,1801,994,32.68
87891,305,902,29.68
87891,306,902,29.68
87891,426,933,30.68
87891,498,933,30.68
87891,1113,1207,39.68
96182,708,964,31.68
96182,709,964,31.68
96182,1701,2638,86.68
98276,202,902,29.68
98276,1111,660,21.68
80433,205,1055,34.68
80433,504,4555,149.68
80433,1706,5012,164.68
80433,1813,2729,89.68
51397,504,1968,64.68
51397,798,933,30.68
51397,1305,1115,36.68
76488,114,2241,73.68
76488,428,1115,36.68
76488,504,2029,66.68
76488,1605,1207,39.68
76488,1637,2029,66.68
76488,1812,1817,59.68
86944,423,2516,82.68
86944,426,2516,82.68
86944,1801,2272,74.68
86419,426,3186,104.68
86419,1105,1572,51.68
86419,1704,2486,81.68
67974,1801,1207,39.68
101923,504,994,32.68
101923,809,994,32.68
101923,1113,2455,80.68
101923,1305,1360,44.68
101923,1622,1725,56.68
51145,713,4008,131.68
51145,1701,4099,134.68
51145,1898,3551,116.68
41832,198,4586,150.68
41832,104,2729,89.68
41832,110,4586,150.68
41832,305,1876,61.68
41832,809,1238,40.68
99941,108,1086,35.68
99941,202,780,25.68
99941,407,660,21.68
99941,426,660,21.68
48644,198,1268,41.68
48644,298,1268,41.68
48644,305,4494,147.68
48644,998,841,27.68
48644,1198,1603,52.68
48644,1701,6869,225.68
48644,1898,5804,190.68
69508,305,1055,34.68
69508,398,1452,47.68
69508,1622,1238,40.68
80214,304,3337,109.68
80214,407,2972,97.68
80214,412,1876,61.68
80214,423,2972,97.68
80214,430,2607,85.68
80214,708,1876,61.68
28863,430,1238,40.68
20978,202,2941,96.68
20978,412,2729,89.68
20978,426,2547,83.68
20978,1617,3490,114.68
39586,512,2455,80.68
72454,504,1391,45.68
72454,504,1391,45.68
97098,1015,1177,38.68
82228,304,3977,130.68
82228,305,3337,109.68
82228,404,3916,128.68
82228,1106,3337,109.68
82228,1117,4008,131.68
82228,1198,1998,65.68
82228,1701,3217,105.68
34236,304,780,25.68
80445,708,1391,45.68
80445,709,1391,45.68
44848,304,1025,33.68
44848,705,1025,33.68
44848,712,4433,145.68
44848,1615,1207,39.68
44848,1798,4129,135.68
44848,1817,3490,114.68
79356,1598,2210,72.68
79356,1105,1115,36.68
79356,1114,2210,72.68
87141,304,2972,97.68
87141,504,1511,49.68
87141,809,4890,160.68
87141,1801,4252,139.68
20085,430,1268,41.68
20085,1015,1268,41.68
92557,1634,1968,64.68
2083,313,4221,138.68
2083,405,994,32.68
2083,1701,1115,36.68
2083,1801,2729,89.68
64021,305,1695,55.68
64021,414,964,31.68
57308,411,2394,78.68
16580,1622,1725,56.68
16580,1817,1907,62.68
3104,104,1998,65.68
3104,107,4374,143.68
3104,109,1998,65.68
3104,118,1998,65.68
3104,304,1998,65.68
3104,421,2182,71.68
3104,504,1695,55.68
3104,705,1664,54.68
3104,1601,2547,83.68
3104,1610,2182,71.68
71009,202,5104,167.68
71009,412,5104,167.68
71009,423,5104,167.68
71009,424,5104,167.68
71009,426,5104,167.68
71009,428,933,30.68
71009,998,933,30.68
71009,1106,4890,160.68
71009,1112,5285,173.68
71009,1113,4890,160.68
71009,1801,5255,172.68
71009,1804,5316,174.68
71009,1813,5043,165.68
99293,202,1025,33.68
80566,410,2425,79.68
80566,1312,1725,56.68
94863,898,1572,51.68
49965,202,811,26.68
49965,305,2821,92.68
49965,1817,2272,74.68
16878,304,1786,58.68
16878,423,1786,58.68
16878,1117,1786,58.68
16878,1210,1786,58.68
89174,102,933,30.68
89174,205,964,31.68
89174,304,1115,36.68
89174,305,1115,36.68
89174,809,964,31.68
89174,1806,4099,134.68
89174,1813,841,27.68
94462,103,2455,80.68
94462,1809,2729,89.68
83341,108,1086,35.68
83341,1119,690,22.68
83341,1898,2272,74.68
41332,708,1664,54.68
41332,712,994,32.68
97056,406,2882,94.68
97056,408,2913,95.68
97056,423,2913,95.68
59813,1812,994,32.68
50820,504,8451,277.68
90352,298,2972,97.68
90352,498,2060,67.68
90352,898,1664,54.68
90352,1198,2941,96.68
90352,1801,2941,96.68
672,410,964,31.68
672,411,964,31.68
672,412,2425,79.68
672,428,2090,68.68
672,712,3033,99.68
672,1111,1572,51.68
48718,1105,2121,69.68
59032,304,1817,59.68
20065,798,1756,57.68
20065,1112,1055,34.68
20065,1605,1786,58.68
20065,1619,4343,142.68
20065,1627,1725,56.68
22844,1637,1695,55.68
22844,1705,1664,54.68
14433,1312,1664,54.68
14433,1617,1603,52.68
14433,1622,1603,52.68
11999,304,1207,39.68
11999,307,1207,39.68
28973,498,1725,56.68
84669,1815,1055,34.68
29280,202,2852,93.68
29280,1817,1238,40.68
80357,304,933,30.68
38598,202,933,30.68
38598,305,1572,51.68
38598,306,1572,51.68
38598,313,5743,188.68
38598,407,933,30.68
38598,426,1055,34.68
38598,428,1146,37.68
38598,809,4982,163.68
38598,1112,902,29.68
38598,1118,902,29.68
38598,1615,2821,92.68
38598,1998,1998,65.68
45066,1198,4008,131.68
45066,914,994,32.68
45066,916,994,32.68
45066,1117,3977,130.68
45066,1817,1695,55.68
73394,708,1025,33.68
73394,1813,2547,83.68
30512,1812,1968,64.68
84486,1605,841,27.68
15897,415,2060,67.68
15897,1801,2029,66.68
35026,104,1115,36.68
35026,202,964,31.68
35026,205,1299,42.68
35026,305,1299,42.68
35026,306,1299,42.68
35026,407,933,30.68
35026,424,933,30.68
35026,426,1299,42.68
35026,607,1695,55.68
35026,1215,3429,112.68
35026,1311,2182,71.68
29516,1198,1086,35.68
29516,1298,1086,35.68
29516,398,2821,92.68
29516,612,2821,92.68
29516,798,6473,212.68
29516,809,2821,92.68
29516,1198,1086,35.68
29516,1205,994,32.68
29516,1212,1086,35.68
29516,1215,1725,56.68
29516,1816,2760,90.68
7079,304,1391,45.68
36710,398,2272,74.68
36710,1801,2607,85.68
13566,102,1146,37.68
13566,413,1146,37.68
13566,426,5347,175.68
13566,610,1146,37.68
13566,1106,1299,42.68
13566,1110,2972,97.68
13566,1113,1146,37.68
88283,198,1664,54.68
88283,1898,2302,75.68
69627,1004,2394,78.68
69627,1605,1937,63.68
69627,1617,2302,75.68
91569,1627,902,29.68
79542,1198,1786,58.68
79542,713,1786,58.68
79542,1117,1786,58.68
79542,1801,2121,69.68
79542,1805,2121,69.68
51037,405,994,32.68
51037,498,1664,54.68
51037,1116,2516,82.68
51037,1312,1725,56.68
51037,1809,2699,88.68
94928,405,4252,139.68
94928,407,933,30.68
94928,408,4252,139.68
94928,412,4221,138.68
94928,414,872,28.68
94928,423,4252,139.68
94928,424,4252,139.68
94928,712,4221,138.68
94928,719,4252,139.68
94928,1112,933,30.68
94928,1113,933,30.68
94928,1628,3521,115.68
94928,1710,872,28.68
94928,1801,3886,127.68
94928,1803,3886,127.68
94928,1805,4190,137.68
94928,1817,4190,137.68
59440,207,1086,35.68
59440,608,1086,35.68
59440,714,1055,34.68
57181,303,1876,61.68
57181,423,1421,46.68
96506,304,721,23.68
96506,910,2182,71.68
96506,1627,3156,103.68
96506,1803,3247,106.68
67939,304,994,32.68
67939,1801,2090,68.68
43912,809,1360,44.68
43912,1609,3398,111.68
43912,1617,3398,111.68
43912,1622,3398,111.68
43912,1634,3398,111.68
43912,1801,1452,47.68
93847,1802,1055,34.68
93847,1812,841,27.68
72402,304,1480,48.68
72402,307,1480,48.68
72402,423,1330,43.68
41587,305,1786,58.68
41587,428,1817,59.68
41587,498,2182,71.68
38441,203,1360,44.68
38441,411,1603,52.68
38441,804,1360,44.68
38441,1617,1421,46.68
38441,1801,1603,52.68
28038,104,1572,51.68
28038,198,1572,51.68
28038,205,1360,44.68
28038,305,1756,57.68
28038,715,2121,69.68
28038,1817,1664,54.68
82236,304,4951,162.68
82236,1617,12256,402.68
74938,304,933,30.68
74938,423,1421,46.68
74938,1817,994,32.68
54370,405,3916,128.68
54370,1113,3186,104.68
30097,304,2182,71.68
30097,1113,1603,52.68
48014,108,2363,77.68
48014,202,2121,69.68
48014,298,2090,68.68
48014,432,1055,34.68
48014,1312,3217,105.68
48014,1617,2425,79.68
48014,1701,1177,38.68
96131,1617,933,30.68
14151,1110,3947,129.68
38189,305,1452,47.68
39977,202,3337,109.68
39977,304,1268,41.68
39977,1112,3671,120.68
39977,1609,3855,126.68
39977,1622,3855,126.68
39977,1634,3855,126.68
39977,1801,1725,56.68
76254,108,1360,44.68
76254,916,1633,53.68
76254,1198,1603,52.68
76254,1617,1786,58.68
76254,1705,1572,51.68
83927,1114,1146,37.68
83927,1804,1207,39.68
60906,1705,1360,44.68
60906,1812,1937,63.68
50514,804,2029,66.68
50514,1610,2151,70.68
57294,304,1115,36.68
57294,306,1115,36.68
57294,504,2668,87.68
57294,708,1146,37.68
57294,1110,2913,95.68
57294,1112,2913,95.68
57294,1614,4313,141.68
57294,1812,1207,39.68
57294,1817,4586,150.68
76712,304,964,31.68
102917,304,4798,157.68
102917,305,1115,36.68
102917,306,4798,157.68
102917,307,4798,157.68
102917,916,3337,109.68
102917,1204,4068,133.68
102917,1623,2972,97.68
61020,1619,4190,137.68
53013,101,1876,61.68
53013,102,1876,61.68
53013,202,2972,97.68
53013,1105,2090,68.68
53013,1204,1115,36.68
79664,406,933,30.68
79664,1616,1391,45.68
79664,1622,1452,47.68
79664,1634,1391,45.68
23213,108,2455,80.68
23213,410,1177,38.68
23213,411,1177,38.68
23213,1637,2913,95.68
23213,1805,1086,35.68
49705,1112,1756,57.68
30133,305,2060,67.68
30133,408,841,27.68
30133,708,1025,33.68
87646,305,1025,33.68
87646,1622,1115,36.68
2825,108,994,32.68
2825,203,1086,35.68
2825,423,933,30.68
47043,1105,1725,56.68
81239,198,2121,69.68
81239,304,1146,37.68
81239,305,2121,69.68
81239,306,2121,69.68
91253,713,1177,38.68
91253,1617,1086,35.68
88094,306,1238,40.68
88094,1109,1603,52.68
27168,1617,3824,125.68
27168,1701,2729,89.68
31737,202,1025,33.68
31737,411,1330,43.68
31737,1622,1086,35.68
37132,1816,2455,80.68
43725,1609,1238,40.68
95034,1798,902,29.68
99707,1701,1177,38.68
76801,603,3247,106.68
76801,1801,1695,55.68
41243,405,933,30.68
22892,1598,1360,44.68
22892,1113,1055,34.68
22892,1601,3886,127.68
22892,1603,3886,127.68
22892,1605,5132,168.68
22892,1616,2090,68.68
22892,1627,3886,127.68
85489,1898,902,29.68
67468,304,964,31.68
67468,408,3947,129.68
67468,423,4433,145.68
2441,1215,1603,52.68
2441,1619,1025,33.68
6627,305,1452,47.68
6627,423,2821,92.68
6627,1801,2090,68.68
6627,1816,2791,91.68
88085,404,1360,44.68
88085,406,1360,44.68
88085,708,3064,100.68
88085,713,3064,100.68
63432,104,1633,53.68
63432,202,2668,87.68
63432,423,2090,68.68
93361,305,9030,296.68
93361,306,9000,295.68
93361,504,5012,164.68
93361,805,4951,162.68
93361,1298,2882,94.68
75913,415,1238,40.68
49423,102,1511,49.68
49944,414,1421,46.68
49944,1627,1391,45.68
98003,305,1025,33.68
98003,307,780,25.68
98003,311,4617,151.68
98003,412,3551,116.68
98003,428,2090,68.68
98003,712,3551,116.68
98003,1117,2821,92.68
98003,1407,4647,152.68
98003,1701,1572,51.68
85204,304,964,31.68
85204,398,964,31.68
85204,504,5073,166.68
85204,598,5894,193.68
65509,198,1391,45.68
65509,598,1391,45.68
65509,1704,2302,75.68
82146,426,1146,37.68
82146,504,933,30.68
82146,1609,3521,115.68
98136,707,4374,143.68
98136,798,1968,64.68
98136,1801,3916,128.68
11903,108,2090,68.68
26542,715,1968,64.68
26542,998,1968,64.68
26542,1298,4647,152.68
26542,1604,3064,100.68
26542,1698,1968,64.68
76651,398,5469,179.68
76651,198,2029,66.68
76651,310,5408,177.68
76651,1312,1907,62.68
48002,410,2333,76.68
53438,304,1817,59.68
53438,306,1817,59.68
53438,713,2729,89.68
53438,1605,1633,53.68
53438,1701,2151,70.68
53438,1817,1817,59.68
15393,410,2333,76.68
15393,1605,2455,80.68
15393,1801,1360,44.68
20239,102,1330,43.68
54109,498,4343,142.68
54109,498,4343,142.68
54109,1113,964,31.68
69522,1801,2182,71.68
8600,304,1115,36.68
8600,306,1907,62.68
8600,415,1238,40.68
8600,705,1025,33.68
8600,1605,2547,83.68
8600,1801,1603,52.68
4930,198,2791,91.68
4930,1312,3125,102.68
43806,1805,1452,47.68
43806,1898,1452,47.68
12501,412,2607,85.68
12501,426,2607,85.68
12501,1105,2607,85.68
12501,1198,2607,85.68
76229,1017,2333,76.68
76229,1640,2210,72.68
21051,108,1086,35.68
21051,406,902,29.68
21051,411,2425,79.68
21051,415,1664,54.68
21051,498,5774,189.68
21051,1113,1330,43.68
21051,1801,1146,37.68
100496,1617,660,21.68
100496,1698,629,20.68
85655,406,2455,80.68
85655,698,4282,140.68
85655,1813,3064,100.68
85655,1815,3490,114.68
59357,1198,1207,39.68
71317,426,1786,58.68
71317,708,994,32.68
96799,424,780,25.68
34119,298,2121,69.68
34119,304,1299,42.68
72809,605,1055,34.68
72809,705,3186,104.68
72809,708,3217,105.68
72809,1701,1055,34.68
72809,1703,2729,89.68
72809,1704,3064,100.68
103075,305,1360,44.68
76775,203,872,28.68
76775,305,3671,120.68
76775,306,3671,120.68
76775,307,3064,100.68
76775,432,872,28.68
76775,916,933,30.68
76775,1112,872,28.68
76775,1601,1968,64.68
76775,1627,1968,64.68
76775,1803,3247,106.68
76775,1811,2852,93.68
76775,1816,2486,81.68
76775,1898,3671,120.68
50618,610,4374,143.68
91518,432,1146,37.68
91518,705,1633,53.68
91518,713,1025,33.68
91518,1627,994,32.68
65982,504,1391,45.68
65982,519,1391,45.68
65982,1627,5043,165.68
65982,1809,3551,116.68
68123,104,1937,63.68
68123,206,1603,52.68
68123,426,1937,63.68
68123,712,1937,63.68
86654,1898,902,29.68
47106,504,3278,107.68
25774,198,2882,94.68
25774,202,1146,37.68
25774,298,1146,37.68
25774,1898,2394,78.68
51365,304,3186,104.68
51365,305,3186,104.68
51365,1113,2760,90.68
51365,1812,1572,51.68
15822,809,933,30.68
11246,108,4464,146.68
11246,304,2182,71.68
11246,1113,1572,51.68
11246,1709,5255,172.68
29526,1701,3306,108.68
56983,428,1937,63.68
56983,610,1572,51.68
56983,707,1572,51.68
56983,712,1391,45.68
56983,1215,3855,126.68
56983,1706,3278,107.68
46827,202,872,28.68
46827,404,841,27.68
46827,1609,2607,85.68
64335,1637,2151,70.68
100490,1801,568,18.68
103122,1617,507,16.68
43164,1634,1299,42.68
43164,1637,1299,42.68
32288,898,3094,101.68
30312,202,4798,157.68
30312,407,4798,157.68
30312,510,5529,181.68
30312,1198,2241,73.68
30312,1205,1146,37.68
30312,1305,1876,61.68
30312,1704,3612,118.68
30312,1817,6685,219.68
56764,108,1876,61.68
56764,1617,902,29.68
81852,304,1146,37.68
81852,1622,1146,37.68
81852,1634,1146,37.68
79245,915,841,27.68
49183,713,1725,56.68
20122,102,1146,37.68
20122,103,1086,35.68
84112,428,902,29.68
84112,1617,1937,63.68
43802,1805,2425,79.68
89898,107,1146,37.68
89898,916,4647,152.68
89898,1105,4433,145.68
89898,1407,841,27.68
89898,1801,2852,93.68
60086,407,1725,56.68
60086,1215,1845,60.68
52945,1016,2182,71.68
52945,1817,1603,52.68
14554,1301,1025,33.68
14554,304,5469,179.68
14554,708,1268,41.68
14554,1113,2547,83.68
14554,1310,1025,33.68
14554,1803,3643,119.68
12446,1113,1391,45.68
4317,205,2241,73.68
4317,410,2029,66.68
4317,504,1786,58.68
4317,612,2638,86.68
4317,1117,5621,184.68
4317,1805,2821,92.68
8189,426,3521,115.68
8189,1113,2029,66.68
8189,1703,2455,80.68
8189,1801,1299,42.68
20645,1117,933,30.68
24524,108,902,29.68
83099,1619,964,31.68
83099,1810,1146,37.68
32600,432,1937,63.68
32600,915,1421,46.68
32600,1637,1998,65.68
32600,1701,1786,58.68
75823,198,1542,50.68
75823,205,1633,53.68
75823,304,1695,55.68
75823,411,3855,126.68
75823,432,3551,116.68
75823,1005,1421,46.68
75823,1011,1421,46.68
75823,1113,1786,58.68
75823,1634,5743,188.68
75823,1637,4282,140.68
75823,1801,1725,56.68
75823,1802,5224,171.68
75823,1817,5194,170.68
9642,426,872,28.68
9642,1817,2576,84.68
72295,605,2394,78.68
72295,1709,1268,41.68
98511,1617,629,20.68
98511,1698,721,23.68
98511,1898,749,24.68
60266,1630,3702,121.68
31348,304,902,29.68
89713,198,2882,94.68
89713,203,4343,142.68
89713,304,2882,94.68
89713,305,2151,70.68
89713,705,1603,52.68
50395,202,3643,119.68
50395,405,933,30.68
50395,1801,1511,49.68
97814,424,690,22.68
98027,102,2090,68.68
98027,118,2121,69.68
98027,203,2852,93.68
98027,304,1480,48.68
98027,305,749,24.68
69063,405,872,28.68
69063,423,872,28.68
69063,426,872,28.68
19908,311,1115,36.68
19908,1609,1299,42.68
19908,1622,1268,41.68
12661,202,1086,35.68
12661,405,1086,35.68
12661,423,1086,35.68
12661,426,1086,35.68
12661,504,2241,73.68
12661,1801,1998,65.68
87552,102,1421,46.68
87552,304,1177,38.68
87552,406,1177,38.68
82007,398,1511,49.68
82007,423,1452,47.68
82007,713,1238,40.68
82007,1816,1115,36.68
40528,712,2941,96.68
40528,1898,1695,55.68
91536,203,1360,44.68
91536,412,3763,123.68
91536,423,3794,124.68
91536,428,2425,79.68
91536,432,3094,101.68
91536,1106,2821,92.68
91536,1111,1633,53.68
91536,1112,1055,34.68
91536,1113,2760,90.68
91536,1210,1421,46.68
91536,1703,1391,45.68
45418,111,3733,122.68
45418,428,3671,120.68
45418,906,1542,50.68
45418,1113,1542,50.68
45418,1626,1572,51.68
45418,1710,2638,86.68
45418,1810,4402,144.68
45418,1812,3521,115.68
45418,1817,3643,119.68
88942,305,1055,34.68
88942,307,1055,34.68
88942,428,872,28.68
12521,504,933,30.68
12521,519,933,30.68
12521,1112,1025,33.68
12521,1801,2302,75.68
90918,1701,2060,67.68
48538,108,2882,94.68
48538,411,3490,114.68
48538,423,4252,139.68
48538,705,4160,136.68
48538,1617,1845,60.68
48538,1817,1756,57.68
89728,304,964,31.68
89728,306,964,31.68
89728,498,964,31.68
89728,705,1086,35.68
89728,898,872,28.68
89728,911,933,30.68
89728,1305,872,28.68
58636,415,902,29.68
58636,428,902,29.68
58636,1809,1330,43.68
2511,202,964,31.68
2511,304,780,25.68
2511,426,933,30.68
2511,914,2913,95.68
2511,916,994,32.68
2511,1113,2060,67.68
2511,1802,2333,76.68
1578,506,4464,146.68
1578,116,1511,49.68
1578,205,1360,44.68
1578,304,3186,104.68
1578,404,2852,93.68
1578,405,2852,93.68
1578,423,2882,94.68
1578,426,2882,94.68
1578,498,2090,68.68
1578,1113,1572,51.68
1578,1801,3003,98.68
1578,1811,2151,70.68
1578,1813,3916,128.68
55925,304,2699,88.68
55925,306,2394,78.68
55925,713,2151,70.68
55925,1105,1937,63.68
55925,1622,4160,136.68
55925,1710,2302,75.68
55925,1809,2029,66.68
55925,1898,1937,63.68
90542,1798,902,29.68
90684,305,1360,44.68
90684,1640,1421,46.68
58638,498,5894,193.68
37002,304,3702,121.68
37002,305,2241,73.68
37002,916,3886,127.68
37002,1617,4890,160.68
35841,1898,1786,58.68
71644,304,1055,34.68
71644,305,2425,79.68
71644,311,3582,117.68
71644,1801,994,32.68
8072,1306,994,32.68
8072,1601,2241,73.68
60486,1801,1572,51.68
60486,1813,1452,47.68
40373,1617,2576,84.68
31833,708,1968,64.68
31833,1898,1725,56.68
79090,432,1695,55.68
79090,1817,2121,69.68
37329,1105,964,31.68
32321,102,1391,45.68
32321,304,2972,97.68
32321,307,2972,97.68
32412,1898,1207,39.68
84314,108,902,29.68
84314,1698,841,27.68
84314,1701,902,29.68
79669,411,1817,59.68
79669,1110,3429,112.68
79669,1312,1330,43.68
79669,1617,3612,118.68
79669,1698,994,32.68
85685,1617,933,30.68
39781,1605,1360,44.68
39781,1617,1480,48.68
39781,1817,1025,33.68
39781,1898,872,28.68
57616,1622,1391,45.68
25943,107,3886,127.68
25943,108,3886,127.68
25943,407,1572,51.68
25943,426,1572,51.68
25943,428,3306,108.68
25943,1617,3916,128.68
25943,1630,3947,129.68
25943,1817,1572,51.68
36729,205,1055,34.68
36729,206,2486,81.68
36729,306,3337,109.68
36729,1105,1725,56.68
36729,1113,1725,56.68
36729,1801,2729,89.68
71770,306,1480,48.68
71770,307,1480,48.68
71770,427,1480,48.68
71770,1215,1756,57.68
5730,202,1968,64.68
5730,1112,1845,60.68
5730,1601,1511,49.68
5730,1627,1511,49.68
5730,1898,1421,46.68
47103,306,1207,39.68
47103,1701,4068,133.68
47103,1817,1664,54.68
90278,415,1664,54.68
27177,423,3643,119.68
27177,1630,3886,127.68
93835,406,964,31.68
42124,405,1086,35.68
42124,414,1086,35.68
42124,426,1146,37.68
42124,429,1146,37.68
42124,1106,1115,36.68
42124,1110,1115,36.68
42124,1113,1115,36.68
42124,1616,3886,127.68
42124,1637,3947,129.68
83006,306,3977,130.68
83006,414,2060,67.68
83006,432,1207,39.68
83006,798,1786,58.68
83006,1113,1055,34.68
83006,1812,2882,94.68
83006,1898,3855,126.68
61596,202,4313,141.68
61596,298,3855,126.68
61596,304,2455,80.68
61596,307,1664,54.68
61596,405,3612,118.68
61596,406,2394,78.68
61596,414,1299,42.68
61596,1106,2151,70.68
61596,1113,1664,54.68
38910,719,1633,53.68
307,304,4068,133.68
307,305,4068,133.68
307,809,3217,105.68
307,914,2729,89.68
4154,1105,4678,153.68
43755,998,3916,128.68
43755,102,1055,34.68
43755,1609,4617,151.68
43755,1812,4252,139.68
31096,498,964,31.68
10707,306,2791,91.68
10707,1817,1238,40.68
10707,1898,2791,91.68
81550,102,1480,48.68
81550,304,994,32.68
81550,423,1330,43.68
81550,426,1330,43.68
81550,428,2182,71.68
81550,1117,6930,227.68
81550,1701,1360,44.68
81550,1801,1452,47.68
14227,307,1025,33.68
14227,610,1572,51.68
14227,705,1025,33.68
14227,1198,1542,50.68
14227,1801,3855,126.68
48532,108,1725,56.68
48532,1617,1876,61.68
73916,306,1330,43.68
1650,304,1572,51.68
1650,305,1572,51.68
1650,1619,2241,73.68
14528,1817,4252,139.68
10799,305,1115,36.68
10799,309,3977,130.68
10799,426,2182,71.68
10799,907,2121,69.68
10799,914,2121,69.68
10799,1813,4586,150.68
88971,1617,964,31.68
31551,914,1876,61.68
91203,1614,2210,72.68
91203,1616,1756,57.68
41558,304,1756,57.68
41558,713,3521,115.68
41558,1198,1025,33.68
41558,1605,3551,116.68
58629,304,1268,41.68
58629,305,1725,56.68
58629,306,1725,56.68
58629,705,1207,39.68
58629,914,1086,35.68
58629,915,2882,94.68
58629,1105,2060,67.68
58629,1312,2486,81.68
36587,713,3521,115.68
36587,798,2394,78.68
36587,1106,1480,48.68
36587,1117,3156,103.68
36587,1215,1480,48.68
36587,1710,1330,43.68
36587,1803,1480,48.68
85023,1801,1725,56.68
85023,1817,1603,52.68
29702,411,2972,97.68
29702,426,4433,145.68
29702,598,1876,61.68
29702,710,2972,97.68
29702,803,1876,61.68
29702,1106,872,28.68
29702,1407,872,28.68
63444,411,1299,42.68
42564,304,1360,44.68
66961,1610,902,29.68
17093,104,2182,71.68
17093,109,2182,71.68
17093,426,2729,89.68
17093,705,3916,128.68
17093,1106,3217,105.68
17093,1112,2182,71.68
17093,1113,2182,71.68
17093,1312,3794,124.68
57728,1817,1480,48.68
97642,1701,660,21.68
8049,305,1268,41.68
8049,498,1268,41.68
8049,898,933,30.68
8049,1216,1177,38.68
8049,1619,5986,196.68
34479,430,3582,117.68
34479,432,902,29.68
34479,1113,902,29.68
34479,1801,2363,77.68
34479,1812,2121,69.68
34479,1817,1725,56.68
46461,1298,2547,83.68
46461,304,1664,54.68
46461,307,1664,54.68
46461,1215,2547,83.68
71084,1105,3125,102.68
71084,1110,3125,102.68
71084,1609,1268,41.68
71084,1617,3916,128.68
71084,1634,5438,178.68
71084,1637,5438,178.68
71084,1817,5377,176.68
98527,305,2882,94.68
98527,313,2882,94.68
98527,914,749,24.68
70301,304,1542,50.68
70301,305,1542,50.68
70301,504,2455,80.68
70301,598,3125,102.68
70301,602,3186,104.68
70301,1801,4739,155.68
7316,426,1756,57.68
7316,1304,1937,63.68
7316,1605,2729,89.68
7316,1637,2729,89.68
7316,1803,2668,87.68
7316,1817,1786,58.68
6526,713,1207,39.68
20017,1605,902,29.68
91056,1813,1817,59.68
966,202,5073,166.68
966,304,507,16.68
966,306,507,16.68
966,715,5073,166.68
966,908,749,24.68
966,1017,5590,183.68
966,1617,5621,184.68
966,1701,4252,139.68
966,1812,4525,148.68
44665,1301,5316,174.68
44665,102,994,32.68
44665,205,994,32.68
44665,305,1299,42.68
44665,306,1664,54.68
44665,426,5316,174.68
44665,1106,994,32.68
44665,1113,3916,128.68
44665,1312,4586,150.68
10474,1812,964,31.68
64059,423,1177,38.68
64059,1605,1268,41.68
63182,198,2241,73.68
63182,1616,3398,111.68
12337,1609,2241,73.68
12337,1898,1633,53.68
92129,304,811,26.68
92129,1619,1055,34.68
20271,112,1876,61.68
20271,405,1937,63.68
60021,202,1299,42.68
60021,298,1299,42.68
60021,1611,1299,42.68
60021,1698,1299,42.68
12202,304,994,32.68
12202,1619,1937,63.68
6418,1601,1937,63.68
82170,1617,1603,52.68
82170,1805,1664,54.68
51036,1701,964,31.68
32705,1705,2182,71.68
32705,1811,2516,82.68
6303,304,1360,44.68
6303,504,2972,97.68
6303,1630,3033,99.68
76138,1113,1360,44.68
76138,1604,3521,115.68
76138,1817,1025,33.68
71758,203,1146,37.68
71758,1627,902,29.68
34195,108,1391,45.68
34195,198,1391,45.68
34195,1817,1421,46.68
100117,1804,1238,40.68
20309,202,1452,47.68
20309,406,1238,40.68
20309,412,2090,68.68
20309,426,1968,64.68
87664,202,2729,89.68
87664,304,1998,65.68
87664,1701,3886,127.68
74708,713,964,31.68
74708,1705,1876,61.68
20997,705,994,32.68
20997,708,964,31.68
20997,1634,2241,73.68
88550,202,2699,88.68
88550,423,1603,52.68
88550,1801,1845,60.68
98225,915,1360,44.68
98225,1610,1360,44.68
76633,202,4282,140.68
76633,298,4282,140.68
76633,304,1695,55.68
76633,305,1695,55.68
76633,407,1330,43.68
76633,426,1330,43.68
76633,498,3337,109.68
76633,809,3337,109.68
76633,1801,1786,58.68
46491,108,1633,53.68
46491,202,902,29.68
46491,709,1725,56.68
46491,712,1725,56.68
46491,1622,1695,55.68
46491,1703,1330,43.68
75196,203,1725,56.68
75196,1109,5194,170.68
75196,1113,2547,83.68
83407,304,1330,43.68
83407,307,1330,43.68
83407,1113,1756,57.68
103185,432,994,32.68
103185,705,507,16.68
103185,1627,964,31.68
41875,1111,2241,73.68
41875,1812,4678,153.68
36877,306,1572,51.68
36877,426,1452,47.68
3373,505,4037,132.68
3373,120,1876,61.68
83016,304,1177,38.68
85651,109,1146,37.68
85651,498,3643,119.68
85651,713,3306,108.68
85651,714,1756,57.68
7831,407,2121,69.68
7831,426,2121,69.68
5392,1701,1480,48.68
5392,1801,933,30.68
35621,304,4739,155.68
35621,1305,2182,71.68
35621,1617,2090,68.68
35621,1627,2729,89.68
35621,1798,1786,58.68
96524,304,780,25.68
96524,311,1391,45.68
96524,1014,1817,59.68
73124,1801,1633,53.68
73124,1805,3094,101.68
51802,1110,1695,55.68
51802,1113,2121,69.68
51802,1617,1177,38.68
46115,305,2060,67.68
46115,610,5743,188.68
46115,698,5743,188.68
46115,1113,2913,95.68
46115,1208,994,32.68
46115,1705,4617,151.68
46115,1801,4678,153.68
72251,1110,1268,41.68
72251,1810,1268,41.68
39846,1015,1603,52.68
99566,102,2425,79.68
99566,115,2425,79.68
99566,406,2121,69.68
99566,407,1238,40.68
99566,412,1238,40.68
99566,423,1238,40.68
99566,712,1238,40.68
99566,719,1238,40.68
22037,1801,1268,41.68
57843,1801,1756,57.68
57843,1804,1756,57.68
10296,706,2210,72.68
10296,707,2547,83.68
10296,1801,1756,57.68
10296,1813,1937,63.68
15435,1634,2729,89.68
15290,201,1115,36.68
15290,809,2760,90.68
15290,1198,1086,35.68
98393,1805,933,30.68
84779,108,1055,34.68
84779,1619,902,29.68
96342,102,749,24.68
96342,1801,3186,104.68
96342,1817,2760,90.68
96342,1898,3886,127.68
73112,203,1299,42.68
73112,305,2182,71.68
12785,305,1511,49.68
12785,313,1876,61.68
12785,1622,2241,73.68
81081,102,872,28.68
81081,304,1268,41.68
89923,1798,933,30.68
89923,1817,1360,44.68
24857,404,1115,36.68
24857,412,1603,52.68
24857,1605,2121,69.68
88345,102,1299,42.68
88345,201,1299,42.68
88345,305,3094,101.68
88345,1014,3125,102.68
88345,1118,1603,52.68
88345,1305,1025,33.68
83393,713,994,32.68
24626,1113,872,28.68
24626,1304,1968,64.68
24626,1813,1268,41.68
59908,1637,4008,131.68
59908,1801,1452,47.68
59908,1816,2060,67.68
59908,1817,2394,78.68
14856,914,2882,94.68
14856,1119,1968,64.68
38507,198,2913,95.68
38507,1113,872,28.68
38507,1801,1725,56.68
38507,1812,2363,77.68
38507,1813,1360,44.68
38507,1817,1756,57.68
58327,914,2394,78.68
58327,916,2394,78.68
58327,1801,4282,140.68
58959,708,2638,86.68
58959,1113,1572,51.68
52915,426,2151,70.68
52915,705,1086,35.68
52915,708,1146,37.68
52915,916,933,30.68
52915,1017,5408,177.68
52915,1215,2576,84.68
52915,1312,902,29.68
93791,1304,1268,41.68
59808,426,4282,140.68
59808,1106,1086,35.68
59808,1809,4525,148.68
51636,412,2972,97.68
88018,202,4647,152.68
88018,205,1603,52.68
88018,206,3977,130.68
88018,405,3278,107.68
88018,407,2913,95.68
88018,426,3306,108.68
88018,428,1725,56.68
88018,705,902,29.68
88018,712,3612,118.68
88018,915,3459,113.68
88018,1312,3947,129.68
88018,1609,2852,93.68
88018,1801,2547,83.68
17367,916,872,28.68
17367,1113,872,28.68
17367,1305,872,28.68
11826,202,1511,49.68
11826,426,1511,49.68
79242,108,964,31.68
79242,202,994,32.68
79242,304,1146,37.68
79242,405,2791,91.68
79242,713,3125,102.68
79242,1304,1695,55.68
79242,1617,3612,118.68
79242,1802,3521,115.68
3417,306,4739,155.68
3417,1105,1115,36.68
3417,1610,2060,67.68
3417,1698,4433,145.68
3417,1701,2760,90.68
3417,1898,1115,36.68
3121,304,902,29.68
3121,306,2576,84.68
3121,414,1572,51.68
3121,428,1238,40.68
3121,504,1817,59.68
3121,612,1725,56.68
3121,809,2210,72.68
3121,1312,2882,94.68
3121,1816,5743,188.68
39491,412,2821,92.68
39491,426,2821,92.68
39491,608,1115,36.68
39491,1211,1115,36.68
46957,1619,3125,102.68
29455,304,2090,68.68
29455,1801,2852,93.68
29455,1810,3337,109.68
29455,1898,2455,80.68
89162,102,872,28.68
89162,1601,1998,65.68
89162,1627,1998,65.68
52365,107,5498,180.68
52365,426,5377,176.68
52365,504,2333,76.68
52365,1634,4617,151.68
52365,1801,2668,87.68
2063,306,2913,95.68
2063,1113,1725,56.68
2063,1119,1695,55.68
2063,1617,2882,94.68
89372,198,1695,55.68
89372,303,2333,76.68
89372,398,2333,76.68
89372,198,1695,55.68
89372,313,2333,76.68
89372,405,1572,51.68
89372,407,1603,52.68
89372,1617,2272,74.68
89372,1701,841,27.68
12758,305,2151,70.68
12758,809,1207,39.68
12758,1117,3977,130.68
4024,108,2060,67.68
4024,305,902,29.68
4024,311,1998,65.68
4024,408,1998,65.68
4024,798,1025,33.68
4024,1198,964,31.68
4024,1298,964,31.68
4024,1634,2121,69.68
91849,198,811,26.68
91849,1304,1238,40.68
33783,202,964,31.68
33783,304,1330,43.68
33783,404,964,31.68
33783,406,964,31.68
33783,423,964,31.68
98862,1619,1207,39.68
98862,1637,1207,39.68
99462,1617,811,26.68
6530,205,1115,36.68
6530,304,2576,84.68
6530,307,2576,84.68
6530,410,5012,164.68
6530,414,1115,36.68
6530,415,2972,97.68
6530,421,2121,69.68
6530,424,1937,63.68
6530,426,4313,141.68
6530,705,841,27.68
6530,712,1115,36.68
6530,1110,3855,126.68
6530,1113,1238,40.68
6530,1312,2852,93.68
6530,1634,5743,188.68
6530,1817,4647,152.68